1595530
1395531
1350559
1515536
1395616
1515530
1521224
1595535
1385536
1517853
1580553
1521225
1592231
1390553
1517854
1525538
1525534
1505648
1380553
1585553
1521226
1386635
1515535
1525531
1520553
1395538
1385530
1595539
1351491
1517857
1525535
1396519
1505534
1517850
1396603
1395621
1500553
1595538
1525532
1515538
1385531
1395537
1525536
1396602
1505646
1370553
1590553
1396600
1510553
1395536
1351553
1521229
1595537
1515537
1390963
1505576
1395535
1395619
1515630
1517852
1350052
1525530
1595532
1517859
1505647
1521220
1521221
1521222
1505532
1505578
1386636
1385533
1515539
1505577
1350553
1385538
1386639
1521228
1592230
1585599
1395620
1515631
1517858
1595531
1505531
1396518
1505579
1521227
1395617
1517856
1386637
1595534
1515533
1585598
1505533
1505645
1386638
1386553
1521223
1395618
1515532
1396517
1505530
1515632
1360559
1517851
1595533
1385534
1515534
1363713
1585597
1395533
1505575
1369553
1395615
1515531
1395530
1517855
1385535
1585596
1395534
1525537
1395539
1395532
1396601
1525533
