1566553
1555635
1309553
1555125
1565532
1309549
1327553
1555124
1860553
1555534
1555537
1555634
1565533
1322553
1555122
1555536
1565539
1303303
1565530
1860569
1555538
1555535
1569553
1565538
1321553
1555123
1306326
1550553
1555532
1560963
1309363
1315530
1306336
1555539
1565531
1328553
1555533
1565537
1560553
1308326
1555120
1309344
1567553
1860963
1300406
1565534
1303504
1555121
1555530
1565536
1300304
1315534
1308303
1320553
1308553
1329553
1303304
1305316
1313553
1555127
1555531
1315533
1305326
1308321
1300404
1555126
1309364
1565535
1300405
1300303
1315531
1315532
