1385096
1525999
1385948
1510504
1508053
1350954
1589216
1396061
1525998
1508052
1515999
1386006
1515998
1595991
1379910
1396065
1595993
1515949
1351508
1395069
1396060
1528053
1395065
1510503
1385097
1396066
1350953
1585995
1505996
1515992
1395068
1395064
1525995
1515995
1385947
1386000
1585994
1515946
1505999
1359930
1386009
1585991
1385945
1515993
1525996
1395067
1585993
1395063
1385946
1515947
1380959
1595976
1586095
1510502
1515994
1508054
1385095
1396067
1510500
1585992
1505998
1510508
1585999
1510509
1396068
1386007
1350950
1525994
1385094
1515997
1596098
1515996
1385098
1515990
1528050
1385930
1595974
1396069
1350951
1525993
1510501
1585998
1586098
1385093
1510507
1386005
1359931
1515945
1585990
1515991
1589217
1350952
1596097
1525991
1379913
1385090
1386002
1528052
1510506
1395061
1586096
1508051
1505995
1380958
1589218
1585997
1586099
1585996
1390509
1525992
1528051
1379912
1385091
1589219
1596099
1386001
1396063
1589215
1396062
1508050
1525997
1351509
1525990
1396064
1595977
1595994
1385949
1510505
1379911
1515948
1595990
1595975
1370601
1528054
1395062
1390599
1395066
1379914
1505997
1595992
1586097
