1325188
1552697
1566238
1324448
1564383
1306925
1559073
1303905
1327831
1327859
1301914
1554384
1320864
1566258
1554333
1550608
1554382
1308009
1566253
1554330
1315971
1320438
1554388
1327830
1310438
1315958
1559072
1325178
1560438
1566264
1329883
1554389
1554306
1314438
1306926
1554386
1554383
1327858
1564388
1566250
1566261
1313438
1554335
1306906
1860438
1315967
1320861
1552699
1325251
1308925
1559071
1566281
1566260
1327438
1554339
1324428
1324438
1566251
1864308
1320860
1550610
1308008
1314767
1314768
1569438
1322438
1554336
1554332
1566270
1550607
1554337
1559074
1321438
1566263
1559070
1320863
1554308
1314769
1564385
1329438
1324449
1320862
1566271
1564380
1566262
1550606
1564384
1554381
1300905
1554329
1322448
1554385
1554326
1554334
1329882
1864309
1564381
1315438
1564387
1550609
1554348
1324429
1566255
1554380
1325179
1325250
1566239
1554338
1566256
1552698
1564382
1550604
1306905
1323438
1303935
1564386
1554387
1308926
1566257
1327832
1554307
1554331
1312578
1314772
1308935
1308007
1566252
1566259
1566254
1569953
