1513431
1594380
1384382
1594887
1513438
1389411
1363031
1524307
1375674
1389495
1516444
1513430
1380438
1389499
1584380
1594388
1384381
1516449
1504383
1389410
1584480
1524304
1363034
1359693
1590438
1513439
1384387
1594882
1363032
1389492
1374388
1584384
1363035
1514388
1389418
1594488
1583489
1394384
1594382
1359692
1384386
1580438
1583484
1359699
1389419
1524300
1594481
1389493
1584481
1514380
1374389
1524301
1598140
1524306
1598149
1594387
1504389
1375672
1584489
1369438
1594487
1375675
1359690
1359691
1513433
1384389
1516445
1516448
1394381
1384380
1583488
1514381
1584385
1504386
1584487
1594885
1514387
1504380
1514386
1584486
1594489
1363030
1594381
1375679
1594386
1370447
1374386
1384388
1389413
1389412
1359698
1389498
1394389
1513432
1374381
1524309
1584488
1394382
1513435
1350471
1594384
1583482
1514384
1594888
1375673
1524303
1594486
1584386
1598142
1594483
1359697
1374387
1594485
1584483
1524308
1369448
1384385
1594383
1584382
1389491
1510438
1598141
1598147
1514385
1594385
1374380
1504384
1504387
1583483
1584484
1394388
1389416
1584387
1375671
1594484
1394387
1390438
1359696
1374383
1516440
1598148
1375678
1351438
1594389
1384384
1514382
1389496
1363038
1584381
1360448
1594889
1516446
1583480
1363039
1374384
1374382
1584485
1389414
1594886
1394380
1375670
1504382
1584389
1394385
1516441
1513437
1520438
1394333
1598145
1513434
1598143
1594880
1359695
1363036
1584482
1363033
1360438
1350094
1389497
1516447
1513436
1584388
1374385
1524305
1394386
1514383
1389417
1583481
1384383
1594482
1594480
1516442
1389494
1524302
1500438
1504385
1394383
1504381
1598144
1583486
1598146
1375676
1504388
1394330
1594884
1363037
1389490
1584383
1359694
1583485
1516443
1583487
1368978
1389415
1514389
1594883
1375677
