1364322
1393125
1513023
1593187
1593189
1383222
1583085
1583153
1518871
1513224
1513036
1503325
1523225
1517630
1523196
1393024
1510020
1517627
1590322
1393329
1383302
1523297
1513328
1593379
1373128
1593122
1393021
1522708
1523293
1523126
1378022
1580312
1393397
1503384
1593390
1508125
1583244
1503312
1351341
1513227
1503249
1593183
1510023
1513323
1503229
1583343
1373027
1509744
1383323
1507527
1517529
1518864
1517624
1583027
1523376
1593323
1509772
1503382
1523047
1593376
1583125
1593121
1583387
1373165
1358228
1523029
1583088
1503383
1519496
1502824
1523292
1390332
1383349
1383321
1522709
1593351
1513125
1508126
1502782
1507520
1383128
1393228
1370332
1513123
1571253
1507644
1593202
1358205
1373120
1378497
1390322
1523020
1513225
1513322
1523197
1518866
1509771
1373127
1393087
1393328
1372229
1509743
1519487
1583084
1503376
1393124
1593378
1593398
1393325
1373018
1593188
1351342
1373021
1523045
1590312
1503164
1593322
1523224
1513037
1593224
1383303
1507626
1593353
1523296
1512722
1393324
1593043
1393023
1522722
1883102
1593212
1358227
1393136
1593226
1503124
1503198
1509778
1358282
1523291
1503326
1383120
1373125
1507625
1593308
1513128
1503222
1883103
1583147
1512723
1583158
1513049
1513040
1390312
1517521
1513031
1517575
1364332
1372221
1372222
1518872
1593072
1503022
1593375
1513022
1513121
1583026
1518863
1583389
1583124
1500312
1503324
1508124
1393225
1513246
1358229
1517528
1593120
1593124
1373126
1593345
1523123
1583089
1393088
1593223
1523375
1510028
1383304
1380326
1383127
1518860
1502825
1593312
1517625
1513222
1378496
1383324
1502822
1583087
1580322
1383325
1510025
1363338
1358299
1378527
1522706
1393137
1583090
1583322
1517637
1523023
1378042
1593184
1513226
1583228
1507521
1593020
1593227
1503378
1518861
1593397
1523124
1517636
1378499
1518894
1503377
1503023
1593185
1373026
1528423
1517527
1383126
1509742
1583025
1583334
1523044
1593176
1393085
1393081
1522702
1393127
1523198
1523295
1503223
1583043
1593048
1378443
1583127
1393120
1593181
1393326
1520312
1583021
1518874
1508127
1507526
1373019
1358239
1378524
1513029
1503327
1518873
1519479
1393082
1512827
1503370
1383124
1523227
1510022
1517539
1503323
1593194
1509770
1378543
1512899
1351343
1513120
1503197
1513030
1383305
1513229
1519497
1503123
1517520
1350332
1503129
1373020
1593222
1507522
1593358
1373105
1512847
1513048
1571255
1571254
1509777
1593123
1373148
1517622
1519498
1513240
1372223
1509779
1513325
1358226
1393126
1523370
1383121
1518895
1583044
1512826
1593129
1517634
1373336
1583024
1583091
1393223
1593228
1583229
1373045
1522723
1373338
1503121
1393138
1593182
1593147
1507525
1383224
1513041
1502844
1518878
1375442
1512721
1508128
1513028
1883104
1518865
1380328
1523025
1522701
1513220
1358208
1503122
1513021
1512748
1373046
1512726
1363086
1373168
1393086
1583156
1507642
1383301
1373332
1517526
1378442
1523043
1378526
1583126
1502823
1523228
1517623
1593186
1383229
1393327
1520322
1593357
1517635
1523022
1513223
1583086
1523226
1593076
1503028
1518896
1378427
1503371
1519489
1372295
1510026
1502828
1518869
1507523
1393025
1593343
1378498
1509776
1503321
1503380
1593359
1593352
1350322
1523221
1383308
1503029
1517621
1583386
1513027
1593324
1883105
1593070
1593047
1510332
1358238
1513324
1512821
1378052
1503322
1513024
1583023
1513033
1523121
1522705
1593356
1393026
1513241
1393227
1513228
1517538
1513038
1528433
1383125
1372224
1503021
1373169
1571257
1593347
1593025
1583157
1502785
1513127
1503372
1593021
1373339
1518876
1500332
1360328
1393222
1507542
1517530
1523128
1508129
1512720
1512824
1583092
1507524
1512898
1358221
1583120
1593071
1517537
1503379
1517523
1509740
1523290
1502821
1383309
1372296
1513221
1358209
1393083
1503225
1373047
1393139
1518879
1360332
1512829
1383300
1503196
1393221
1373028
1502786
1512727
1393122
1593077
1593396
1373054
1512749
1523220
1593127
1512728
1517620
1393020
1523372
1393128
1583226
1518875
1522704
1519478
1593349
1373044
1502829
1373123
1510024
1583151
1593075
1513326
1593346
1517531
1523021
1383327
1393027
1520332
1509741
1513025
1503020
1513032
1503126
1523042
1523024
1508121
1883107
1503226
1370336
1502820
1518897
1583020
1522700
1593179
1513026
1380327
1373029
1513245
1510029
1518862
1393322
1512848
1503373
1373017
1519477
1393121
1513046
1593307
1517628
1503330
1383221
1583093
1523027
1583121
1383122
1372226
1523120
1590323
1523127
1502784
1593128
1393080
1393129
1372297
1358220
1593026
1383306
1503025
1509775
1519499
1373121
1517536
1503329
1583154
1517522
1503247
1512825
1512849
1360324
1571256
1523122
1373022
1375449
1518893
1593074
1522703
1517574
1512896
1503026
1523229
1390336
1383228
1593332
1518899
1360312
1512897
1507629
1503120
1571250
1372225
1583083
1517573
1523299
1351332
1393084
1502842
1517633
1393321
1373149
1393169
1593125
1510049
1510021
1580332
1883106
1517638
1583220
1358206
1350336
1383227
1350338
1507634
1503224
1513327
1583155
1351312
1373167
1383348
1523041
1393220
1583079
1513043
1512828
1502787
1523312
1517632
1373124
1593092
1593394
1513124
1571259
1523048
1523223
1593354
1593218
1372227
1593023
1517532
1373337
1393022
1507639
1523371
1502783
1378528
1883109
1373129
1503027
1512820
1517629
1373016
1372243
1571258
1513244
1518867
1503328
1503227
1593027
1583221
1508120
1513129
1358237
1523373
1358223
1593180
1593143
1378024
1370322
1583129
1513044
1393123
1393028
1583227
1513034
1593374
1519476
1510032
1583246
1509774
1517525
1517535
1512729
1502826
1523026
1508123
1500322
1583029
1373023
1593344
1583152
1583123
1510027
1513035
1583312
1523199
1507529
1593393
1503228
1383329
1378405
1503221
1503374
1583095
1512724
1503125
1513243
1378495
1502843
1522707
1883100
1512895
1518898
1523049
1502788
1583022
1383328
1393226
1502781
1583224
1503248
1503381
1378523
1523040
1350312
1593392
1593073
1383220
1358207
1517639
1393229
1583223
1370032
1593177
1358222
1583333
1378032
1507628
1393089
1593377
1393135
1373166
1510322
1523298
1383123
1593024
1517533
1523222
1507627
1593391
1583385
1518877
1383226
1517524
1510312
1503024
1513126
1372228
1503320
1502827
1358262
1360322
1523294
1375452
1383223
1883101
1513321
1523374
1513042
1593355
1517534
1593213
1518870
1528422
1351328
1518868
1583245
1378043
1512823
1373122
1383307
1523129
1593004
1571251
1383129
1593217
1517576
1593373
1517631
1583342
1583128
1517626
1593348
1393389
1593126
1372242
1593029
1571252
1503128
1364312
1512725
1370312
1502780
1373322
1513320
1373164
1513045
1383320
1593302
1519495
1883108
1508122
1508142
1393323
1378428
1509745
1590332
1593207
1378522
1523046
1503127
1373015
1393134
1513329
1583222
1513122
1523125
1583028
1393320
1502789
1523028
1512822
1583225
1503375
1593178
1593028
1583122
1383322
1358225
1583332
1583388
1378521
1583094
1519488
1503220
1507638
1509773
1373025
1513242
1507528
