1347225
1347234
1348320
1347224
1340332
1347325
1347324
1346312
1346382
1348391
1347232
1346368
1346326
1346320
1340037
1340036
1347342
1340028
1347326
1346324
1348344
1340038
1346342
1340027
1347227
1348345
1340026
1346323
1347327
1340039
1348324
1347233
1347328
1348329
1347221
1347226
1347220
1340012
1347320
1348379
1348323
1340025
1347230
1347321
1346369
1347231
1346329
1346322
1347228
1340033
1346344
1348325
1348378
1340032
1340023
1348322
1347322
1347312
1346321
1348326
1340034
1340042
1340024
1340336
1348376
1340322
1340043
1346328
1340312
1340049
1348321
1347329
1347323
1347229
1347222
1340035
1348327
1347223
1340016
1346383
1340044
1340022
1348377
1340326
1340029
1348392
1346327
