1323028
1301141
1307057
1863128
1329291
1553320
1328431
1323021
1312745
1563374
1563220
1563329
1308239
1561323
1561322
1303204
1311163
1569020
1560328
1553328
1569484
1561328
1303207
1551221
1563221
1551124
1563083
1327327
1300140
1553128
1307058
1563379
1329068
1309122
1560323
1553220
1563373
1310298
1561325
1310296
1329296
1312743
1563128
1323122
1563226
1563326
1551121
1553123
1313124
1323029
1560329
1553329
1563328
1322324
1561443
1329299
1553312
1863121
1311162
1325763
1561444
1308230
1563123
1563327
1561223
1328434
1323020
1553327
1323123
1563227
1307050
1561422
1551123
1563024
1563089
1561324
1310299
1560312
1563021
1563372
1554498
1563376
1301191
1553023
1561329
1551122
1551129
1563320
1327324
1308233
1553221
1309121
1311165
1551227
1553129
1328438
1560325
1301190
1312740
1563371
1553224
1561423
1312748
1323025
1327320
1307055
1313127
1322322
1563377
1569022
1323124
1329294
1561445
1307056
1304312
1553326
1563025
1553121
1303206
1563224
1563222
1308042
1563120
1311164
1560324
1569023
1553222
1554494
1327325
1561421
1563020
1561227
1309120
1328432
1563321
1563080
1863129
1554499
1301140
1561424
1301325
1323061
1308232
1563223
1863122
1323125
1553028
1551225
1563225
1323129
1554495
1563370
1563121
1312741
1561327
1327323
1553120
1323128
1563312
1563088
1551228
1561446
1322323
1301430
1301207
1323024
1553325
1310292
1553223
1561326
1328435
1323060
1561420
1303201
1553021
1554496
1312746
1328430
1554491
1569044
1563086
1308235
1563081
1563026
1328893
1561447
1553025
1863123
1553226
1561449
1560327
1569025
1323064
1554492
1563127
1329062
1563027
1322320
1563322
1323027
1553324
1323126
1303208
1309124
1553323
1551125
1553127
1328658
1560326
1328437
1310291
1563022
1329297
1561226
1561220
1561228
1308234
1553024
1303200
1312749
1327322
1323063
1329052
1569024
1329292
1563323
1563029
1561440
1863124
1308236
1312744
1561448
1313121
1322321
1323026
1553225
1313128
1323127
1309125
1561321
1327328
1554490
1307054
1329054
1301206
1551223
1310302
1563126
1553020
1327321
1553027
1554497
1553126
1560320
1860322
1561225
1310312
1323023
1563023
1551126
1303203
1313120
1553228
1329295
1563124
1329298
1554493
1311167
1301324
1328433
1563229
1313122
1561441
1553125
1323062
1563028
1313129
1563084
1328436
1310294
1551226
1561229
1308237
1563087
1561320
1560321
1551128
1561442
1310293
1551220
1561224
1311161
1561222
1553022
1309126
1563324
1553026
1553029
1553229
1860332
1329290
1301192
1323022
1313123
1563228
1561221
1303202
1551224
1311168
1327329
1312747
1323120
1563375
1553124
1307051
1307052
1863125
1310322
1863126
1860312
1329293
1310332
1551120
1569021
1329042
1569043
1563325
1328439
1553321
1563125
1308049
1313126
1311160
1563085
1303205
1311169
1563082
1560322
1323121
1553322
1863120
1309123
1863127
1300187
1551222
1316943
1553122
1551127
1327326
1563122
1563378
1553227
1563129
1318043
1308238
1310297
1312742
1308231
1307059
