1331540
1533322
1334302
1339860
1893169
1332302
1337352
1333124
1331524
1331525
1337322
1533105
1333121
1330332
1331332
1331542
1337302
1334332
1333122
1330312
1890336
1890332
1893136
1338322
1338332
1331523
1334322
1331526
1893121
1339862
1331324
1332324
1339312
1339322
1333129
1893129
1533332
1330326
1333127
1337332
1890312
1337342
1339332
1338302
1338312
1330302
1331520
1339863
1331527
1534312
1893139
1533326
1331544
1334312
1893127
1893137
1893128
1333128
1331541
1337312
1331528
1893122
1331543
1339864
1332312
1332322
1530312
1339302
1333312
1331302
1333302
1893120
1893126
1337354
1331312
1333125
1331322
1893123
1338362
1333322
1331521
1333123
1893138
1530322
1333126
1331323
1334309
1331522
1893125
1530332
1333120
1338326
1336312
1330322
1533312
1334308
1333324
1893124
1331529
1337324
1890322
