1331516
1893189
1333138
1336311
1338301
1330321
1533311
1337351
1333135
1336382
1530323
1331510
1893198
1337321
1893116
1530329
1334324
1331311
1331515
1330311
1330304
1338321
1334303
1533331
1331518
1336381
1334321
1330331
1330303
1339311
1893114
1339861
1893197
1339323
1530331
1331598
1336389
1893113
1333137
1331546
1331517
1890331
1533101
1337301
1336383
1334304
1339331
1331304
1533321
1333134
1338304
1331596
1331545
1337304
1337311
1336386
1893188
1338329
1339301
1336384
1893187
1333139
1337331
1331303
1332311
1331321
1332321
1331599
1331331
1893119
1331519
1893112
1530311
1333301
1893186
1331301
1893184
1334311
1338311
1337334
1331547
1331597
1338331
1333321
1333136
1331548
1890339
1334331
1890311
1331549
1893117
1533323
1331511
1332304
1339303
1338303
1336388
1893111
1330323
1331514
1330301
1337341
1333311
1893118
1890321
1336385
1893110
1338323
1331512
1530321
1330329
1339321
1336380
1331513
1339304
1333338
1333304
1333337
1334301
1893185
1332301
1533329
1893199
1893115
1534311
1334323
1331595
1336387
1338361
