1313116
1551183
1303260
1569034
1563238
1325755
1328871
1314863
1308105
1553211
1314744
1863110
1561335
1327313
1308104
1553249
1553395
1553016
1569035
1563041
1563303
1554456
1326690
1561417
1323117
1551243
1553118
1553392
1302861
1312611
1553245
1551139
1304879
1563214
1311152
1551212
1329287
1563013
1563308
1561336
1551130
1561212
1863119
1312618
1561211
1551186
1860311
1551111
1322348
1551165
1322911
1563354
1328445
1561313
1301156
1322343
1301439
1313111
1563018
1327342
1322347
1327314
1327341
1310650
1551142
1307318
1303269
1551240
1314941
1553010
1561318
1569489
1302868
1329282
1310287
1553390
1551188
1553210
1313808
1308100
1563239
1553338
1323116
1563355
1325042
1553017
1563385
1554457
1860327
1314741
1308110
1310280
1553119
1563357
1551216
1313113
1301214
1314947
1563366
1563010
1863114
1551147
1553111
1311153
1863118
1563049
1553367
1563116
1561432
1563047
1563119
1301215
1304311
1300180
1563218
1563367
1553246
1553116
1323015
1561216
1551211
1569032
1551160
1301018
1312613
1328442
1317156
1307317
1563236
1551245
1322342
1561210
1569041
1560311
1561319
1551210
1314348
1302862
1308103
1551167
1311151
1313110
1569031
1551112
1561213
1328447
1551141
1306879
1553366
1551185
1553019
1311158
1553018
1551117
1554455
1561433
1313118
1563211
1314749
1318979
1563011
1563382
1554454
1563384
1863113
1553394
1563046
1553337
1324934
1323043
1563309
1323018
1301157
1303267
1323044
1551247
1310288
1307316
1314949
1308112
1563048
1860321
1307310
1551148
1302863
1308111
1563356
1314748
1553117
1551215
1553247
1314364
1553391
1860328
1561217
1314743
1551146
1309103
1310656
1303262
1329281
1563045
1323110
1553011
1553398
1563237
1311150
1561434
1551137
1569030
1551168
1309102
1563301
1563217
1551181
1323045
1314363
1551242
1314747
1329056
1314948
1553361
1323019
1327319
1328449
1302866
1563306
1329284
1310321
1551138
1561316
1563111
1569033
1563234
1569011
1310285
1312610
1323115
1551131
1314740
1551145
1554453
1569488
1328444
1323114
1860331
1563114
1303261
1308109
1553012
1312615
1553240
1323111
1303263
1563213
1323017
1551132
1313115
1553311
1553339
1561330
1302867
1303268
1322349
1308108
1563359
1563387
1551161
1561435
1561317
1307315
1310286
1563307
1553396
1553360
1310301
1323046
1563044
1311303
1311389
1551187
1551217
1561218
1301155
1303265
1327318
1563117
1328440
1551118
1551144
1563305
1563231
1561311
1308101
1311156
1553216
1863116
1329289
1323113
1329283
1561215
1323047
1553212
1553114
1551189
1311159
1312612
1300189
1329285
1561430
1303588
1328441
1311157
1553399
1563210
1551135
1551115
1323016
1563015
1313117
1561418
1314302
1313112
1313114
1563235
1553013
1553241
1561214
1554452
1561331
1328874
1563386
1563043
1551134
1561411
1551162
1561219
1563233
1561437
1561412
1553368
1561333
1553014
1551213
1563304
1551218
1311388
1553243
1327317
1563017
1301436
1561314
1306875
1551164
1302864
1551110
1563358
1860329
1303266
1551133
1563230
1306876
1553217
1324935
1563383
1322344
1551241
1563368
1863115
1301435
1301216
1563232
1329061
1561413
1561339
1551244
1308107
1307314
1554458
1563112
1551182
1323012
1551136
1300188
1308106
1561436
1569487
1554451
1322341
1561310
1553213
1318004
1561431
1314745
1551143
1553397
1323011
1563110
1563014
1553115
1310655
1323112
1553218
1563042
1302865
1563302
1314301
1561338
1310283
1329051
1561332
1553363
1327310
1323040
1551116
1561419
1323041
1563380
1551119
1307313
1561410
1563352
1310331
1563115
1553362
1329286
1569036
1314942
1553110
1563016
1569486
1306877
1322345
1563369
1561315
1553214
1311154
1553369
1551169
1328446
1301434
1561439
1553242
1301437
1314746
1303144
1314945
1323048
1563219
1327311
1553365
1563212
1329041
1551163
1308046
1551114
1563381
1563353
1326783
1323013
1310282
1551214
1554459
1307311
1326784
1310284
1553219
1314349
1863112
1324657
1563389
1300149
1561337
1310289
1307312
1863111
1563350
1563113
1553248
1327316
1561414
1563118
1323119
1301158
1327344
1303264
1563311
1327340
1323010
1314943
1324933
1322340
1553393
1553215
1312616
1322635
1563215
1553336
1313119
1301159
1312614
1561334
1323118
1551184
1302860
1553112
1553244
1329280
1327312
1328443
1304878
1551180
1310653
1561416
1323049
1551149
1561312
1558000
1301323
1551246
1322346
1310652
1563388
1311155
1302869
1326691
1551219
1551140
1863117
1563040
1563216
1329044
1563012
1301433
1310651
1554450
1563019
1561415
1310311
1314944
1307319
1561438
1328448
1323042
1314940
1553015
1314742
1563351
1860326
1310281
1327343
1301438
1563365
1323014
1309109
1327315
1314304
1553113
1551166
1551113
1553364
1313819
1329288
1312619
1314946
1308041
1563300
