1593168
1519482
1378430
1378031
1358200
1523321
1373119
1513314
1513213
1513247
1393314
1393385
1383213
1513218
1378511
1513167
1523218
1378403
1393114
1517616
1393319
1370331
1507510
1513014
1503118
1523118
1522653
1508182
1503266
1583110
1517697
1593042
1593360
1383315
1583391
1503284
1583019
1393388
1517515
1507618
1358204
1523361
1513009
1383119
1383110
1373971
1522657
1358219
1508114
1513347
1583112
1363081
1502817
1583197
1593301
1593211
1502818
1593399
1513064
1522787
1513147
1507619
1513144
1509734
1393111
1393301
1583194
1373110
1593248
1502775
1383231
1393048
1507513
1393315
1378041
1372278
1583212
1593014
1503117
1373973
1378021
1523081
1507612
1522658
1517579
1512814
1378518
1380333
1390339
1583099
1517518
1503264
1593110
1503011
1503213
1393214
1522718
1373109
1583217
1503018
1523082
1500321
1374133
1383239
1360331
1390321
1523362
1350331
1512819
1883115
1383317
1583118
1383312
1593013
1502811
1583016
1593117
1500331
1517683
1393210
1583011
1512816
1503215
1583098
1393386
1522710
1502816
1503010
1513219
1883111
1373117
1513015
1523112
1509737
1507541
1393308
1593107
1593167
1393318
1383346
1373145
1393186
1508181
1593041
1593265
1517689
1503015
1503271
1383113
1373012
1593012
1517681
1583213
1513161
1373970
1509735
1593201
1378519
1503019
1358201
1383232
1393047
1522717
1580321
1378431
1883110
1393116
1510311
1583010
1523219
1378020
1583115
1393307
1510031
1523083
1517578
1508144
1513141
1523010
1503206
1523017
1513212
1502810
1517647
1517519
1508115
1517619
1593247
1513112
1517649
1378541
1383210
1522654
1503279
1358281
1503265
1393010
1393198
1517618
1583144
1503270
1522711
1517688
1383112
1383316
1583192
1502776
1364331
1503205
1507611
1502812
1358202
1523111
1500311
1503214
1378440
1358213
1583216
1580331
1522786
1383233
1513011
1383238
1393043
1523216
1510015
1393187
1507630
1507512
1583069
1378510
1360339
1522659
1883114
1583119
1513020
1383347
1523019
1370031
1503260
1517646
1513067
1517648
1513164
1372284
1507515
1502815
1508180
1583393
1593119
1373118
1883118
1373146
1380334
1508187
1513010
1503278
1523213
1593139
1583114
1507614
1513316
1503234
1503342
1513249
1373042
1383311
1383310
1503207
1583116
1513315
1583396
1393184
1390311
1522650
1583013
1583214
1522782
1378517
1583018
1517687
1503262
1513149
1583219
1383338
1523212
1513211
1503017
1393303
1522781
1593361
1513113
1508112
1510014
1513166
1393110
1373111
1580311
1583068
1508188
1583195
1503273
1517699
1507514
1393317
1373112
1883113
1583097
1883117
1503113
1502813
1390331
1378516
1378432
1583111
1513317
1383117
1503286
1393306
1523217
1393049
1513210
1583063
1358217
1513066
1393310
1375451
1502777
1383339
1522785
1512712
1517644
1517643
1522712
1503208
1523360
1523084
1393119
1509732
1393216
1502814
1583012
1513248
1523114
1517642
1510019
1503272
1507631
1380311
1383218
1513146
1583398
1372245
1351338
1512707
1350329
1383211
1383116
1512714
1380336
1393041
1583096
1503343
1393199
1512811
1393381
1508113
1383216
1517511
1523085
1358261
1523015
1593249
1358232
1358218
1393185
1512715
1517516
1517686
1593221
1520331
1363082
1513013
1383236
1378434
1883119
1503217
1510017
1383319
1513018
1583215
1507613
1503281
1393013
1513110
1513069
1522784
1393217
1517645
1513165
1503209
1503263
1517577
1507632
1583117
1583017
1883116
1509748
1375441
1512713
1583015
1380337
1393305
1593105
1517698
1512818
1517693
1393309
1522713
1373010
1513143
1503149
1508141
1393044
1593010
1507641
1373113
1593011
1503112
1372289
1519485
1503344
1517611
1523210
1883112
1502779
1508111
1378441
1508118
1523113
1593114
1502772
1503216
1523086
1583218
1358211
1513060
1513310
1503275
1509747
1378542
1503219
1503261
1593142
1512717
1373331
1590331
1383318
1373975
1503268
1383219
1373011
1358233
1517694
1503148
1523365
1373114
1503210
1393380
1503280
1593268
1510016
1512810
1503119
1358214
1350321
1513019
1522780
1383237
1523016
1517610
1583066
1583311
1508185
1523311
1517684
1508110
1593169
1378435
1513162
1502778
1513118
1507640
1523211
1522783
1513319
1393197
1507516
1583395
1522714
1593113
1503111
1508119
1393042
1593018
1517692
1583193
1512710
1513111
1502744
1380321
1372288
1393387
1513068
1523013
1383115
1393014
1393016
1520311
1583390
1517517
1503283
1378514
1593106
1583331
1513061
1507633
1373321
1509730
1517685
1380339
1508186
1503311
1523215
1513311
1583014
1593321
1373974
1512815
1372279
1503218
1517613
1593141
1517614
1509738
1383234
1513215
1512813
1517510
1510011
1583067
1593016
1512708
1522655
1513017
1503012
1510018
1513063
1393383
1503147
1593017
1523080
1393019
1583249
1523116
1513012
1393046
1517615
1583248
1513214
1502773
1512719
1503269
1393311
1517695
1378515
1502741
1503014
1519483
1351331
1513140
1383214
1502770
1523119
1507517
1510331
1508184
1350320
1383345
1528421
1517682
1509733
1513115
1593088
1513318
1513348
1510321
1593214
1512812
1503114
1502743
1363311
1513008
1393211
1583392
1513163
1517514
1593266
1583198
1593331
1503277
1513116
1519486
1512718
1383215
1393312
1383114
1512716
1509746
1510012
1507616
1522651
1502819
1370311
1513217
1522656
1503204
1373977
1378437
1517513
1503110
1512709
1513005
1517691
1590311
1507617
1363083
1378429
1510010
1517617
1373328
1508116
1393011
1360311
1528432
1507518
1503211
1523363
1393045
1509739
1523014
1351311
1358212
1393018
1523115
1517612
1513114
1508183
1503013
1393219
1517640
1502740
1513007
1513016
1372298
1509736
1523018
1583064
1383235
1378520
1393382
1593116
1583321
1372287
1373107
1520321
1393040
1522716
1378436
1583199
1519484
1510013
1358234
1502771
1507511
1517690
1512711
1393384
1583397
1503285
1372244
1373972
1383230
1503267
1378513
1393212
1513312
1383212
1503341
1523117
1350333
1517696
1370339
1503274
1378030
1502742
1583394
1358231
1393113
1517512
1513216
1393012
1523110
1593115
1513349
1522652
1503115
1513006
1590321
1513142
1583211
1351321
1373976
1373979
1383118
1583113
1523011
1507610
1378040
1509731
1583065
1512817
1358215
1383313
1508117
1373115
1523364
1372286
1503116
1513065
1370329
1583196
1373108
1383111
1372299
1508189
1593267
1393118
1522719
1522715
1593144
1593118
1393213
1393313
1372285
1517641
1503282
1513313
1503212
1513117
1523012
1522788
1593108
1393302
1393017
1507519
1583210
1583041
1593015
1378402
1503016
1393218
1523214
1378438
1528431
1370321
1583247
1364330
1513145
1513070
1593081
1393189
1503276
