1347394
1347388
1348369
1346395
1340248
1347217
1347215
1347205
1348312
1347399
1347204
1340331
1346341
1346381
1345147
1347214
1348314
1346387
1346380
1346397
1373978
1347218
1347379
1348343
1347341
1346398
1346388
1340011
1347378
1340311
1348315
1345149
1347219
1347335
1346389
1347397
1348317
1348367
1346385
1348310
1348316
1347212
1347311
1347343
1348311
1347376
1347398
1347213
1347338
1348368
1340041
1347211
1348319
1393300
1347386
1347377
1347395
1346399
1346386
1347210
1347348
1340031
1340021
1347375
1347337
1348366
1348318
1378439
1347340
1340249
1345148
1347345
1348313
1347396
1347374
1340321
1347387
1347339
1346396
1347216
1346311
