1508097
1511500
1597301
1357401
1376278
1527405
1397404
1397401
1387402
1527309
1380730
1527302
1397504
1587303
1507302
1517306
1387401
1511509
1507403
1507404
1508096
1397300
1584289
1376277
1387304
1590730
1517301
1580730
1357475
1378905
1397405
1378799
1587302
1397503
1387305
1500730
1507303
1597304
1397400
1378603
1517307
1527304
1390730
1397406
1519705
1584288
1507304
1527400
1387404
1397407
1511505
1507405
1376200
1519710
1517304
1378902
1397502
1527303
1376274
1529203
1511504
1387302
1387400
1387405
1597303
1397509
1378608
1508098
1517305
1378798
1527307
1519711
1527401
1587301
1387307
1378785
1519704
1519706
1527306
1357500
1387407
1507305
1508099
1376201
1527305
1397501
1387303
1357506
1584283
1507406
1397302
1397402
1517302
1519707
1378904
1397304
1376275
1511503
1378609
1584285
1376209
1529204
1378784
1397507
1507400
1527402
1587305
1507306
1387406
1527407
1519712
1517300
1527308
1387306
1376202
1511502
1378606
1584282
1350730
1376203
1519703
1376276
1357509
1587300
1380073
1519708
1507407
1510730
1507307
1397408
1589730
1517308
1520730
1597300
1529202
1584286
1517303
1376208
1387300
1357402
1527408
1519709
1397303
1376204
1519713
1584281
1587307
1380840
1519702
1527404
1587306
1397508
1507301
1511506
1508095
1529201
1378600
1507408
1597435
1378607
1527403
1357508
1527300
1378901
1527409
1370740
1584287
1507309
1357476
1507402
1584280
1376205
1397305
1387408
1378604
1357504
1360730
1390840
1380740
1357404
1387403
1511507
1387308
1597436
1376206
1597302
1519714
1507300
1527406
1587308
1376279
1360740
1507409
1390740
1357400
1527301
1507401
1378730
1519700
1397403
1370730
1378605
1511501
1587309
1378900
1587304
1517309
1529200
1519701
1357505
1378903
1511508
1351730
