1557602
1567305
1301730
1301721
1313530
1557400
1311730
1567404
1307716
1557301
1311740
1567509
1313510
1567501
1557401
1304720
1557304
1557605
1310030
1567403
1561654
1567508
1301720
1327880
1311750
1313500
1310730
1307715
1329850
1569730
1561655
1300730
1301723
1305407
1557409
1557303
1557509
1557405
1557604
1567402
1307719
1567502
1567506
1567401
1302747
1329730
1307712
1307718
1310020
1302730
1307713
1567503
1557408
1301073
1557306
1557607
1557404
1561657
1301722
1567507
1557407
1567400
1557305
1320303
1320740
1321730
1567300
1307711
1325730
1561656
1567504
1560740
1323730
1557402
1561653
1320730
1557406
1557508
1557503
1567306
1329851
1320302
1557507
1307710
1557601
1867340
1557506
1557608
1557300
1561650
1557307
1567505
1561659
1321740
1300747
1320300
1569740
1567301
1310720
1305408
1557600
1560730
1561658
1561652
1557502
1557403
1557505
1567302
1561651
1557308
1557609
1323740
1567304
1305508
1310710
1567405
1303730
1860740
1557501
1310747
1307714
1567500
1307717
1860730
1325740
1557603
1557500
1557302
1305507
1557606
1567303
1308730
1557309
1557504
1320301
