1387946
1529794
1527943
1593295
1507944
1594692
1387041
1594699
1587982
1594693
1397947
1517944
1587980
1397943
1507045
1597955
1520704
1376769
1527942
1594694
1507946
1507047
1375591
1507945
1580794
1387040
1527944
1387944
1380794
1376763
1517943
1580704
1520794
1375592
1507048
1587077
1397048
1397041
1387049
1351704
1397047
1376762
1397941
1397944
1375599
1510704
1594695
1387949
1507947
1397042
1350704
1387943
1517942
1593298
1507042
1593296
1507049
1593299
1517940
1375598
1517949
1597957
1397948
1597956
1390794
1594696
1387046
1587079
1507941
1507948
1517941
1375590
1376765
1517948
1527947
1397040
1593297
1375597
1387047
1387044
1527941
1507949
1387947
1507940
1590704
1590794
1375596
1587983
1397949
1594698
1387945
1397942
1376764
1507044
1350794
1527940
1597959
1387948
1360794
1594690
1375595
1397043
1527949
1370794
1527948
1587985
1517946
1376767
1527946
1594697
1507043
1376760
1597958
1507942
1500794
1375594
1387940
1390704
1587984
1587076
1387042
1397945
1517947
1351794
1510794
1397940
1370704
1507943
1587075
1376766
1587981
1527945
1375593
1594691
1587078
1387045
1387043
1517945
1376761
1387942
1387941
1376768
1507046
