1303787
1307856
1551908
1559911
1558531
1860850
1568551
1300785
1558518
1558513
1559912
1558500
1551911
1301746
1315809
1303782
1551909
1568550
1568514
1300783
1559913
1315807
1568513
1551954
1303784
1551903
1559914
1551912
1559910
1568516
1301747
1315808
1558503
1551910
1567091
1302786
1315800
1569271
1300781
1315801
1302783
1551956
1302785
1301748
1308785
1559915
1303783
1551919
1551900
1558512
1315802
1300782
1300788
1311649
1558515
1558501
1559770
1551918
1568515
1312467
1551955
1307855
1307852
1568519
1302784
1559917
1300780
1551917
1303781
1569274
1559772
1312361
1568541
1551901
1559771
1558514
1568590
1300786
1551957
1315804
1315803
1558511
1320851
1559916
1560850
1551916
1301078
1558502
1568512
1558553
1307853
1312360
1551958
1311632
1551959
1551902
1568511
1551915
1568560
1309851
1303788
1558510
1303780
1860851
1558517
1307851
1568510
1568531
1568517
1307858
1312461
1307859
1315805
1309850
1303785
1559918
1558516
1311851
1560851
1558530
1307850
1568530
1311631
1558519
1303789
1307857
1311630
1551913
1551907
1303786
1568518
1551906
1300784
1315806
1312460
1311850
1301745
1551905
1551914
1301743
