1331227
1898434
1532970
1532990
1898487
1898556
1898410
1898517
1898409
1890850
1337850
1898516
1898411
1898555
1532960
1898484
1898550
1331224
1339851
1532941
1898402
1898437
1331226
1898408
1533950
1331223
1898416
1898485
1898554
1339850
1898436
1333961
1532940
1898439
1336860
1534851
1898417
1898404
1332960
1338514
1898407
1898503
1898500
1898510
1532900
1331228
1898414
1532930
1898482
1530851
1898431
1898511
1333960
1898502
1898541
1533132
1532920
1898480
1898406
1530850
1532931
1898501
1898412
1898415
1336869
1898419
1898483
1532901
1898405
1336851
1331040
1532910
1898540
1898519
1330850
1898488
1331220
1898418
1898513
1898512
1332961
1898559
1898438
1898432
1336861
1890851
1898514
1898518
1330851
1338511
1331222
1898403
1533860
1898400
1898504
1533851
1898553
1898433
1338551
1898558
1331225
1898489
1533850
1898401
1898515
1898552
1898557
1898505
1533951
1898413
1336850
1331221
1338510
1532980
1337851
1898486
1338550
1898481
1532950
1898430
1898435
1898551
