1518088
1508596
1528563
1588552
1380948
1518074
1351190
1588503
1518519
1528605
1398406
1376515
1359504
1390851
1518500
1351850
1598516
1360858
1528553
1398412
1398545
1351198
1528503
1359519
1528515
1888517
1590250
1398441
1518512
1588502
1528604
1528500
1518080
1518505
1510850
1888514
1363911
1360851
1398484
1398431
1500851
1380085
1528593
1590260
1588508
1590851
1508599
1398511
1376508
1351193
1398405
1588551
1351197
1518698
1518511
1528607
1398400
1598512
1528516
1376582
1363905
1528501
1590251
1510851
1398558
1359517
1398482
1528554
1590261
1376516
1588501
1888515
1528594
1398553
1363912
1518502
1359506
1380946
1528608
1518699
1398487
1376581
1520850
1363908
1588510
1518507
1518504
1518510
1528602
1528603
1508602
1588500
1528502
1398418
1376517
1528510
1518081
1359516
1359513
1528596
1351195
1528560
1528556
1398415
1588554
1888513
1598518
1508597
1518086
1376507
1588509
1376503
1518083
1398433
1380945
1398551
1363910
1518517
1528513
1398408
1518501
1588553
1376500
1363900
1398485
1508594
1508604
1376583
1518089
1376510
1359500
1360854
1390850
1398416
1528519
1588506
1528595
1528509
1398407
1528550
1528508
1528559
1363914
1376518
1528601
1359512
1398413
1518071
1528555
1528514
1376584
1398555
1388509
1376509
1518509
1359515
1380942
1888512
1376519
1518082
1518516
1363902
1590850
1363901
1528600
1398437
1359501
1528597
1508600
1528507
1598500
1398488
1588507
1518070
1359511
1376501
1508595
1528511
1598515
1528561
1518697
1528506
1359502
1518506
1398409
1518084
1518073
1398483
1518085
1351851
1588504
1398432
1363909
1398411
1380949
1528558
1888518
1508592
1888511
1398552
1528598
1528557
1528599
1598501
1518087
1376511
1528562
1518696
1508603
1588550
1508598
1598517
1518514
1528512
1398438
1376504
1398440
1359509
1398550
1528551
1360856
1351199
1528564
1518072
1351192
1398486
1359510
1580850
1508593
1528517
1588505
1398404
1888519
1518503
1518695
1528609
1508590
1528606
1520851
1398544
1528591
1590269
1363913
1518515
1363904
1398414
1376580
1508601
1580851
1380947
1598510
1398403
1598513
1528504
1528552
1359503
1598511
1380940
1888516
1528590
1398435
1888510
1360850
1398434
1360855
1528518
1598519
1398436
1360859
1518508
1398489
1528505
1363906
1528592
1508591
1398439
1518513
1398417
1363903
1518518
1590268
1359518
