1376868
1373725
1587727
1378812
1378867
1387726
1397725
1522464
1378848
1587828
1380782
1507827
1387824
1397807
1397800
1397728
1587722
1587823
1397806
1359720
1363308
1517770
1527889
1378802
1363301
1378862
1507726
1597822
1597723
1507845
1359706
1587825
1580772
1378877
1587728
1587827
1348122
1360780
1359725
1507854
1527880
1517724
1397820
1376832
1387825
1587721
1397825
1376894
1355822
1507729
1517774
1363302
1522463
1376895
1507826
1376869
1522461
1507825
1359721
1507853
1387721
1387829
1397720
1376856
1363300
1397821
1373726
1387723
1527888
1376842
1359714
1376885
1507846
1355772
1587724
1517725
1522462
1376886
1363303
1517775
1597824
1522466
1387720
1376857
1376822
1351782
1507728
1376893
1380772
1359727
1522465
1350772
1397829
1376834
1507852
1363307
1378832
1587729
1517727
1587889
1597720
1527729
1500772
1373727
1351772
1587725
1397721
1527770
1387828
1597821
1378878
1527886
1390772
1370772
1507847
1387724
1597728
1527728
1373721
1376887
1378846
1517722
1351752
1500782
1373728
1397822
1387827
1587829
1376847
1397827
1587726
1517726
1522468
1387820
1597829
1527885
1350782
1597823
1580782
1355842
1507851
1587820
1397804
1378847
1397802
1378844
1517723
1527723
1355762
1507721
1522469
1373720
1370780
1351762
1387826
1387722
1527727
1507723
1355816
1597727
1507848
1590782
1522467
1387821
1510782
1359722
1373729
1597828
1351780
1378852
1373722
1597729
1378876
1397724
1397828
1590772
1517721
1527884
1587723
1527722
1355802
1507849
1597726
1355782
1355792
1527724
1355790
1397803
1363305
1527883
1397801
1597820
1587821
1507722
1597721
1397824
1376866
1520782
1517720
1387823
1397729
1527721
1387729
1527725
1527772
1397723
1390782
1587826
1510772
1363304
1376852
1363306
1597827
1522460
1507829
1597722
1517772
1378842
1359718
1370782
1387728
1378879
1597826
1507850
1359724
1373723
1376889
1520772
1397823
1397809
1527720
1360772
1587720
1507720
1360782
1587822
1376802
1527881
1359709
1527726
1387822
1597725
1507725
1387727
1376812
1527882
1587824
1397808
1397805
1517773
1597825
1376867
1397727
1397726
1397722
1397826
1527887
1507828
1359723
1378872
1507727
1597724
1359712
1351760
1387725
1522459
1355812
1359726
1359702
1378822
1517771
