1557726
1860782
1567829
1329960
1311772
1326382
1567727
1557774
1557773
1557702
1301493
1557729
1307800
1303692
1321787
1308492
1557725
1567724
1567803
1567725
1308493
1313282
1309772
1567801
1567828
1557728
1310049
1311762
1329929
1307808
1557703
1567876
1308772
1557775
1313262
1321140
1860787
1557778
1312342
1320772
1567802
1329782
1329772
1557724
1300593
1567820
1323772
1567726
1567721
1567826
1567878
1557722
1567729
1567870
1567877
1315254
1567807
1569772
1325780
1567827
1329922
1557704
1307805
1315262
1310042
1567800
1329949
1557821
1550782
1567821
1567728
1326372
1567875
1557723
1301487
1567822
1300692
1307804
1329779
1567703
1329789
1567879
1311472
1557720
1557705
1301489
1567723
1557825
1560772
1308792
1567871
1557770
1557777
1315252
1557820
1567874
1567824
1567805
1307802
1308672
1301488
1567872
1315256
1329942
1307807
1321772
1557721
1313292
1325781
1557706
1567873
1320782
1557824
1567823
1329962
1557823
1567806
1560782
1313272
1860772
1567720
1550772
1321151
1557826
1557771
1567825
1567702
1307803
1312352
1307806
1557700
1329964
1557822
1329961
1323782
1310052
1307809
1319772
1557772
1557779
1303682
1567808
1557727
1321141
1567722
1557701
1315255
1567804
1321152
1557776
1567809
1307801
