1564192
1564201
1313070
1327419
1323696
1554295
1564199
1308176
1328419
1306539
1315419
1323419
1300820
1313076
1569419
1323893
1320419
1308177
1310419
1564193
1313074
1301990
1560419
1305075
1564200
1564194
1300828
1314795
1301082
1313419
1564195
1564190
1324395
1313075
1564191
1860419
1306536
1322419
1305078
1324396
1308178
1313072
1319419
1301988
1321419
1323424
1305079
1860499
1564197
1301989
1564196
1312419
1323812
1314979
1305076
1313073
1566369
1306538
1306535
1566367
1564198
1313071
1305077
1569874
1560499
1566368
1306537
