1384197
1580497
1350420
1504195
1394191
1514099
1590419
1594193
1351419
1590420
1359192
1384199
1389824
1374205
1584199
1504193
1394194
1504196
1514094
1370419
1384198
1394193
1594194
1374204
1374190
1374191
1580499
1580420
1374199
1584196
1514097
1394199
1580984
1370499
1524196
1580498
1384190
1514095
1374206
1513408
1380419
1584197
1394196
1504194
1580423
1590249
1584193
1524195
1374196
1389825
1360419
1510419
1594199
1359190
1390499
1513409
1390419
1514193
1514192
1374197
1374207
1374198
1390041
1394190
1513407
1580422
1394197
1524198
1584190
1590246
1594190
1594198
1514098
1350049
1350419
1580980
1590247
1504190
1504199
1584192
1390027
1390038
1510248
1524197
1510249
1374194
1374208
1504197
1594197
1374209
1594191
1514191
1384194
1517419
1394198
1584195
1594192
1504192
1374195
1580981
1359193
1389827
1384193
1510246
1590499
1514190
1394192
1524199
1384195
1390039
1374203
1584194
1518419
1580982
1394195
1374200
1374202
1594195
1510247
1374193
1580419
1580985
1504198
1594196
1359191
1580983
1384196
1514194
1374192
1390037
1514096
1584198
1374201
1384191
1363499
1504191
1500419
