1302514
1316837
1304206
1304427
1318915
1302206
1304969
1301607
1312646
1304205
1304422
1317881
1304806
1302688
1317887
1318917
1318903
1300207
1312931
1304807
1312860
1312869
1304429
1318918
1304421
1304207
1302202
1302515
1304800
1316884
1318911
1304966
1317880
1316834
1316887
1304809
1302516
1316886
1312864
1318910
1300206
1302203
1316835
1304203
1304420
1316830
1317888
1318909
1307308
1302209
1318912
1304801
1304968
1302200
1318901
1304425
1304202
1302517
1304423
1304967
1304802
1312867
1312862
1304805
1302510
1318902
1316832
1302687
1312934
1302201
1316888
1304808
1318904
1316881
1304201
1302208
1312936
1302519
1318908
1302518
1302205
1304964
1304208
1302511
1316889
1316833
1316880
1301609
1318914
1316838
1302686
1304803
1304424
1302204
1318907
1304965
1316883
1312865
1304200
1318913
1312861
1318906
1316882
1312868
1318900
1316885
1302512
1301604
1316839
1312932
1301605
1304204
1304963
1304426
1312866
1317886
1302513
1302207
1316836
1317889
1302689
1304962
1318916
