1366043
1372487
1362226
1353885
1362284
1364230
1353377
1367890
1353301
1361030
1353554
1364032
1368224
1366891
1366898
1353523
1353325
1343207
1364084
1343106
1366033
1366038
1362040
1354437
1362228
1598637
1366056
1361025
1364020
1364026
1366060
1353511
1361143
1353360
1363222
1353993
1372683
1353872
1353306
1353372
1353517
1353374
1361033
1366014
1364274
1353399
1353942
1362274
1353352
1366085
1353343
1366231
1341815
1501417
1362285
1353982
1353544
1365099
1353546
1361147
1365083
1366057
1353331
1365093
1362282
1367249
1366020
1366074
1365090
1364269
1342211
1366251
1364260
1361008
1372676
1353970
1353520
1353503
1366002
1366061
1353512
1362041
1353381
1353362
1366039
1364266
1369746
1354458
1354448
1361148
1342203
1361022
1353947
1366245
1367620
1366075
1366234
1353526
1581452
1354435
1362229
1372403
1366071
1353535
1364232
1366899
1368225
1354438
1341413
1366042
1353873
1353886
1362042
1371007
1371027
1353323
1364077
1362225
1364261
1367899
1355608
1353310
1361142
1361036
1371018
1342767
1353893
1353896
1362275
1372671
1366037
1353525
1366070
1353303
1353990
1366013
1364277
1364062
1353337
1366028
1364027
1353398
1366032
1353518
1366049
1361035
1361146
1366022
1366084
1361010
1353556
1366250
1366027
1371010
1366088
1580023
1361005
1366069
1353532
1367625
1366009
1353996
1367246
1371124
1353889
1364233
1361028
1342218
1362289
1353948
1353502
1353320
1366000
1354456
1353879
1353545
1366050
1354432
1367894
1361023
1366237
1368223
1342226
1363228
1366062
1366001
1353340
1353515
1353388
1366048
1353506
1591423
1366081
1353551
1362222
1371015
1367621
1364267
1353989
1354455
1369972
1367624
1366036
1367626
1369743
1364087
1353553
1353984
1352773
1364276
1362227
1365085
1353501
1364028
1353338
1366087
1366247
1353539
1354445
1364070
1353324
1366023
1362288
1366008
1361141
1353945
1353542
1353397
1366068
1364272
1361000
1364263
1353880
1365081
1361002
1366236
1365084
1364279
1368222
1591742
1353347
1366029
1353890
1367247
1353548
1369973
1366026
1350244
1350245
1353529
1364071
1366080
1354442
1353999
1366252
1361034
1353884
1353376
1353307
1362280
1353883
1366253
1367898
1366242
1361031
1364024
1353346
1501419
1366051
1353974
1353987
1354433
1366047
1366086
1353384
1353522
1353534
1366053
1353300
1353527
1353941
1353981
1353946
1353528
1367622
1353312
1353552
1353382
1361013
1353321
1361020
1364088
1365074
1353505
1366089
1364262
1365072
1366063
1364034
1369429
1365095
1362287
1353315
1371014
1364072
1364089
1353558
1591441
1353537
1364273
1365073
1366244
1366044
1371025
1591888
1353992
1353348
1366065
1364023
1361007
1353339
1353363
1591591
1364029
1354436
1353547
1350246
1362281
1366896
1361001
1354447
1353355
1369744
1369745
1364069
1353375
1361140
1353516
1369423
1361012
1353322
1361015
1367244
1362224
1354444
1353345
1353944
1354434
1353994
1365080
1367245
1371902
1371017
1366052
1367895
1366072
1365075
1353508
1366239
1366238
1353309
1366034
1343202
1366895
1366007
1366067
1371006
1364031
1366046
1361026
1353396
1581882
1353395
1353882
1365086
1369974
1354449
1353988
1366006
1364073
1592098
1364265
1353305
1362286
1353386
1369426
1361019
1353335
1361029
1366078
1353891
1364278
1366025
1366897
1353514
1364068
1366894
1361004
1364074
1366035
1371022
1353943
1353369
1365094
1369749
1342207
1366066
1367628
1353342
1353540
1353328
1365087
1353991
1353555
1353316
1366024
1354452
1353997
1353330
1365088
1367243
1361009
1353971
1353380
1361032
1353550
1361018
1353302
1353543
1364271
1366241
1366254
1354446
1354441
1366243
1353531
1364081
1353350
1365097
1364066
1361014
1354439
1371103
1366054
1364025
1366031
1366079
1353366
1581714
1366064
1581336
1353391
1353536
1353500
1353892
1361027
1353881
1366019
1353899
1353524
1365079
1366017
1353986
1353394
1364082
1353949
1343396
1353336
1597547
1353507
1353513
1353538
1366045
1353308
1353379
1366083
1366010
1367241
1369971
1353341
1366005
1364030
1366058
1353983
1367627
1364065
1367629
1365076
1365078
1353353
1365070
1363220
1362221
1365077
1364076
1581710
1342227
1366040
1368888
1369425
1366232
1361003
1361145
1353311
1366073
1364270
1366233
1353998
1365096
1366030
1366076
1380273
1353549
1353313
1369427
1354454
1371028
1361024
1366016
1366246
1371043
1353521
1364060
1354451
1361021
1361017
1361006
1353533
1343434
1353510
1363221
1353304
1342881
1353519
1353995
1366082
1353980
1591445
1367248
1362223
1343206
1366011
1366240
1362276
1353530
1366041
1366003
1353378
1371085
1365071
1366235
1365089
1362220
1366055
1354440
1367240
1353333
1353326
1366004
1364021
1353334
1353559
1361144
1342229
1372682
1353368
1364078
1353940
1365091
1364231
1366892
1366230
1353371
1366021
1353888
1366059
1353870
1365092
1364033
1371151
1354443
1366015
1361016
1366012
1353351
1353359
1365098
1364275
1353876
1361011
1365082
1366018
1353504
1366077
1343104
1371021
1360287
1353557
1362283
1364268
1353541
1353344
1353887
1366248
