1328880
1562218
1562238
1322644
1566079
1552139
1326513
1306882
1320203
1326590
1867595
1566090
1325070
1552116
1324972
1306883
1560227
1328849
1560305
1322930
1566070
1325029
1326597
1324967
1322667
1562625
1306068
1566099
1311951
1314377
1562503
1562227
1867585
1306639
1328862
1562600
1306630
1324271
1311227
1325057
1314579
1324739
1324914
1324979
1552159
1552184
1552122
1562508
1560228
1562273
1314939
1307304
1322941
1326502
1562221
1562615
1305442
1324754
1552113
1552134
1562233
1324681
1324642
1307021
1307688
1314938
1300208
1307309
1322645
1314370
1566084
1300055
1562513
1562271
1562248
1552178
1322942
1324913
1326533
1320200
1317203
1305919
1314577
1311334
1326818
1328847
1300515
1324280
1310486
1311950
1307686
1326807
1314896
1552110
1326800
1316085
1326811
1325056
1552168
1552195
1325034
1307884
1324289
1562247
1301600
1552158
1314339
1562642
1313863
1322945
1322994
1300057
1562506
1300516
1325020
1569201
1324284
1326830
1552149
1306065
1325079
1328685
1312825
1562614
1306062
1552137
1326514
1320209
1552187
1306090
1326836
1326505
1562603
1324680
1305443
1322663
1314571
1307679
1552163
1324734
1867584
1311228
1311221
1325032
1326812
1562210
1300058
1325030
1562500
1311953
1566093
1324231
1326550
1326591
1566098
1313846
1562624
1562278
1324689
1566085
1314375
1316086
1552130
1860207
1326596
1305911
1322944
1562511
1306069
1307028
1317884
1314369
1324964
1324752
1326592
1300688
1325053
1307676
1566067
1566097
1307022
1552124
1322931
1306880
1314576
1307685
1306889
1324971
1552151
1326808
1326831
1562249
1312824
1566074
1326817
1552107
1562644
1301066
1305914
1324970
1313865
1306083
1328688
1324977
1320251
1552144
1325017
1328868
1300052
1560225
1324684
1324480
1314332
1552127
1562235
1314891
1867587
1562507
1307027
1324641
1562275
1562230
1569202
1328861
1300056
1322943
1306064
1562618
1307029
1324961
1552180
1324733
1312649
1325078
1867594
1312827
1305448
1860206
1552138
1307303
1324757
1300209
1324751
1326828
1326802
1562609
1324916
1312640
1325072
1306091
1326506
1552164
1314333
1324287
1552188
1307671
1326515
1552123
1322643
1552173
1311336
1552174
1306061
1311229
1566092
1326813
1326508
1300686
1326551
1324482
1317885
1317202
1552193
1322997
1566077
1326531
1562232
1324687
1307889
1552152
1326838
1314570
1562244
1325031
1328686
1566062
1562605
1562602
1324758
1560221
1562225
1326823
1566064
1305913
1552143
1326593
1552108
1562645
1307684
1325071
1322661
1316087
1566044
1306082
1569243
1325077
1307677
1317205
1552194
1322933
1560240
1324769
1324915
1301051
1313862
1305915
1326500
1314574
1314440
1305440
1562504
1566082
1325054
1324278
1311220
1326816
1324755
1867586
1306888
1324282
1312641
1322949
1552192
1562211
1324648
1324978
1322642
1324230
1566096
1324736
1560233
1312937
1326829
1326539
1562619
1324969
1552153
1860201
1317883
1326530
1562516
1328860
1305441
1324682
1300059
1552147
1328683
1560222
1562272
1307888
1322669
1314354
1324965
1552199
1562502
1311958
1300687
1324273
1566095
1322991
1307307
1326504
1306085
1307020
1320205
1552189
1314334
1313848
1312826
1324288
1311337
1552146
1326814
1312648
1560226
1552172
1307670
1552165
1566069
1326516
1326507
1314373
1552128
1325073
1306881
1311395
1562219
1324976
1569242
1318919
1316080
1311223
1314353
1301601
1326801
1307883
1322996
1324270
1326536
1322948
1566089
1552102
1314374
1322662
1569200
1552126
1562216
1325059
1326517
1552109
1310489
1314892
1328866
1552129
1566094
1325026
1328883
1326594
1325023
1326837
1322640
1566072
1562505
1562274
1305446
1552136
1326824
1322934
1560232
1326510
1324750
1566083
1562628
1325052
1552111
1320252
1322664
1314575
1860205
1552100
1312821
1562277
1316089
1306063
1314331
1306092
1562611
1328689
1566061
1311222
1562646
1326815
1325024
1324285
1552101
1312828
1314336
1326804
1562607
1324481
1314330
1316088
1313849
1552154
1326822
1307025
1552191
1562246
1552171
1562241
1552106
1552148
1326503
1300513
1324234
1552166
1312642
1324963
1322641
1324918
1300200
1326833
1562514
1562517
1322999
1311338
1569241
1562228
1562616
1552145
1324735
1300054
1324276
1328684
1552181
1305910
1324767
1314335
1324645
1860202
1552190
1301602
1305445
1314895
1316081
1301020
1313860
1562213
1314371
1328867
1324647
1562617
1307682
1562231
1562629
1562234
1328680
1867588
1552112
1552135
1301603
1566075
1552183
1307300
1552176
1300203
1320204
1306093
1311224
1305842
1562604
1307880
1860204
1566066
1307683
1326595
1311339
1325074
1306887
1328884
1314378
1300512
1562610
1325025
1312820
1314351
1552162
1560249
1305447
1562217
1560239
1306098
1566081
1325051
1326518
1552182
1311331
1314936
1324688
1860203
1552125
1566071
1326519
1562239
1300051
1326821
1324275
1324768
1312822
1560238
1326512
1562226
1562240
1326509
1307026
1324975
1324272
1562647
1324917
1311397
1314352
1326839
1552198
1314937
1562510
1314935
1313869
1326827
1326803
1306097
1560224
1328865
1311330
1314443
1314894
1322998
1307881
1552131
1566073
1560220
1324484
1307305
1324968
1324731
1306099
1322666
1306885
1314366
1566078
1312829
1566060
1312643
1314572
1306635
1325075
1562229
1313868
1325021
1562212
1313861
1324646
1324737
1324753
1562512
1306094
1324283
1325028
1305918
1562621
1314573
1562501
1552117
1314379
1328881
1562222
1552142
1305444
1324649
1324974
1312935
1324286
1322660
1552105
1552186
1324232
1324732
1306634
1867589
1562270
1328681
1328882
1566080
1300519
1320207
1552169
1560229
1317206
1311333
1300510
1326599
1324685
1324730
1312823
1322993
1324766
1562601
1311225
1560306
1307675
1566091
1326826
1312939
1324279
1300202
1305449
1310487
1325015
1305843
1562622
1313866
1320201
1867583
1326537
1314338
1566065
1562640
1552141
1324966
1328864
1562279
1326835
1324640
1552175
1326820
1311952
1311954
1569240
1324274
1320254
1317208
1314365
1306884
1566068
1324738
1552120
1314934
1552155
1324756
1560230
1562627
1307681
1301608
1562649
1316083
1325050
1314367
1307023
1320208
1320206
1307886
1314372
1324973
1562215
1560307
1314442
1306086
1562612
1324483
1566086
1328869
1307672
1322668
1324960
1324765
1552156
1562236
1552161
1312938
1552197
1562623
1316082
1328863
1307024
1566088
1317207
1311332
1326805
1560301
1326809
1326511
1328687
1310488
1324644
1300204
1305841
1562509
1560223
1552132
1306633
1562515
1552170
1328846
1566063
1326825
1322665
1326819
1307674
1552104
1562626
1867597
1306096
1326534
1324683
1324962
1300689
1552119
1325027
1317201
1300511
1562243
1326535
1328682
1312644
1562613
1314368
1562606
1562223
1562237
1307885
1300050
1326832
1307306
1324686
1300053
1306095
1562276
1320250
1311398
1328845
1552118
1325076
1324281
1326598
1322947
1322992
1562641
1326834
1552114
1322940
1324233
1552185
1317209
1306631
1306088
1552150
1324643
1867596
1326806
1314444
1311399
1325055
1325058
1305912
1552179
1306638
1314337
1313845
1325033
1326501
1307673
1325016
1314578
1562245
1326532
1552115
1552133
1306060
1313867
1867582
1322946
1307678
1566076
1317200
1566087
1307302
1314441
1552140
1307680
1326538
1552167
1552121
1300518
1310485
1307887
1311335
1300517
1562620
1325022
1562224
1328848
1300514
1322995
1313847
1552157
1300205
1306067
1324277
1314445
1324759
1301606
1307689
1552177
1300068
1317204
1314350
1305840
1552103
1307687
1314898
1314376
1312647
1562643
1562648
1562786
1312933
1324919
1306632
1860200
1326810
1562242
1311959
1562220
1307301
1552160
1320253
1560300
1552196
1316084
1562214
1314890
