1581243
1591883
1392510
1591846
1350000
1392274
1591595
1580000
1587530
1380920
1598631
1582020
1357003
1392221
1882001
1350002
1380251
1355602
1598633
1501182
1380252
1571185
1392404
1590203
1501843
1350154
1390300
1520204
1380288
1522001
1582027
1520208
1382979
1392897
1380295
1511216
1591443
1591429
1581453
1382504
1372677
1392604
1581706
1511204
1581589
1581333
1591860
1392228
1591453
1392609
1592042
1392245
1592078
1353977
1372514
1501752
1882011
1363214
1392417
1599249
1581248
1382977
1597556
1382224
1511887
1380882
1521888
1392519
1382510
1355614
1599992
1591867
1508806
1374024
1382619
1357016
1392217
1392237
1371005
1392216
1380886
1392648
1360288
1357073
1501422
1591854
1598643
1592014
1591840
1591844
1379818
1371168
1581458
1581718
1363223
1588999
1350928
1375176
1392246
1580203
1592036
1592038
1590204
1372529
1580028
1371154
1371049
1591439
1360904
1592031
1380253
1580021
1501241
1591874
1591737
1372530
1392870
1360005
1592054
1511215
1356026
1571170
1392211
1374212
1598909
1363134
1371096
1382211
1581187
1371942
1599997
1581249
1598636
1592045
1501333
1360978
1591587
1360970
1510206
1392611
1374213
1591448
1587657
1511208
1374026
1353895
1353979
1360270
1372418
1882000
1592032
1591884
1372480
1501180
1360277
1382505
1382513
1353894
1360907
1592089
1371935
1371020
1382611
1372411
1592035
1392882
1371012
1581189
1581459
1581883
1354349
1587650
1392875
1392612
1597555
1392513
1581242
1882003
1390232
1591583
1363215
1392273
1392896
1371078
1511203
1591868
1371089
1501190
1571173
1599994
1571089
1374218
1599241
1571071
1501846
1392234
1501875
1581811
1371939
1581583
1371053
1591451
1392645
1591933
1382518
1501841
1501195
1357074
1350309
1392618
1520205
1501184
1501311
1511382
1372544
1380009
1392620
1374124
1360908
1592076
1581707
1372412
1501310
1372984
1371921
1360049
1372486
1356023
1392502
1591593
1591454
1372803
1382508
1380254
1390229
1366890
1592082
1364086
1380299
1364085
1392871
1371934
1522002
1392425
1392220
1355612
1500201
1382519
1520209
1392229
1501754
1380275
1379802
1392600
1581334
1571193
1353973
1371118
1598928
1501240
1511389
1587531
1380924
1371135
1372802
1581480
1353317
1392883
1363142
1598910
1508807
1371004
1360909
1598912
1597548
1591852
1380887
1501416
1364061
1353357
1363212
1520206
1587532
1598919
1371013
1379819
1592090
1372985
1350151
1591886
1509995
1356027
1591434
1392877
1392407
1372516
1581455
1581719
1372543
1392215
1392507
1374027
1360976
1511889
1581457
1501181
1510207
1591881
1392424
1501330
1592081
1350152
1392627
1521881
1599244
1360276
1382502
1392884
1392432
1592053
1592051
1376061
1511380
1382618
1581886
1392503
1382629
1581584
1392603
1581810
1371946
1363149
1357017
1580001
1581716
1591738
1356020
1597535
1511214
1511209
1392411
1501170
1589997
1591861
1591873
1371153
1598638
1379444
1500202
1392272
1392872
1589996
1597549
1350301
1591588
1580202
1372413
1501424
1382516
1353387
1571070
1510208
1598925
1581582
1571188
1511202
1501847
1501427
1581704
1501303
1392406
1501243
1501304
1382210
1501840
1521886
1372680
1392226
1599247
1597563
1372689
1591310
1591746
1591584
1352767
1588994
1571088
1592043
1371126
1392617
1380884
1357006
1591446
1501313
1588990
1352784
1591594
1598635
1390224
1380276
1392212
1363216
1382624
1392512
1581241
1581456
1353373
1581483
1590205
1501339
1392412
1501874
1591934
1520202
1372532
1360003
1371046
1379436
1599999
1379803
1591961
1882014
1571190
1382617
1353361
1392219
1353976
1357009
1591428
1571182
1371914
1382626
1591319
1392646
1371911
1597557
1882008
1582029
1501187
1392279
1510201
1380297
1501193
1350001
1371001
1357014
1591575
1591932
1501173
1360905
1591433
1392401
1597536
1382621
1367893
1581580
1581335
1392644
1581885
1380290
1580020
1587655
1591879
1360979
1357018
1374028
1520207
1392876
1592075
1382972
1392408
1598920
1571191
1501755
1591967
1390301
1360971
1882005
1382616
1581880
1582028
1350224
1580026
1360271
1521884
1592048
1392628
1511381
1511388
1592056
1390007
1522003
1571172
1392515
1350153
1360226
1360278
1380283
1501198
1372541
1360282
1591882
1390306
1371138
1382503
1501756
1587534
1520203
1363143
1363211
1581481
1501178
1581887
1392873
1581813
1591885
1501338
1350300
1374217
1581482
1392895
1372515
1353972
1364080
1590207
1589995
1392613
1352768
1597558
1521883
1510209
1360279
1591735
1581581
1379442
1392427
1521887
1392423
1598926
1374021
1390223
1597550
1372415
1372809
1372524
1392244
1353383
1591427
1392629
1591887
1392213
1597564
1360002
1353364
1392622
1501179
1511221
1372409
1591570
1587533
1360227
1392619
1511222
1501312
1392227
1592091
1392409
1371903
1501848
1508989
1360964
1598917
1501305
1592019
1372670
1371011
1591962
1501331
1581454
1382625
1591592
1510200
1501199
1581717
1374029
1350307
1353358
1598911
1382213
1597544
1379441
1372488
1390238
1581485
1522004
1392950
1599991
1354431
1580029
1392885
1392500
1511210
1364064
1501872
1581247
1371094
1392890
1372688
1501877
1571183
1372983
1379801
1501302
1580201
1581240
1581705
1392606
1581818
1382511
1501191
1591736
1598903
1392270
1392605
1382506
1360283
1372672
1587656
1392602
1382620
1581338
1392400
1581812
1509999
1591889
1392893
1581709
1374216
1355609
1392422
1392232
1882002
1571175
1364079
1501197
1571180
1392894
1380272
1501171
1372549
1511387
1501189
1372539
1580004
1371075
1501194
1392514
1501876
1357005
1372681
1501418
1591425
1392413
1357012
1591452
1508805
1501757
1392243
1591424
1581700
1382500
1352785
1587651
1571186
1581450
1371035
1352783
1367896
1350302
1882012
1382517
1511223
1357019
1363210
1357015
1591599
1511200
1581889
1588993
1371029
1379432
1581586
1501186
1392886
1591312
1501871
1360280
1392214
1372982
1390023
1511220
1382615
1371009
1392242
1597533
1363217
1390221
1371095
1392874
1592097
1581819
1501429
1392614
1379813
1380977
1510202
1360974
1591842
1360001
1592093
1390240
1591849
1364063
1392249
1591741
1371169
1597543
1501300
1372687
1591745
1392889
1353389
1371019
1392403
1592083
1371930
1371916
1382212
1372414
1360008
1382501
1501329
1598923
1592046
1372800
1580200
1882006
1372678
1350308
1363218
1597545
1371059
1367623
1591578
1360228
1592086
1357001
1501176
1360284
1511201
1360221
1382509
1591968
1501334
1392501
1501309
1599242
1372518
1390226
1500200
1360900
1392643
1598905
1501320
1392225
1591931
1356030
1371901
1392410
1588992
1511211
1392879
1380291
1592092
1592058
1589999
1597551
1353897
1382514
1372483
1382623
1591590
1501426
1392892
1501322
1571189
1380292
1591930
1580022
1382515
1355607
1598904
1587653
1591444
1371128
1571192
1590206
1598906
1591426
1360960
1501421
1571181
1352777
1355617
1509998
1392235
1360273
1350240
1521882
1591597
1597542
1371069
1581451
1392224
1380274
1581339
1591449
1591871
1352786
1581585
1511212
1382223
1591748
1501183
1382974
1372401
1372673
1597552
1392621
1392601
1392271
1382628
1597559
1371105
1374215
1374022
1591744
1501188
1379434
1501314
1599245
1360045
1392642
1501323
1392506
1382229
1581488
1581701
1501242
1357007
1392278
1591318
1392421
1371045
1392624
1392615
1511386
1382220
1511224
1501759
1581246
1580024
1597534
1392649
1591864
1597561
1372679
1371944
1392878
1372989
1591878
1591880
1598642
1360000
1587689
1587659
1511886
1592080
1382612
1353393
1357013
1380293
1380294
1350305
1360977
1592057
1350148
1372686
1392888
1350003
1392428
1501328
1353390
1592094
1390222
1360229
1356004
1353356
1591965
1353978
1591969
1350147
1882004
1521889
1376069
1357002
1392608
1598924
1372675
1501177
1372533
1501335
1581484
1599248
1597537
1392402
1360009
1392414
1371907
1360220
1371949
1354341
1382614
1598915
1379439
1390030
1372510
1501308
1592084
1581715
1372980
1587654
1371067
1588995
1511384
1501750
1382215
1582023
1350303
1360281
1592055
1371113
1510203
1363219
1571174
1588991
1581814
1521885
1382973
1501315
1581487
1520201
1882013
1350929
1372684
1392223
1501325
1376337
1392415
1392230
1591450
1382228
1591863
1350306
1591747
1367891
1392516
1591315
1580025
1382975
1379816
1571184
1374023
1590200
1501316
1508808
1592085
1598914
1371917
1571178
1371042
1350241
1380250
1591960
1392236
1591420
1591447
1392309
1581816
1591422
1598921
1392241
1501870
1357070
1597562
1390228
1360223
1501423
1380889
1360272
1591431
1501879
1392420
1597541
1501321
1350022
1591841
1501196
1597554
1511219
1360046
1371057
1581489
1501301
1580027
1591598
1353349
1360006
1382221
1597560
1357000
1372416
1581186
1382512
1392277
1501845
1374214
1581245
1382507
1582024
1353370
1582022
1588996
1591872
1598929
1592099
1581185
1591876
1392426
1372520
1501318
1581817
1353392
1390233
1392891
1360007
1382222
1581702
1581711
1581331
1501175
1597538
1360285
1591438
1392419
1501751
1581881
1392898
1591966
1392887
1511385
1501327
1380279
1392517
1571177
1371003
1592088
1392616
1392607
1501420
1350304
1371938
1353327
1592039
1352787
1382622
1591848
1592034
1353329
1511213
1367892
1357071
1571074
1390307
1371016
1591855
1591743
1367897
1592095
1371036
1392233
1379440
1592079
1360901
1360975
1580002
1581888
1352769
1355604
1392429
1501336
1599995
1380280
1588997
1509996
1511205
1591865
1356028
1360047
1367242
1392504
1357010
1372685
1581713
1382227
1599243
1388990
1571179
1382216
1371023
1357004
1392239
1599240
1390220
1591589
1380888
1392623
1599990
1372527
1581587
1501317
1392247
1372806
1392641
1591858
1372987
1501873
1354430
1392405
1598900
1591963
1392231
1510205
1501307
1392508
1382218
1392276
1581815
1353385
1371070
1372546
1581486
1511218
1598922
1598907
1390249
1597540
1591442
1571187
1592030
1591580
1372512
1392240
1371928
1581708
1501842
1352764
1591571
1364067
1372417
1353365
1571194
1581337
1392430
1390227
1379805
1597531
1380881
1360289
1372674
1882009
1511206
1581244
1592011
1382613
1392222
1597532
1581588
1352770
1353975
1521880
1380928
1352760
1501324
1392511
1360902
1591740
1382219
1581884
1501319
1501337
1382647
1582021
1369970
1392418
1371008
1592044
1360222
1380278
1357008
1360286
1501326
1500203
1571171
1501192
1374025
1382627
1598641
1581332
1501415
1591875
1597546
1581703
1501306
1501753
1508809
1372538
1591856
1392626
1382225
1591596
1598639
1591585
1581712
1380296
1501428
1360972
1592033
1591847
1357011
1392518
1360275
1380277
1580003
1392416
1591739
1509997
1520200
1392275
1501244
1372405
1501185
1511217
1592096
1598632
1511888
1382971
1364083
1598634
1350150
1501174
1591574
1363140
1390305
1392640
1382978
1598913
1382976
1882010
1591432
1380020
1356029
1360274
1571176
1882007
1571087
1392218
1371073
1591843
1371002
1363213
1598640
1571086
1364075
1392431
1353319
1598644
1353332
1599993
1501172
1392610
1392238
1392881
1511207
1581188
1591964
1597530
1597539
1392625
1500204
1591857
1371927
1372807
1360903
1588998
1372986
1522000
1392248
1390225
1380298
1356036
1580204
1597553
1371081
1592077
1390020
1360004
1390239
1371137
1360973
1510204
1353314
1392505
1511383
1592059
1372419
1353898
1390230
1382610
1379437
1591853
1501425
1392509
1392647
1591749
1382217
1372481
1382226
1374219
1392210
1571073
1360048
1591573
1392899
1592087
1382970
1591440
1599996
1599246
1501332
1371940
1379438
1357072
1571072
1379804
1591582
1591866
1371171
1360906
1599998
1372410
