1331284
1892224
1892894
1530220
1892501
1898898
1330240
1532339
1331870
1339269
1892893
1338000
1892400
1899839
1899889
1890307
1899842
1892241
1335285
1332648
1890225
1530237
1892230
1331614
1892421
1892427
1892249
1532234
1892750
1333285
1898893
1898884
1892620
1892753
1892876
1892277
1899849
1330223
1331626
1331617
1532201
1333289
1339262
1892759
1890220
1331088
1892507
1532226
1892406
1530247
1892614
1530226
1337867
1331289
1330249
1892950
1532235
1331880
1892756
1892223
1331603
1892270
1892872
1334284
1892416
1892506
1530245
1336058
1331616
1337845
1892886
1339245
1892220
1899840
1899841
1892877
1331280
1892429
1330222
1892415
1332647
1330224
1892422
1892892
1331615
1533784
1892626
1899867
1892957
1890224
1892213
1898890
1892234
1892619
1892278
1532209
1892751
1892243
1334283
1892428
1339261
1898887
1899888
1331627
1890306
1892229
1331871
1533805
1892883
1532200
1330229
1331605
1332645
1892951
1892240
1892878
1331629
1532236
1338006
1892212
1892613
1892898
1332280
1331882
1330225
1335286
1335280
1892758
1331628
1334286
1530222
1532225
1331287
1899831
1330233
1331623
1892871
1331604
1333286
1898882
1892518
1892228
1899833
1898895
1331872
1338005
1899868
1334280
1331879
1892891
1899887
1892500
1330238
1331286
1530223
1337868
1331873
1892884
1892242
1890249
1892509
1532208
1337869
1892885
1335287
1892897
1892420
1892890
1331622
1892612
1331883
1899837
1892958
1892888
1890229
1899838
1892227
1892879
1899886
1892218
1892757
1892279
1532237
1892621
1892404
1530221
1532206
1899843
1339263
1892952
1890238
1332646
1890305
1532338
1892221
1899844
1533806
1892959
1530249
1331281
1892239
1331884
1892870
1892508
1892235
1899832
1890226
1534472
1339212
1892401
1331878
1330239
1892899
1339213
1334287
1534740
1334285
1898885
1333287
1532224
1892403
1892953
1532330
1892955
1898892
1331885
1899885
1333288
1898889
1530236
1332644
1335281
1892412
1892880
1892419
1890227
1335288
1530225
1331606
1892245
1892887
1892629
1892510
1892238
1892622
1892417
1892226
1890239
1330227
1898880
1892505
1532204
1339264
1898894
1534471
1892236
1331621
1338009
1336056
1333282
1336004
1339248
1892244
1899880
1892956
1892402
1331876
1892519
1339211
1330232
1533809
1532223
1532337
1339268
1331620
1892219
1892409
1339214
1899836
1892418
1532205
1534742
1899835
1333280
1892425
1892874
1899846
1338002
1330226
1892511
1332643
1892217
1532336
1892882
1332649
1892623
1898897
1892237
1892411
1333281
1892516
1532221
1530228
1334288
1532331
1331877
1892881
1890221
1331288
1898883
1892216
1532229
1892624
1331618
1331612
1892410
1890240
1532239
1899881
1530227
1331887
1532238
1532231
1899884
1331283
1892517
1890232
1898896
1892617
1532335
1339267
1892895
1898891
1331611
1336003
1331607
1530238
1892309
1892504
1892625
1336055
1892896
1899883
1336057
1338003
1332640
1892618
1890300
1339249
1892275
1899845
1534741
1890233
1532332
1338001
1330221
1532220
1892514
1892512
1530239
1330220
1892273
1892247
1331601
1898888
1530229
1533808
1892432
1532232
1335283
1892215
1898881
1892503
1332281
1892414
1892274
1892407
1336000
1330230
1532230
1892423
1533807
1532202
1336002
1331886
1899882
1892627
1331282
1331285
1338004
1892233
1332642
1898886
1892616
1331608
1532203
1890223
1338008
1532228
1530235
1892272
1534743
1331610
1890301
1892431
1892408
1892515
1892210
1899830
1892225
1898899
1331881
1334282
1899829
1890230
1892513
1892889
1331874
1892246
1331625
1339247
1333284
1892232
1532333
1532207
1339266
1892211
1892754
1330228
1336001
1890228
1892413
1339260
1892424
1899848
1334289
1331613
1335282
1530224
1892954
1892752
1530246
1899834
1892248
1899847
1532233
1892610
1892628
1892502
1332641
1331600
1335284
1331602
1892276
1331619
1892615
1892222
1333283
1339265
1892875
1892611
1892430
1892873
1339210
1892755
1532227
1337846
1530248
1892231
1892405
1331609
1339246
1331889
1892271
1890222
1337844
1331875
1532334
1335289
1532222
1336059
1331888
1892426
1534744
1331089
1331624
1338007
1892214
1334281
1899828
