1354457
1342360
1371086
1371000
1371050
1371913
1368885
1343420
1371143
1379810
1342763
1343427
1371116
1352789
1342882
1342764
1369747
1345048
1372404
1343435
1343105
1369740
1342367
1371107
1372804
1352765
1371134
1371039
1352776
1343418
1343565
1341636
1341118
1342883
1371101
1371031
1342221
1352782
1342413
1341623
1352766
1341808
1371161
1342216
1371905
1379809
1342361
1354340
1342405
1371117
1371063
1353367
1371060
1372521
1371083
1372522
1343023
1372808
1371106
1345035
1343782
1341643
1343564
1591845
1342408
1369741
1342888
1371152
1343436
1371172
1352775
1371127
1353871
1343201
1342232
1343391
1343419
1371109
1341626
1591859
1343209
1354453
1591869
1341812
1355603
1355615
1342231
1341817
1343415
1368886
1371155
1341649
1371920
1341414
1343208
1343399
1371098
1379435
1341635
1371088
1343429
1352774
1343422
1371071
1371163
1343437
1343033
1342213
1352781
1369424
1372537
1371052
1342884
1371091
1371943
1341630
1341411
1341803
1343428
1371142
1372523
1342223
1371108
1371147
1371925
1343783
1371174
1345025
1343781
1341646
1379812
1343398
1354342
1371032
1342362
1371119
1341806
1371160
1371097
1353874
1371904
1341622
1369420
1343200
1342887
1371173
1371041
1371947
1371932
1342407
1342761
1343392
1372402
1355600
1342206
1369742
1372542
1341115
1343430
1371941
1342369
1341627
1379443
1343438
1342446
1371040
1371102
1342766
1343567
1371133
1355601
1591851
1341610
1371906
1372489
1371111
1342400
1343039
1343416
1371080
1371139
1371129
1369428
1371044
1342769
1371924
1342756
1371915
1343780
1345042
1372534
1341819
1371120
1341621
1371146
1341645
1343421
1371058
1372531
1371912
1341614
1342363
1371132
1379811
1341119
1342886
1342758
1372406
1355613
1342237
1591862
1371923
1352772
1372801
1371933
1371125
1343431
1341647
1341638
1372400
1352761
1371061
1368226
1342768
1379814
1342445
1372482
1343439
1355606
1371055
1371178
1342215
1371100
1343203
1343394
1379433
1343424
1341814
1342225
1343393
1372548
1342364
1343037
1371110
1343100
1341804
1341809
1342402
1371140
1354450
1342201
1343561
1341611
1371164
1342238
1342885
1343566
1341648
1341632
1352778
1372517
1379800
1372407
1342410
1371945
1343413
1371167
1372525
1343568
1342220
1371092
1341620
1371121
1343109
1371072
1341811
1368889
1372526
1354344
1342409
1342204
1371176
1341637
1371908
1343432
1372408
1345044
1371034
1342228
1371149
1343423
1371074
1345026
1353877
1368221
1379431
1354346
1341612
1343101
1371179
1591421
1341801
1371166
1342202
1368220
1341629
1371084
1371922
1343569
1343027
1371077
1371175
1379806
1343108
1371141
1342889
1343036
1342212
1342447
1371130
1343414
1372547
1371177
1354345
1342217
1342365
1368227
1371024
1343395
1369421
1342448
1371054
1342401
1345049
1371931
1372484
1371114
1341816
1343029
1342760
1342759
1352780
1343102
1379430
1590209
1352763
1355618
1372540
1342235
1371064
1348027
1371037
1353878
1371936
1371929
1354459
1371123
1371066
1371131
1341640
1368228
1379807
1371148
1591850
1341412
1342222
1341642
1371910
1371112
1368887
1341807
1355605
1343560
1342210
1369748
1371099
1355616
1342209
1354343
1342404
1371919
1371056
1372981
1343205
1372511
1341802
1342752
1372536
1342880
1341625
1371030
1342412
1352762
1341117
1372545
1341634
1354348
1355611
1371079
1371065
1372805
1342230
1343433
1371159
1371926
1342368
1371090
1371170
1371115
1342762
1343784
1345046
1371150
1371162
1348022
1341810
1341618
1343107
1371076
1371122
1371136
1343411
1342233
1353875
1345037
1343563
1343204
1371156
1341639
1341641
1342366
1372988
1343425
1355610
1342236
1343103
1341813
1343426
1341631
1371038
1371033
1342765
1345040
1345021
1343412
1343390
1352788
1343562
1371047
1372519
1348028
1372485
1343397
1371937
1371104
1371948
1342411
1371093
1371145
1371087
1355619
1342403
1354347
1345024
1379808
1342414
1372528
1342234
1341644
1371068
1341628
1341633
1371048
1371165
1371082
1342219
1369422
1341410
1371144
1341800
1372513
1341805
1371900
1343417
1371918
1342406
1342208
1342214
1341624
1343410
1341818
1368229
1342449
1371158
1341116
1342200
1342239
1371051
1371909
1342224
1342205
1371157
1371062
1372535
