1357059
1591870
1345022
1342750
1592041
1363243
1356048
1357056
1382446
1382648
1357045
1363227
1598630
1360248
1357034
1357030
1382641
1345027
1376334
1356012
1357020
1348020
1342757
1357037
1382842
1363144
1363147
1358056
1376081
1358051
1376074
1382844
1356013
1356022
1351276
1376060
1376073
1376066
1360241
1357047
1357025
1356035
1598927
1357051
1382602
1591576
1363148
1363135
1351270
1582026
1375187
1376088
1376080
1358034
1363242
1363237
1356047
1360249
1342751
1356034
1357096
1341616
1382640
1360240
1357042
1380240
1382447
1343032
1356000
1382649
1380284
1592010
1357039
1375170
1358048
1375184
1357036
1363145
1356001
1357021
1376089
1345045
1375179
1345038
1357024
1357092
1351277
1363226
1357027
1379817
1356037
1376065
1376075
1343026
1382642
1358037
1363229
1376064
1376071
1358058
1357091
1348021
1357032
1342755
1363137
1382845
1375178
1356032
1357054
1587658
1382606
1341613
1353509
1382440
1356042
1363234
1592052
1356008
1351279
1356015
1590208
1345020
1351272
1376083
1375171
1358043
1357044
1382444
1392955
1358049
1356038
1592049
1587652
1598918
1363225
1357093
1376062
1356033
1363244
1591577
1360242
1356049
1356040
1392951
1357098
1343034
1345028
1343025
1345047
1358054
1358031
1382607
1358059
1356041
1356025
1343020
1357057
1343038
1382441
1592015
1501758
1592012
1375185
1591436
1358036
1375181
1382445
1592040
1363235
1376330
1358042
1363224
1382608
1363136
1357052
1360243
1376072
1357026
1591314
1356021
1392956
1376063
1357090
1351278
1382644
1591317
1375172
1356014
1357055
1501849
1376082
1345036
1376070
1358038
1356003
1356017
1363245
1392952
1357029
1358046
1357099
1363240
1592050
1345039
1591435
1376339
1375182
1356039
1382443
1382643
1382841
1382848
1356016
1598916
1358057
1382600
1382601
1358039
1363146
1352771
1358033
1356043
1375180
1363231
1392953
1356002
1376338
1356009
1591437
1376331
1591313
1342753
1343028
1360244
1348025
1363247
1371026
1358045
1375173
1382609
1376085
1348024
1382645
1357038
1375183
1592037
1358052
1382840
1363130
1591572
1357041
1392957
1501878
1351273
1363131
1356005
1343022
1358047
1342754
1382442
1591430
1592013
1382849
1356031
1357050
1357028
1363246
1376084
1345041
1358055
1363241
1376068
1382605
1358044
1380242
1380244
1356044
1591579
1582025
1345023
1341617
1357046
1376079
1348026
1341619
1360245
1357031
1358041
1357095
1392954
1382646
1392880
1375175
1357023
1376332
1501844
1343030
1357049
1363230
1343021
1363138
1343035
1392958
1358030
1598901
1382604
1360246
1357040
1382448
1592017
1363132
1356019
1356010
1363141
1357043
1376086
1591877
1363239
1380243
1358035
1357094
1376336
1363249
1357058
1345029
1382846
1357053
1363233
1379815
1356046
1358040
1356024
1598902
1358053
1591316
1590201
1376076
1591311
1375189
1591581
1581330
1363238
1357033
1376078
1375174
1376067
1376333
1363232
1375188
1376087
1348029
1382449
1363139
1357035
1356011
1590202
1598908
1352779
1357048
1592047
1592018
1356018
1351274
1358050
1363133
1343031
1356006
1351271
1356007
1357097
1382847
1345043
1357022
1351275
1363248
1375177
1392959
1341615
1360247
1356045
1363236
1348023
1382603
1375186
1343024
1382843
1592016
1376077
1358032
1376335
