1389215
1529113
1399178
1389119
1502931
1522961
1502974
1589151
1589168
1529116
1587766
1590918
1502981
1587731
1529194
1509172
1389212
1389118
1399212
1363672
1589114
1592916
1599112
1377286
1399216
1377228
1599157
1399211
1529114
1519117
1512934
1592941
1519116
1599154
1599111
1522981
1522969
1399213
1363687
1589131
1509141
1357113
1599191
1529111
1592981
1512911
1389214
1399219
1399214
1522941
1519115
1509129
1522911
1377226
1592907
1509181
1592917
1599153
1389210
1500921
1370021
1587752
1599110
1377285
1519118
1512987
1587767
1519114
1529112
1377227
1580911
1519119
1529117
1389114
1592906
1389217
1509111
1509121
1589118
1590914
1502941
1599156
1582911
1389111
1522975
1589157
1592934
1350911
1399210
1512951
1389219
1500911
1363686
1599151
1587741
1519112
1363024
1389216
1592957
1509101
1599155
1389211
1390911
1389112
1389115
1511491
1522951
1377289
1502911
1599152
1519113
1590921
1509125
1357114
1582981
1592985
1389116
1377225
1599142
1389113
1512938
1519110
1590911
1589111
1377288
1529115
1592961
1599158
1589156
1399217
1502968
1582941
1512941
1357110
1399218
1389218
1389117
1582999
1357115
1590922
1377229
1589105
1599150
1519111
1389213
1592911
1512959
1589164
1399177
1599141
1380911
1589141
1589101
1589161
1399215
1512975
1592938
1582959
1357111
1520911
1599159
