1311923
1559445
1559690
1308485
1324417
1559287
1559696
1310809
1559112
1308486
1566762
1559118
1569118
1328964
1569111
1560911
1566752
1566763
1311922
1566757
1559288
1561911
1559692
1559620
1302647
1559697
1559447
1322001
1323918
1300858
1559115
1310967
1561987
1561986
1322798
1559284
1324412
1325911
1559693
1324419
1322791
1309806
1559291
1311921
1328963
1559477
1860921
1559621
1310802
1569114
1559285
1559446
1559694
1559698
1300859
1566755
1566760
1561988
1303856
1559114
1559117
1310813
1559622
1328966
1314911
1559437
1559434
1322008
1559448
1559441
1566766
1569113
1569116
1559283
1566759
1311920
1559695
1559290
1566761
1324411
1320911
1559297
1559470
1860929
1561989
1328911
1559476
1559699
1308094
1559293
1309807
1324413
1322006
1559624
1559436
1559471
1300857
1559296
1559282
1559440
1566751
1559623
1309804
1566753
1328965
1559435
1559443
1323923
1328946
1559292
1559449
1559439
1559119
1308095
1311925
1569115
1325930
1559295
1324414
1566750
1324418
1559299
1323911
1309805
1320928
1569110
1559474
1309809
1328968
1302643
1566756
1320929
1569119
1323922
1566767
1325932
1324415
1559116
1559438
1559473
1559432
1559442
1559280
1559111
1566758
1311926
1559294
1323921
1324416
1559298
1559475
1559444
1323920
1309808
1566764
1559433
1559430
1559281
1559472
1311924
1325931
1559626
1559691
1303857
1569112
1559619
1559625
1860911
1303844
1328969
1328967
1322796
1311927
1559113
1559110
1561985
1566754
1552911
1559286
1559431
1559289
1566765
1569117
