1550795
1320705
1557944
1560795
1300626
1313379
1557984
1860795
1313385
1557037
1557030
1557945
1567950
1324775
1325705
1557956
1301447
1557955
1301449
1303626
1311795
1567959
1323795
1557951
1557909
1321795
1569785
1557957
1557908
1557943
1567951
1557950
1567952
1569795
1301448
1557038
1301446
1323705
1557035
1557027
1567953
1317756
1557958
1300627
1557036
1323765
1309715
1860705
1557953
1557906
1557959
1567954
1557026
1301445
1317757
1325795
1557952
1557904
1557907
1326305
1309705
1567956
1557033
1313378
1567955
1557034
1317758
1317795
1308617
1557983
1326390
1313400
1557905
1557025
1326395
1324795
1557982
1557031
1567958
1308615
1557954
1321705
1323709
1303627
1550700
1557032
1560705
1567957
1313395
1320795
