1397956
1517057
1351795
1587952
1375585
1376758
1517951
1357654
1357658
1518053
1527044
1376751
1597055
1376642
1376759
1517958
1587989
1360705
1590945
1590941
1357655
1597057
1527954
1508387
1593280
1387051
1590948
1590944
1375584
1527955
1387058
1597059
1587951
1397950
1376750
1587958
1517952
1597056
1517955
1376756
1517058
1597954
1507952
1357656
1387957
1387951
1518055
1510705
1517056
1350705
1376640
1387952
1397051
1387050
1375583
1597952
1517953
1517059
1597058
1507955
1507056
1597053
1590943
1518054
1375589
1370700
1387950
1375582
1580705
1590947
1507954
1380795
1517954
1397953
1397052
1517052
1357615
1593281
1397955
1527952
1587956
1376757
1597951
1397958
1590705
1507055
1587950
1597054
1397053
1376754
1387958
1387053
1527040
1397957
1397951
1397050
1587953
1357650
1520705
1597950
1376755
1357616
1527041
1587959
1390705
1387959
1370795
1587954
1510795
1507050
1593282
1350795
1508395
1527987
1527953
1387055
1370705
1527958
1397954
1375587
1357651
1387954
1387052
1357617
1517956
1527988
1527042
1397054
1507057
1390795
1507957
1590949
1357659
1397055
1587988
1597052
1597027
1518050
1517053
1507956
1590940
1518056
1518059
1351705
1590795
1376643
1527951
1517055
1507051
1375588
1507958
1593283
1518051
1527986
1518058
1527989
1597051
1357619
1507059
1518057
1520795
1517050
1357653
1529795
1597026
1397056
1387956
1376753
1580795
1507052
1387057
1587957
1507959
1597025
1507951
1527985
1357652
1527950
1593284
1508385
1590942
1376644
1360795
1597050
1527956
1500795
1517957
1517950
1527043
1527959
1597953
1376752
1357618
1518052
1375586
1387953
1507950
1517051
1517054
1397952
1376641
1507053
1517959
1387955
1387056
1590946
1508386
1507953
1507054
1527957
1397057
1587955
1387054
