1896123
1337226
1891509
1334817
1892105
1896110
1896117
1891232
1896145
1337228
1330612
1334788
1896111
1531253
1891586
1332818
1895123
1895121
1531254
1334789
1896124
1896116
1891505
1891430
1337227
1895122
1330611
1896112
1891233
1337629
1530612
1890612
1896115
1896143
1337219
1333789
1332789
1896146
1891504
1892101
1896113
1896126
1531257
1332788
1890149
1338280
1896114
1531258
1896144
1335818
1530150
1891432
1891588
1338283
1337628
1891503
1335819
1534519
1891502
1896127
1333879
1896147
1890611
1892100
1333819
1892103
1338244
1896140
1891580
1891585
1891587
1330149
1333816
1337229
1530149
1333788
1531255
1332817
1896121
1892108
1891234
1891431
1338284
1337224
1337627
1896128
1896125
1891501
1338286
1896148
1338281
1335817
1891507
1531256
1896142
1895120
1892109
1896120
1892102
1531250
1891581
1533501
1891584
1335788
1334819
1330614
1332816
1896149
1891589
1333817
1533500
1335789
1333880
1337625
1891506
1891500
1338285
1891433
1531239
1890150
1530611
1891230
1533502
1332819
1338282
1334816
1896129
1531251
1891582
1892106
1896119
1337626
1891434
1896141
1896122
1891508
1330150
1892104
1333818
1890614
1531259
1530614
1337225
1891583
1892107
1891231
1531252
1335816
1334818
1338287
1896118
