1327521
1303251
1317417
1323518
1322255
1306399
1327091
1329130
1300438
1305716
1309319
1566525
1566510
1305715
1301044
1301688
1860259
1309254
1327520
1309255
1565121
1323517
1327519
1321868
1300440
1327094
1329132
1314255
1306398
1309251
1315125
1322256
1327093
1327039
1318250
1308251
1309318
1560149
1306390
1322519
1309242
1565120
1306393
1327518
1565122
1311528
1308250
1329131
1315129
1327038
1322253
1566521
1309252
1305718
1315126
1323516
1306391
1300443
1321865
1566527
1860519
1305711
1309243
1301685
1314250
1566528
1315128
1566526
1309317
1306392
1565123
1309250
1300442
1315127
1329134
1322252
1560611
1309316
1305717
1327095
1314252
1566529
1566524
1322251
1327037
1314251
1322258
1309258
1305712
1309253
1300437
1329133
1320510
1327523
1566520
1322257
1301684
1305719
1300441
1306395
1306396
1309259
1311529
1320520
1327090
1306394
1560614
1560612
1306397
1322247
1309315
1305710
1327524
1560150
1321864
1321867
1318256
1301689
1309256
1321887
1311527
1321869
1566459
1301686
1860149
1569519
1327522
1569520
1566522
1321866
1314254
1860257
1322259
1321847
1322250
1314256
1323519
1314253
1303250
1566458
1566523
1305713
1309257
1301687
1327092
1317416
1860258
1305714
