1377529
1391234
1519053
1386109
1386116
1589507
1506196
1586112
1518971
1596145
1396120
1515194
1519507
1358435
1386102
1529507
1391581
1351526
1500612
1381351
1358530
1518978
1377683
1506114
1525192
1599504
1599503
1596115
1596129
1529517
1386123
1596126
1529518
1395122
1358540
1586117
1377562
1396124
1377505
1515195
1391582
1392104
1505195
1596140
1506195
1386129
1586116
1586188
1518974
1381367
1386103
1391506
1390149
1519508
1370159
1586111
1599507
1518972
1390612
1391589
1377689
1351166
1377523
1589503
1516112
1377682
1381500
1370611
1391503
1381503
1392107
1381352
1377638
1358541
1390150
1596110
1351525
1586189
1505197
1377502
1519509
1505194
1396114
1396125
1377511
1391433
1510611
1586115
1396143
1596116
1596125
1586187
1506194
1386122
1370150
1595120
1525193
1386107
1381359
1386114
1595122
1596113
1358436
1391233
1515192
1390611
1386268
1596111
1586114
1586118
1377685
1580611
1377526
1391583
1599502
1595121
1585196
1586110
1590612
1391430
1589505
1585195
1377686
1386104
1516111
1589500
1358543
1589501
1516117
1370148
1599505
1596128
1506192
1358542
1516110
1510612
1358439
1529504
1505196
1518976
1519502
1386115
1506111
1377521
1585197
1505198
1529509
1350611
1391509
1386106
1386125
1525194
1358430
1377528
1391584
1358456
1596149
1518970
1377518
1351167
1519054
1377687
1596114
1526115
1525195
1377503
1377561
1526116
1529503
1386105
1586119
1386269
1386124
1395123
1518975
1515193
1396142
1351527
1529502
1358438
1519503
1381366
1515191
1599508
1386110
1506193
1596112
1370612
1525199
1358457
1580612
1396145
1596127
1505191
1529506
1519500
1360150
1377509
1585191
1358454
1505199
1596120
1596122
1529513
1340130
1377684
1391432
1596141
1358544
1526118
1392109
1377500
1525196
1500614
1358451
1585198
1596119
1586185
1516115
1377524
1358458
1396147
1506110
1392100
1391585
1377508
1515190
1380614
1529500
1585190
1585199
1599500
1377519
1380907
1386120
1586184
1380612
1586183
1519505
1377501
1350614
1525198
1505192
1518979
1396141
1596147
1595123
1505190
1506199
1396116
1520614
1377516
1526110
1391507
1599506
1506190
1586113
1381504
1391232
1358455
1391500
1585192
1516116
1377527
1381507
1358433
1386112
1515196
1586186
1391586
1516118
1377522
1515198
1358459
1596121
1377563
1526113
1519050
1396148
1358432
1506113
1589508
1526117
1391588
1381505
1516113
1377560
1519051
1395120
1506191
1396117
1529514
1585193
1505193
1392101
1377517
1525197
1358450
1396128
1529516
1381354
1392108
1506198
1589504
1391508
1360159
1526114
1529501
1519501
1596143
1518977
1529508
1380149
1529505
1596124
1596148
1580614
1396127
1396113
1377525
1529519
1590611
1596142
1370614
1519504
1391434
1396126
1516119
1500611
1596117
1377514
1391431
1358533
1377507
1526112
1386128
1506112
1386101
1515197
1380611
1358453
1392102
1377681
1518973
1506197
1525191
1386118
1381508
1596146
1516114
1589506
1519506
1520611
1529511
1526111
1596144
1515199
1391587
1358434
1529510
1391505
1520612
1377506
1596118
1526119
1390614
1392103
1396112
1589502
1505110
1590614
1585194
1377520
1525190
1377513
1377680
1529515
1358452
1377639
1377515
1360611
1529512
1350612
1377688
1377504
1519052
1599501
1596123
1510614
1396115
