1568149
1307902
1328170
1303663
1328175
1322827
1300285
1307905
1309450
1306433
1568147
1328142
1307904
1552028
1552029
1306432
1308632
1328173
1567665
1568019
1309619
1320821
1303647
1569281
1322828
1310844
1568148
1322846
1303665
1307903
1568187
1308431
1569280
1303664
1552027
1568188
1321917
1567663
1568189
1321941
1860818
1552887
1328174
1310818
1567664
1321916
1568016
1315870
1307908
1552888
1307901
1308815
1568146
1328171
1560824
1321919
1307900
1315842
1307909
1308633
1567666
1307907
1860823
1568145
1860824
1328172
1321918
1303662
1307906
1308814
1309285
