1379569
1519686
1388287
1588296
1398146
1351824
1588186
1522805
1398288
1588372
1518182
1528182
1508285
1350825
1598387
1598299
1518281
1355146
1355141
1519689
1377834
1508286
1588187
1398148
1377830
1598475
1356818
1522804
1388288
1528184
1588371
1354829
1588472
1519687
1588295
1518357
1518359
1598388
1518188
1355147
1377837
1528181
1588188
1528188
1508287
1598389
1518358
1398280
1398289
1398147
1589240
1592825
1580819
1518146
1388289
1356819
1518288
1519688
1522803
1590838
1588473
1588181
1350824
1589299
1528186
1598298
1528180
1588291
1354828
1528189
1398284
1588298
1588145
1518183
1588373
1370092
1354827
1588189
1528328
1380824
1522809
1508288
1588292
1522802
1588297
1388285
1398019
1598297
1388284
1377836
1589298
1518180
1351825
1355144
1398281
1398917
1580818
1519685
1508289
1518284
1398283
1518186
1390824
1518286
1528242
1518181
1588183
1589297
1355852
1398286
1522801
1528187
1355853
1518283
1388283
1592824
1588182
1518289
1588184
1356817
1398916
1508241
1388280
1377838
1398149
1598478
1589296
1518287
1508240
1598479
1355142
1518189
1518282
1528241
1589242
1588294
1355854
1522807
1388281
1588290
1588299
1388282
1589241
1528183
1518185
1598449
1588144
1598476
1398285
1522808
1508242
1398145
1518285
1355855
1350826
1590848
1355140
1379567
1588180
1589295
1356816
1528240
1389042
1355143
1379596
1522806
1356834
1588293
1588370
1598386
1377832
1598385
1373079
1388286
1522800
1588185
1398282
1398287
1528329
1518187
1528185
1598448
1598477
1377835
1590828
1518280
1379568
1356835
1355145
