1363741
1362748
1368736
1368738
1364743
1367737
1368737
1367730
1368739
1366730
1354877
1368735
1365735
1366731
1366739
1361748
1362742
1367731
1354875
1368734
1366737
1367732
1365740
1365743
1354874
1368733
1365749
1364744
1366738
1366736
1365748
1362741
1367733
1365741
1366735
1362731
1361848
1354873
1364749
1368732
1364731
1361731
1367748
1367734
1366734
1367739
1361849
1361749
1365731
1368731
1354870
1364748
1361846
1354879
1366733
1367749
1367738
1362749
1354871
1367735
1361847
1368730
1367736
1366732
1364741
1354878
1365744
1354872
