1314219
1314201
1860841
1323747
1303731
1329731
1557486
1557314
1557434
1314208
1567516
1307737
1314220
1552645
1327241
1561621
1320731
1557316
1557310
1308054
1567482
1308055
1557435
1327200
1557499
1557089
1327243
1301074
1561688
1557668
1867311
1314202
1567519
1561620
1557085
1567517
1557490
1867318
1560843
1314206
1314215
1557485
1321263
1320316
1557311
1301731
1567319
1327201
1557489
1860731
1327887
1567514
1557590
1552644
1561623
1567584
1557315
1327208
1305516
1314227
1307734
1561611
1314221
1557666
1329748
1310749
1557480
1557487
1560731
1313531
1552647
1310721
1323748
1302748
1301729
1557512
1557086
1320747
1557491
1557516
1320317
1557669
1567581
1561612
1308052
1567587
1552648
1567318
1560842
1301718
1310731
1561622
1327207
1567480
1327885
1302731
1557498
1567511
1314207
1557586
1307733
1867317
1327886
1567489
1327246
1301719
1867312
1557432
1313528
1313521
1308056
1314214
1311751
1313501
1567316
1329869
1310741
1327245
1320742
1301728
1323741
1557595
1557582
1561610
1557087
1318702
1557497
1327202
1561613
1302749
1305518
1557492
1314222
1561602
1567481
1557589
1308053
1557515
1314229
1310742
1329740
1308050
1557438
1557433
1567580
1320749
1307732
1301616
1323731
1567488
1567586
1561624
1314223
1567512
1557510
1557493
1327884
1323742
1567486
1567317
1300749
1557482
1327209
1305419
1323749
1569731
1561617
1314213
1557592
1557431
1557518
1552649
1300731
1567495
1307738
1552642
1329742
1561646
1310711
1320310
1567588
1557584
1867310
1320748
1567515
1329749
1867319
1557580
1327248
1561616
1327206
1557660
1314204
1567487
1314224
1867315
1320312
1557517
1314212
1308731
1557439
1560849
1303678
1560847
1557430
1561626
1314205
1569749
1560844
1552641
1567497
1329747
1327205
1320741
1567589
1561603
1561615
1560748
1557661
1567494
1557597
1327247
1557481
1557665
1567315
1560848
1305418
1320313
1557587
1557594
1561625
1305417
1314226
1567582
1867316
1301739
1557583
1567484
1327242
1318701
1557494
1561644
1561600
1557319
1560846
1567493
1314216
1552640
1301738
1567314
1327249
1327204
1557312
1567490
1567518
1561618
1310025
1329865
1569748
1300741
1557495
1329868
1557591
1321731
1305517
1557484
1567496
1560841
1303679
1557436
1567491
1314217
1552643
1302743
1557662
1557513
1557488
1310748
1560845
1561601
1557596
1307730
1314210
1567485
1308051
1557581
1314209
1567311
1305416
1307739
1567583
1325748
1567492
1560749
1302742
1327889
1320311
1567499
1314225
1557318
1867313
1320314
1314211
1567513
1310031
1557437
1557667
1327240
1300742
1557313
1314200
1311731
1321261
1329741
1325731
1557496
1557514
1557663
1314218
1561645
1557599
1327203
1557317
1860840
1321741
1314228
1561666
1567313
1557483
1557588
1567510
1561619
1307731
1567310
1560840
1557585
1557088
1557664
1552646
1304721
1307735
1300743
1313511
1305519
1557511
1302741
1307736
1314203
1567312
1327223
1327888
1557519
1567498
1321748
1567483
1321262
1557593
1320315
1567585
1867314
1561614
1557598
1327244
