1897588
1897496
1334869
1897515
1897580
1338749
1897487
1330749
1334131
1335722
1890845
1339761
1330841
1338748
1897318
1897582
1330846
1331749
1530748
1530846
1334861
1897486
1897514
1897581
1530845
1897316
1334867
1331957
1333731
1897497
1897516
1330847
1897494
1534731
1897585
1897584
1897489
1897481
1330748
1530749
1331955
1339760
1897317
1335731
1897517
1330731
1530840
1332721
1330849
1330848
1333251
1897495
1339731
1897488
1897519
1897480
1530841
1334251
1331950
1331956
1331731
1897491
1897510
1337891
1334960
1897314
1897482
1897490
1897518
1897511
1530849
1897586
1897315
1890848
1897312
1890749
1890748
1331954
1331951
1897483
1530848
1331953
1890849
1330844
1897587
1334731
1334721
1530842
1890731
1897498
1534831
1533783
1334871
1336749
1339749
1890846
1897484
1897493
1339748
1330840
1897512
1331960
1331952
1336731
1897313
1339741
1338731
1331959
1530843
1897492
1530847
1336748
1530731
1333721
1897485
1897589
1897499
1334868
1335721
1331748
1897513
1897583
1330843
1890847
1331958
1897310
1339764
1897311
1530844
1337801
1330842
1332731
1339751
1330845
1897319
