1580731
1373907
1587481
1580264
1511116
1527496
1397311
1580262
1378705
1887312
1511131
1521110
1375517
1507312
1511644
1511622
1580253
1397487
1375506
1387598
1508497
1397497
1527494
1527315
1511637
1511132
1511107
1387490
1511122
1527313
1375507
1500731
1378723
1357410
1587494
1397492
1587427
1511136
1597411
1507495
1378724
1354864
1360748
1354865
1354858
1507488
1390845
1397517
1587423
1597312
1590731
1587405
1387581
1587499
1387480
1587310
1587418
1508483
1390749
1507481
1357480
1378717
1587409
1511103
1357416
1508471
1887314
1508490
1587491
1597314
1397490
1397586
1597419
1580263
1587487
1527497
1587412
1511145
1521116
1587314
1521107
1511643
1587400
1511130
1887311
1527319
1390731
1511629
1511115
1507311
1587484
1387313
1397312
1511108
1375518
1527485
1354854
1373906
1508489
1397518
1511630
1587415
1378716
1527314
1387310
1378702
1375508
1511645
1508499
1597413
1357418
1887310
1587316
1507489
1580265
1508480
1350742
1397584
1587408
1387589
1511649
1511102
1597422
1354857
1508470
1527484
1511628
1357417
1511138
1511648
1378718
1354859
1587429
1390748
1527495
1587496
1511109
1508488
1597310
1580255
1511123
1580266
1887315
1511128
1508498
1378616
1511144
1511147
1520749
1350741
1517316
1373909
1527489
1527488
1511610
1511100
1378711
1354855
1354898
1387312
1511137
1378703
1508478
1521112
1351747
1511119
1387588
1507314
1354853
1580261
1507497
1597414
1508481
1507494
1508492
1350849
1350847
1397484
1390849
1597420
1887317
1397491
1580252
1507487
1521109
1587315
1587312
1375500
1380843
1511635
1397587
1520748
1357486
1397319
1387492
1378708
1587482
1354895
1511647
1354861
1507486
1580254
1597319
1517319
1378618
1508487
1587403
1511618
1517317
1350740
1387487
1387484
1587311
1507313
1587417
1511636
1378611
1387318
1511638
1511117
1372386
1521100
1357414
1354860
1378729
1511146
1510731
1378700
1507496
1380849
1397588
1580267
1378719
1527486
1587318
1521117
1511646
1587490
1508473
1387495
1354856
1511625
1350848
1587410
1508493
1887316
1511129
1511139
1511627
1354897
1397483
1373908
1375515
1587406
1521104
1527312
1511101
1511619
1511632
1511626
1587493
1511639
1397582
1587413
1511110
1597313
1597417
1511121
1507499
1378709
1354964
1397310
1354965
1511140
1508479
1350745
1354869
1375513
1357415
1517311
1527311
1587495
1587422
1507492
1597415
1587498
1521103
1511149
1511612
1597318
1375502
1587317
1597423
1511127
1521114
1517314
1589731
1580259
1387594
1580268
1887318
1387494
1511118
1580250
1511111
1507485
1508476
1354896
1508486
1397589
1507316
1527490
1387596
1357419
1511617
1397485
1597410
1508472
1517315
1387583
1507498
1508494
1521106
1378727
1511631
1350731
1587480
1511640
1597429
1597418
1587404
1397482
1390847
1397499
1378713
1507493
1387590
1372385
1507484
1511634
1378706
1508485
1527318
1597416
1587419
1375512
1587492
1375503
1587488
1508495
1520731
1511616
1507315
1354863
1511126
1397581
1511120
1357413
1511620
1397481
1387497
1517310
1511105
1597317
1511148
1887319
1380847
1508475
1580258
1397486
1511112
1597425
1511623
1527493
1521111
1511611
1587426
1378612
1357487
1580251
1354862
1527317
1517313
1517318
1507317
1521108
1521119
1580257
1508477
1357412
1397316
1387597
1397488
1587401
1507480
1507310
1511641
1354868
1378721
1351740
1527480
1511141
1521105
1587411
1527499
1521115
1587497
1580269
1378726
1521102
1387591
1508484
1527498
1390848
1587425
1375519
1527492
1597426
1521101
1507483
1587483
1527491
1587485
1370749
1511615
1597428
1387496
1378707
1511113
1511621
1511642
1511114
1387483
1380845
1387587
1387311
1387317
1397515
1511624
1511104
1380748
1587416
1587421
1597316
1511613
1354967
1380846
1375511
1378778
1511143
1521113
1587428
1507490
1387599
1507318
1527483
1373905
1507491
1597311
1887313
1375505
1587407
1511106
1397496
1387491
1511134
1508482
1511633
1527487
1527310
1587414
1511614
1390846
1511133
1511124
1580256
1587319
1521118
1527481
1587489
1397494
1587402
1508496
1378704
1597427
1527482
1527316
1508474
1387488
1357411
1378615
1587424
1350746
1387498
1354866
1597315
1350744
1511125
1597421
1351748
1587486
1511135
1354968
1387481
1508491
1360749
1507482
1597412
1507319
1511142
1380749
1517312
1387586
