1531098
1898316
1898383
1531089
1531052
1534043
1533460
1531090
1334024
1531018
1532091
1337079
1531069
1336842
1338895
1339986
1533054
1335033
1898380
1898328
1533052
1898369
1330838
1335030
1898309
1534048
1531027
1533055
1899610
1899619
1534038
1337279
1336847
1330836
1331022
1330837
1532024
1531079
1334029
1333024
1336803
1531074
1898344
1531070
1898302
1532067
1338964
1533045
1899646
1336830
1333034
1532082
1336409
1531038
1531031
1333020
1531029
1898337
1339982
1532022
1533467
1532049
1534055
1337271
1532060
1336812
1332022
1533058
1533049
1898395
1898388
1534053
1332021
1533037
1531017
1899629
1533457
1898375
1534056
1533450
1898378
1899601
1532099
1533046
1898317
1898323
1336804
1532034
1336400
1335031
1335032
1333029
1333033
1899645
1334023
1534035
1338897
1531097
1534046
1531010
1334038
1898389
1890831
1333039
1338890
1531062
1534047
1532041
1899638
1898308
1532078
1336403
1332027
1337275
1333030
1531030
1336809
1337263
1531032
1531044
1337072
1899600
1336845
1335036
1532021
1898371
1531076
1531091
1532023
1898322
1532081
1898394
1899621
1898368
1531055
1531043
1336838
1531085
1899614
1331021
1337265
1898336
1899644
1336839
1532057
1534033
1899635
1338898
1336832
1337074
1336406
1331024
1899628
1531064
1337070
1532035
1332028
1533464
1899607
1331029
1532066
1333023
1531077
1534042
1336801
1338966
1533458
1532044
1898345
1533469
1534036
1338965
1898307
1330003
1337278
1898335
1533057
1532029
1332037
1337266
1898342
1533038
1531061
1898376
1532063
1531056
1898386
1332030
1899608
1899613
1531004
1335038
1533050
1533042
1336810
1532052
1532043
1533455
1337264
1333022
1898397
1531086
1531008
1532079
1898314
1334022
1335035
1532080
1531063
1532072
1531001
1531099
1898363
1531047
1336837
1531092
1532038
1339981
1531024
1531042
1890836
1337076
1899636
1532036
1337267
1533463
1331023
1330826
1899622
1334402
1336831
1532037
1533032
1533456
1532058
1898343
1338960
1532065
1898361
1898325
1338899
1898381
1534044
1334039
1534050
1898304
1898306
1337273
1332036
1531037
1531007
1336848
1330835
1337073
1533030
1330002
1339984
1890838
1899643
1531071
1337260
1334021
1898360
1531060
1531023
1531022
1335037
1534052
1534049
1333021
1339983
1531013
1532094
1336802
1898387
1531002
1532064
1531057
1337261
1532096
1890839
1336401
1531083
1532051
1531066
1336843
1531048
1532087
1333032
1532085
1898373
1898305
1339989
1532030
1898324
1534039
1337274
1898362
1338892
1532071
1336808
1534034
1899623
1898384
1898396
1533035
1334401
1336825
1898315
1532054
1332029
1334026
1333037
1899641
1337075
1899634
1898319
1339987
1332038
1336818
1330834
1532056
1336835
1890830
1337276
1898391
1899642
1899624
1533041
1531003
1336836
1338968
1899616
1334031
1890837
1898379
1533031
1333031
1332035
1337268
1336823
1336816
1531041
1336404
1533048
1899615
1898370
1898320
1898347
1531084
1336817
1331027
1532047
1899606
1532086
1898398
1898326
1531006
1533466
1533454
1533053
1531021
1336846
1533040
1532095
1334033
1898341
1531065
1898392
1533453
1531014
1330827
1899605
1334020
1333038
1338891
1532088
1898348
1337262
1336402
1533047
1898313
1531040
1336841
1334032
1533034
1532053
1531039
1334025
1336826
1899618
1333026
1532045
1338967
1534031
1533059
1338894
1534041
1531078
1336815
1899625
1899633
1336807
1531059
1532028
1339988
1336407
1332020
1531026
1532046
1532027
1532093
1899611
1532074
1336824
1332032
1533130
1332039
1531035
1531049
1898365
1533036
1334034
1898340
1898390
1890834
1330832
1334035
1898346
1898327
1330833
1533039
1533451
1334028
1336827
1899604
1898321
1532055
1531073
1533033
1334403
1532073
1898349
1337078
1531000
1898312
1533465
1534045
1898393
1898385
1890832
1336820
1898399
1533461
1531025
1898318
1898374
1531058
1336806
1330825
1534059
1531011
1331028
1533043
1898364
1534032
1532040
1534057
1899649
1335039
1531050
1899648
1332033
1336834
1531094
1531067
1531081
1533452
1338969
1532089
1332031
1336814
1532048
1531054
1332023
1333036
1532083
1531072
1898367
1336849
1531087
1532061
1531036
1336821
1531020
1532092
1338893
1532075
1337270
1899617
1338962
1531005
1531096
1532098
1899603
1532026
1534054
1331025
1336405
1898310
1333025
1898303
1899639
1532076
1890835
1336828
1339980
1898300
1532097
1531012
1899612
1532020
1898382
1534051
1336844
1532031
1337269
1337071
1334027
1533462
1531033
1534040
1332026
1532070
1336819
1531045
1890833
1333035
1330830
1899632
1337077
1336805
1899626
1330839
1531015
1533044
1336813
1531095
1531051
1532062
1531093
1533459
1332025
1898301
1532090
1532032
1339985
1531046
1338961
1898372
1335034
1531082
1338896
1336833
1531080
1533056
1532039
1531068
1531088
1533051
1898329
1333028
1334036
1532084
1534037
1532025
1531028
1899609
1331026
1899627
1532069
1899631
1333027
1899602
1531075
1532050
1532077
1898338
1336829
1532042
1336822
1331020
1899630
1531034
1898377
1898339
1534058
1532033
1336408
1898366
1899640
1336800
1532068
1336840
1337277
1899620
1531019
1332034
1533468
1899637
1899647
1332024
1334037
1531009
1532059
1330831
1531016
1337272
1334030
1531053
1534030
1338963
1898311
1336811
