1345213
1343618
1343604
1343626
1345235
1345298
1345286
1375288
1343613
1345299
1343610
1343619
1345290
1345217
1345234
1345281
1345207
1343601
1343612
1343627
1345215
1345218
1345208
1345289
1343628
1343620
1360834
1345284
1582326
1345233
1345296
1343607
1343629
1343621
1343600
1388318
1343615
1345209
1345231
1343622
1343614
1345282
1345287
1343608
1343609
1592301
1345239
1345232
1345203
1345212
1343605
1343623
1343616
1345294
1343624
1345295
1363830
1345202
1345280
1345293
1345211
1345204
1345285
1345238
1388343
1345214
1345237
1345201
1345205
1345230
1343606
1343611
1345200
1345288
1345283
1388317
1343625
1345297
1345292
1343617
1345236
1370833
1343603
1345206
1345291
