1316780
1304840
1316791
1304832
1309865
1304734
1304835
1304238
1319307
1304233
1302231
1304841
1319306
1319321
1316792
1316787
1302836
1309864
1302237
1316781
1319303
1302835
1304849
1319305
1304735
1316789
1319322
1304837
1304834
1302236
1304845
1309862
1319304
1316795
1303835
1301838
1302239
1304733
1319329
1304236
1302838
1309866
1319302
1304844
1319312
1303236
1316784
1319324
1304239
1319319
1304739
1316786
1302238
1304830
1316794
1316797
1301235
1304839
1304230
1302830
1302837
1304732
1304234
1319313
1302832
1304847
1316799
1309877
1319325
1304738
1304836
1302233
1306838
1319311
1304237
1304231
1304846
1304842
1319318
1301830
1316790
1304730
1319314
1304833
1316796
1302232
1304232
1319326
1302831
1316782
1319308
1304731
1316785
1302839
1302235
1304737
1319317
1304848
1302834
1316788
1304843
1319316
1304831
1304838
1319315
1302230
1304235
1316793
1300232
1302234
1301236
1319309
1304736
1316783
1316798
1302833
