1552322
1860230
1860237
1310899
1303231
1311406
1561031
1568381
1322850
1868093
1322034
1319301
1322027
1327188
1552348
1568324
1569660
1321253
1324359
1569650
1306237
1310891
1325116
1568311
1568333
1324352
1568318
1322020
1567014
1860231
1301239
1311010
1560835
1327492
1303633
1560830
1568331
1567023
1300838
1309872
1569690
1569632
1568374
1327266
1568310
1569622
1561044
1313235
1303233
1552323
1321239
1568388
1568325
1327199
1561032
1322491
1567006
1568353
1311017
1314026
1325140
1327299
1322401
1561078
1311020
1569604
1311026
1307238
1313236
1568339
1568366
1314033
1552331
1568389
1561049
1552306
1303831
1311015
1322499
1327287
1552352
1561061
1319320
1306835
1329007
1329006
1327252
1320623
1321235
1320603
1316441
1327291
1561088
1561067
1306024
1325133
1310232
1561004
1569611
1325122
1560832
1868086
1568344
1307548
1327405
1568394
1568387
1860236
1322862
1303239
1310103
1320625
1561022
1322035
1300233
1320610
1322861
1320601
1321247
1327265
1322022
1310104
1310106
1325111
1322023
1567015
1569630
1325115
1569639
1561045
1306238
1561033
1327183
1309873
1327404
1569658
1303830
1568330
1322408
1568319
1303837
1327190
1567022
1310130
1567028
1327491
1561083
1311405
1307549
1552342
1310123
1868094
1322493
1568316
1311027
1310890
1322852
1568380
1314029
1561026
1560833
1306235
1561005
1300830
1561055
1327286
1310113
1320616
1561058
1324351
1568309
1327187
1327278
1316440
1300832
1301233
1314038
1322032
1310122
1322026
1322851
1301835
1568375
1306027
1319328
1569625
1561019
1568336
1552367
1569682
1327290
1321237
1552332
1552350
1309867
1320611
1310896
1561069
1310235
1320609
1324357
1568327
1307239
1568386
1561089
1300235
1568395
1321255
1329005
1569602
1561079
1567001
1327277
1568354
1303832
1561020
1310114
1569616
1569610
1568390
1327194
1321252
1569653
1306234
1306834
1568347
1320602
1300230
1322402
1309874
1568334
1322492
1322863
1552325
1569644
1568329
1569659
1327253
1310119
1322407
1868085
1300234
1325110
1569638
1307231
1567026
1569688
1322024
1311404
1327189
1568317
1311013
1300831
1567029
1552314
1314039
1569631
1301232
1569681
1327297
1306833
1868087
1567007
1561082
1306231
1327271
1561006
1306023
1552353
1568383
1316448
1567008
1552347
1310234
1320608
1321250
1306239
1567017
1321232
1300833
1569672
1311028
1310105
1868095
1561054
1327257
1301230
1322498
1568392
1322497
1329008
1322025
1569687
1568372
1327279
1561025
1310112
1552340
1306836
1327285
1568365
1325137
1327264
1310131
1303838
1552324
1311403
1568364
1327193
1327263
1324358
1310237
1311022
1306233
1568337
1327403
1321244
1303634
1568385
1552333
1327490
1311019
1309875
1552349
1552304
1314020
1568346
1316447
1561046
1325114
1552313
1310132
1569667
1569673
1301837
1561097
1568308
1310125
1329004
1568335
1329009
1561011
1321254
1860235
1552368
1561068
1327184
1569617
1561034
1322495
1322869
1552311
1561072
1300236
1322033
1568328
1311029
1321241
1569603
1303639
1561073
1569645
1322409
1568373
1568326
1561094
1552354
1325149
1319323
1325124
1321251
1561056
1568393
1322496
1868089
1569695
1310111
1316449
1306026
1307232
1314031
1567004
1327402
1327254
1327272
1327258
1327298
1306837
1561081
1307543
1325113
1310897
1320605
1868096
1325138
1569600
1310139
1322400
1568391
1568355
1320612
1322856
1552303
1325123
1552369
1306230
1309863
1306029
1561029
1301238
1568382
1868084
1327289
1552339
1301833
1569609
1569618
1569674
1309869
1327262
1569656
1327408
1569694
1306021
1561036
1307233
1327280
1311014
1567009
1321258
1552319
1319310
1320621
1567016
1325117
1568370
1568377
1569685
1561007
1552334
1314037
1320628
1569666
1321234
1569637
1560839
1320613
1310231
1561095
1860234
1310133
1561096
1307542
1569601
1306232
1561035
1303637
1329000
1309876
1561071
1329003
1327499
1322854
1314028
1327269
1569646
1327401
1569655
1311402
1322405
1561017
1561047
1313231
1324356
1311021
1321246
1322494
1314021
1327192
1322031
1568384
1316446
1301834
1303833
1561010
1300237
1306028
1310124
1552310
1325126
1322858
1868083
1561080
1561053
1327281
1552327
1321249
1552317
1310894
1552362
1868097
1569647
1322857
1303631
1309860
1569628
1569627
1561057
1320604
1303636
1552363
1327495
1327255
1561070
1307230
1561012
1569608
1567002
1561093
1325144
1310138
1325130
1310236
1552356
1569683
1309879
1560838
1327181
1325135
1320629
1313233
1313230
1569665
1568343
1561099
1316444
1322038
1568399
1569657
1561074
1300835
1568363
1567005
1552337
1569675
1309868
1310239
1569619
1569654
1307544
1868098
1569693
1301839
1327182
1322853
1568357
1310895
1320620
1561009
1314022
1301234
1327259
1868091
1569629
1561027
1307541
1321259
1568320
1311408
1327261
1567027
1324355
1568300
1552343
1568321
1569696
1569668
1327191
1306022
1552361
1311011
1568307
1561018
1569686
1310110
1567019
1306830
1569626
1560837
1561030
1322030
1300834
1301083
1567010
1327195
1860233
1322403
1567013
1568306
1561040
1568376
1552344
1322867
1325148
1310117
1327274
1327409
1561000
1314030
1552326
1329002
1327270
1569636
1314036
1311401
1321243
1309878
1310137
1327296
1322406
1306831
1561098
1325147
1568301
1303632
1327256
1552338
1552309
1301231
1303630
1325129
1569649
1307234
1561023
1309861
1311400
1569640
1552321
1561092
1303234
1569615
1569677
1569664
1568351
1568342
1314023
1322039
1303238
1320619
1552355
1561052
1310118
1569606
1561065
1569621
1313232
1561008
1868082
1316445
1327196
1310893
1552328
1325118
1320626
1568358
1321238
1568398
1325143
1561075
1310136
1321248
1568356
1306839
1569612
1300837
1569662
1569692
1552301
1307540
1567018
1567024
1561062
1311023
1310126
1327260
1568312
1569643
1325136
1868099
1552364
1325125
1569691
1320614
1300238
1568397
1327273
1569697
1322866
1552318
1325119
1568362
1552360
1561038
1303635
1307235
1321256
1320607
1310109
1568305
1569634
1561087
1568315
1567012
1327282
1568302
1310238
1327186
1322859
1327267
1561050
1307545
1322029
1327496
1568322
1311016
1311409
1310127
1552335
1306020
1322036
1567011
1561001
1322860
1561013
1310100
1569678
1321230
1561084
1320615
1322490
1552308
1868090
1561077
1568348
1569641
1568368
1311012
1552315
1561043
1568314
1552329
1321240
1561063
1303237
1327494
1569669
1314025
1569684
1569648
1327197
1327406
1316443
1568361
1320606
1313239
1569671
1320618
1303836
1561064
1310128
1301831
1860239
1310121
1329001
1327295
1303638
1568350
1552346
1561015
1325146
1310892
1561051
1561003
1325132
1569607
1568341
1560836
1303235
1568323
1314034
1309870
1561090
1322868
1310135
1310101
1552336
1301832
1552320
1568369
1325127
1314035
1327497
1310115
1568313
1306832
1325142
1552307
1322855
1325128
1301237
1307547
1568378
1568359
1322404
1569663
1327294
1561016
1568396
1561086
1567000
1325131
1311024
1569699
1569613
1560834
1310108
1321257
1325120
1569635
1868088
1324353
1314024
1561039
1561028
1552365
1321231
1300836
1552358
1561024
1561037
1569676
1568371
1327250
1319327
1868081
1567025
1327185
1300239
1327268
1552300
1307236
1300231
1569651
1327288
1561002
1552316
1306236
1309871
1552359
1316442
1321245
1303230
1561042
1569623
1321233
1569652
1561021
1303232
1321242
1311407
1313238
1311018
1325145
1327407
1324354
1311025
1568304
1569661
1567003
1322021
1310102
1322037
1310129
1569605
1327180
1860238
1568349
1569620
1560831
1561014
1322865
1303839
1310233
1561076
1314032
1327276
1569624
1569679
1568340
1569670
1327283
1327198
1568303
1327493
1568360
1552345
1569689
1320627
1561091
1569633
1567020
1569642
1322864
1568332
1569680
1552366
1568367
1552341
1868092
1567021
1552351
1320622
1561085
1552330
1568352
1325112
1321236
1561041
1320617
1307237
1325141
1561066
1327293
1327292
1320600
1561059
1310116
1860232
1868080
1561048
1314027
1300839
1325134
1310107
1568338
1568345
1552357
1307546
1569614
1552305
1552302
1310898
1327498
1306025
1325139
1569698
1327251
1320624
1552312
1568379
1327400
1325121
1313234
1561060
1327275
1310120
1310134
1327284
1301836
1322028
1303834
1313237
