1582616
1365762
1362762
1592287
1388376
1512336
1350833
1363792
1508664
1522331
1502536
1502369
1521328
1375287
1500238
1592393
1592398
1592294
1367766
1512384
1590934
1399614
1366764
1364761
1582309
1390833
1508687
1500236
1351237
1522335
1521348
1389606
1582337
1398392
1508684
1512301
1512329
1398339
1592291
1520238
1398329
1592351
1360942
1599890
1502388
1592321
1508670
1343602
1350035
1582327
1582355
1582342
1522359
1512300
1582594
1508678
1361768
1582348
1512389
1363775
1361763
1500231
1388310
1512391
1522310
1398313
1502308
1592392
1522317
1350942
1582306
1363798
1580800
1388340
1592299
1512392
1502379
1590239
1592266
1582610
1398378
1511189
1521342
1582595
1508693
1582315
1592276
1398300
1389614
1502324
1521312
1388352
1359463
1582381
1582302
1582330
1502385
1580309
1590232
1510234
1398395
1580301
1399607
1388323
1399638
1398369
1508673
1512317
1359428
1512318
1522343
1502531
1360839
1582352
1520230
1522357
1592337
1399600
1508679
1582333
1508665
1522321
1502317
1370941
1592335
1388397
1592254
1582393
1521352
1360830
1511180
1388331
1350038
1398314
1520237
1388362
1580235
1599895
1363793
1520239
1370837
1389613
1359404
1582324
1365765
1502389
1522303
1592282
1512383
1380835
1502382
1592355
1521353
1359468
1599898
1521308
1350947
1592309
1512337
1508676
1363799
1364765
1375297
1511194
1363774
1582398
1592271
1582350
1592322
1512381
1512382
1359464
1521305
1521346
1399647
1367765
1522348
1399644
1592273
1592359
1582312
1522311
1363772
1512332
1360940
1580308
1582590
1592268
1375282
1590935
1502391
1508681
1398397
1350941
1362765
1399610
1512310
1580302
1399630
1510236
1508699
1398375
1520232
1502378
1359414
1351235
1590233
1582613
1388312
1522324
1597893
1512325
1398349
1388380
1582307
1502361
1389607
1512319
1590238
1388387
1521317
1511195
1508686
1388351
1388396
1521354
1590930
1592258
1592324
1350948
1375296
1502323
1388357
1582314
1388339
1399611
1390834
1512308
1521326
1363545
1360838
1388358
1388377
1511188
1508662
1359427
1350037
1521333
1521341
1511181
1510235
1582619
1512339
1388354
1388332
1512328
1512303
1582601
1363795
1365764
1398322
1380836
1370835
1399602
1500233
1502322
1522302
1521345
1359430
1522342
1522329
1592274
1363786
1592399
1582328
1502306
1508690
1590237
1522306
1521340
1582300
1521337
1521300
1592257
1398311
1362764
1522356
1508689
1502321
1592333
1388334
1359423
1599896
1398318
1388379
1502383
1502532
1399648
1521351
1502534
1502315
1592390
1508661
1582340
1582592
1398345
1580801
1359465
1380830
1521323
1582351
1582385
1502314
1582321
1582591
1592281
1592253
1502328
1388356
1388333
1512311
1388304
1522345
1362760
1399605
1512302
1580303
1350031
1388369
1520231
1365761
1592303
1398379
1599899
1592265
1582303
1582354
1582345
1502390
1508691
1350838
1590936
1512333
1599893
1398307
1582593
1502392
1364762
1508698
1508663
1375281
1592296
1366766
1592251
1582304
1388350
1363787
1522355
1388388
1510237
1398373
1398376
1580809
1522330
1399641
1582600
1365766
1582598
1351236
1597894
1359424
1360835
1380831
1592334
1388378
1512338
1390836
1521339
1592293
1522341
1502533
1582395
1582615
1582384
1592284
1502312
1580807
1521327
1502305
1350940
1522312
1508671
1592256
1582357
1582317
1582331
1363773
1582612
1398390
1388398
1582334
1508688
1363783
1590236
1399643
1521321
1502307
1502384
1398324
1389611
1359429
1582617
1398305
1500230
1592320
1380834
1511182
1508660
1521324
1388338
1399617
1582343
1512324
1512390
1502372
1580802
1398362
1398321
1521310
1363794
1592391
1521314
1592260
1592270
1398308
1592357
1398365
1522327
1388342
1500239
1359434
1582344
1351233
1398316
1361764
1582606
1592350
1522340
1592279
1363770
1508683
1399618
1582323
1512330
1520235
1363788
1592298
1399628
1599894
1350830
1502304
1388395
1380833
1388305
1597899
1592325
1521343
1599891
1363779
1502371
1398346
1502398
1350032
1375284
1508674
1597891
1502377
1350039
1399646
1512397
1363544
1389609
1364763
1363548
1350034
1590938
1398371
1592259
1502313
1398385
1389612
1398323
1398306
1512398
1521307
1582603
1359438
1522313
1582392
1502373
1592307
1399631
1511199
1590235
1388363
1388348
1350831
1388328
1511183
1390835
1388399
1521311
1388385
1388307
1522328
1388394
1359439
1522354
1521316
1522304
1365767
1359421
1502320
1521302
1502327
1388386
1521335
1388345
1582387
1512323
1592262
1388364
1592252
1582316
1521330
1592332
1512396
1582607
1399606
1582596
1502397
1399625
1522347
1512386
1580306
1597892
1398361
1363797
1502303
1502310
1380839
1500232
1502300
1359460
1362767
1398388
1398343
1512304
1580806
1388366
1363784
1508668
1592290
1592277
1398320
1582614
1388336
1511190
1582341
1399642
1592323
1350837
1502376
1366763
1580230
1502363
1502399
1590931
1399620
1502365
1398303
1359435
1388373
1388349
1592280
1508680
1592267
1582320
1522339
1510231
1389610
1582609
1582386
1366760
1592286
1521329
1363549
1398326
1398366
1522314
1580232
1367760
1521356
1360833
1380832
1520233
1521344
1363771
1582397
1582356
1399645
1502366
1508696
1367762
1398317
1592304
1511184
1388308
1582319
1582391
1389603
1511191
1390838
1582301
1521319
1359437
1380023
1399639
1370942
1388344
1398335
1582382
1399603
1512305
1399612
1590234
1597898
1582338
1522307
1360941
1398309
1399601
1510230
1388302
1592331
1350832
1597896
1521349
1592308
1512331
1521332
1370838
1522353
1592352
1582602
1582329
1388384
1580805
1388391
1399615
1388301
1522300
1521338
1511193
1502396
1389617
1508697
1582604
1522350
1370831
1359431
1375286
1502539
1521355
1389602
1508669
1388327
1362769
1521304
1580238
1582310
1502319
1522325
1592330
1500235
1367768
1580231
1359467
1580239
1590939
1582332
1510239
1398374
1398325
1580307
1592285
1363785
1502537
1359422
1388337
1350839
1364769
1502364
1582383
1522334
1508672
1522316
1511198
1582359
1512395
1350030
1388372
1580804
1582325
1502374
1363546
1597897
1580233
1502329
1590932
1592261
1522338
1582599
1592289
1502375
1398344
1512322
1592295
1522320
1361766
1522349
1502311
1398312
1366761
1398310
1388383
1388389
1390837
1502301
1522351
1365769
1592305
1582347
1502387
1398396
1592327
1367769
1388335
1389618
1502538
1522344
1359432
1580304
1592275
1398391
1390830
1582394
1590230
1388346
1399609
1512327
1363540
1592272
1502360
1399616
1375285
1512394
1522319
1521322
1582311
1512393
1521309
1521313
1370836
1520236
1582605
1399640
1511192
1388361
1582389
1389619
1512313
1511185
1521350
1582353
1388392
1370830
1512380
1375299
1592356
1362768
1512307
1388300
1592300
1363791
1508694
1366762
1367761
1363541
1398377
1510233
1592278
1398389
1388374
1522326
1592250
1388303
1370839
1508682
1597895
1389604
1375294
1522315
1367763
1582358
1363542
1502395
1592396
1351239
1508666
1375280
1399604
1597890
1398327
1398337
1522337
1582399
1580234
1592395
1388324
1359436
1398302
1359408
1363790
1389601
1388381
1508675
1380838
1388309
1592288
1360837
1521303
1388382
1511187
1582388
1582339
1500234
1398342
1512385
1359466
1592264
1366768
1592328
1580237
1521334
1502302
1365768
1502318
1380837
1367767
1359461
1508677
1592297
1502367
1388314
1522333
1520234
1582335
1599897
1363547
1582611
1361769
1363777
1582313
1582318
1512334
1389615
1582346
1582618
1511196
1398394
1522308
1522305
1521318
1512320
1512314
1363778
1599892
1512387
1388371
1521358
1521325
1522352
1388321
1502386
1592306
1388347
1521347
1508667
1582308
1508685
1388375
1502381
1580300
1582349
1388368
1398347
1510238
1388341
1512326
1521359
1592269
1366765
1592283
1350036
1512312
1590933
1502530
1512335
1592397
1361760
1359433
1522332
1367764
1592302
1592329
1350835
1580803
1360832
1592255
1364766
1399637
1512306
1592353
1363543
1592339
1352736
1592292
1522336
1582597
1592358
1580305
1508695
1389605
1502316
1359426
1502326
1522323
1512315
1502309
1502394
1582396
1592263
1399649
1508692
1592338
1359462
1512399
1365763
1522301
1502535
1580236
1522358
1582380
1522346
1582608
1359420
1398370
1388390
1512321
1375298
1512316
1512309
1398381
1512388
1592394
1399613
1363776
1398341
1582336
1361761
1522318
1521320
1522309
1511197
1388315
1502362
1370834
1580808
1350836
1390839
1500237
1502380
1522322
1521357
1511186
1521315
1502393
1388367
1359425
1582322
1590231
1592336
1510232
1521306
1398398
1398384
1521331
1388353
1388325
1521301
1389616
1388360
1502325
1521336
1360831
1389600
1370940
1359469
1390832
1582305
1502368
