1361834
1367847
1388330
1365837
1364767
1366809
1388355
1362977
1352752
1352744
1352754
1365832
1362836
1364055
1364832
1352759
1398360
1364844
1362849
1362979
1352739
1361836
1351238
1388313
1361762
1364050
1364835
1365055
1362974
1352734
1352749
1369648
1365836
1388316
1398315
1366808
1352743
1361832
1352742
1362846
1362971
1364843
1363838
1362835
1363833
1367844
1352756
1361833
1369641
1364056
1352740
1361839
1366767
1363839
1352735
1352750
1388322
1366800
1399623
1361765
1362761
1367845
1366802
1350834
1369649
1361838
1361830
1352748
1399636
1365835
1362847
1363837
1365056
1369642
1365057
1366803
1362834
1364052
1365834
1362976
1366801
1361831
1363832
1361821
1365831
1362844
1367842
1364838
1362766
1398393
1345210
1363831
1365760
1362973
1352747
1365051
1364051
1363835
1398399
1352733
1398348
1361820
1361823
1362970
1351234
1367843
1365830
1582390
1364054
1362845
1361828
1367848
1364839
1352755
1352732
1375283
1369644
1363789
1369640
1388365
1362975
1365050
1361767
1364768
1364831
1361835
1398386
1364058
1369643
1361822
1366805
1398363
1365058
1362838
1366804
1364837
1363834
1362978
1362832
1367849
1352758
1362831
1365833
1352731
1369645
1364053
1352737
1398364
1365052
1365838
1362830
1364840
1365053
1362839
1388326
1365059
1361829
1362972
1364057
1366807
1364836
1352751
1361825
1388311
1364842
1352730
1367841
1398372
1365839
1366806
1361826
1398383
1364833
1367846
1369646
1362763
1399619
1362837
1364059
1361824
1352738
1366769
1367840
1369647
1364841
1361837
1361827
1365054
1362848
