1358854
1506898
1373248
1506750
1515826
1373538
1358730
1595753
1375852
1596852
1596750
1377730
1390685
1525856
1580575
1506858
1373532
1515751
1385857
1385859
1396756
1585753
1356721
1598823
1596858
1596758
1516754
1395756
1386750
1598825
1595855
1375750
1520575
1385850
1386758
1595751
1515825
1375851
1373533
1356756
1375434
1396757
1592580
1395754
1508853
1595756
1516700
1506850
1526846
1526750
1506897
1370575
1390675
1596853
1398959
1508850
1360575
1526758
1375858
1592585
1596759
1356755
1358733
1592586
1375859
1515755
1375435
1350575
1598827
1357553
1381955
1595755
1595852
1385846
1526754
1377731
1526845
1516757
1585754
1385751
1525750
1526751
1386759
1373535
1506751
1385841
1596859
1386756
1595750
1506851
1375756
1526849
1525757
1370685
1508851
1598824
1396759
1375850
1373525
1395750
1351575
1598821
1596753
1525857
1525853
1356752
1515824
1595758
1515754
1385847
1350585
1506755
1350685
1516756
1375857
1385758
1390575
1375436
1595859
1516751
1595850
1373522
1396754
1526756
1381953
1590675
1515753
1525758
1598822
1351675
1525854
1526848
1596851
1398957
1515823
1585755
1373247
1381954
1516758
1358735
1357554
1385755
1395758
1506899
1526759
1381952
1373534
1592582
1373523
1385855
1381951
1373520
1375751
1396753
1360685
1381957
1595757
1506855
1515752
1508854
1525855
1580585
1385848
1596850
1373528
1525755
1373537
1590575
1526847
1592581
1515829
1598829
1385752
1585757
1510575
1350675
1506757
1525759
1595854
1525752
1596755
1515822
1358851
1373245
1596856
1356759
1385759
1381956
1585756
1358737
1360063
1525851
1595851
1398953
1373246
1396752
1516753
1526753
1375855
1385854
1525751
1357556
1361575
1506754
1506854
1506756
1596754
1598826
1398954
1595857
1592589
1385842
1592584
1398952
1595856
1506857
1396751
1358736
1356750
1358856
1386757
1395753
1373536
1380674
1358850
1377734
1596757
1380675
1516702
1356758
1375854
1385756
1515820
1358853
1356751
1398956
1357558
1373539
1373249
1500575
1520585
1595858
1516759
1525754
1377732
1598820
1373529
1375439
1525852
1590585
1360657
1381958
1585759
1500585
1516750
1385757
1373526
1386755
1373521
1385843
1592583
1375753
1515758
1370585
1526757
1370675
1590685
1516752
1506856
1396758
1358857
1585750
1398951
1358739
1592587
1375853
1385858
1515750
1381959
1375755
1515821
1515759
1396755
1525850
1358852
1596752
1596854
1508852
1360656
1506852
1596756
1386752
1506752
1525753
1515757
1373527
1373531
1515828
1360675
1516755
1515827
1506859
1516703
1595754
1510585
1356720
1351585
1385750
1396750
1377733
1385851
1385856
1375438
1358738
1585758
1373524
1585752
1398955
1595853
1526752
1506853
1515756
1525756
1395757
1585751
1516704
1375754
1595752
1596857
1385754
1595759
1358859
1360655
1390585
1385845
1385753
1592588
1516701
1398958
1526755
1596751
1596855
1360585
1358855
1506753
1357551
1373530
1375437
1375433
