1533765
1333578
1532585
1332585
1339685
1335585
1896952
1896750
1530575
1339675
1335752
1336259
1531478
1890585
1895759
1336258
1531476
1898958
1532521
1898953
1895752
1896951
1337585
1338868
1335751
1335757
1335750
1896753
1532522
1339585
1336257
1896950
1898952
1338585
1533677
1896754
1895751
1890575
1530585
1335756
1336250
1898959
1333585
1896755
1898950
1890685
1896752
1534575
1338867
1898951
1335755
1332595
1333575
1896954
1895753
1531475
1330675
1895754
1533685
1530675
1333680
1533676
1333670
1334575
1898957
1335754
1335575
1336253
1334603
1335753
1896955
1533686
1532575
1890675
1896757
1333682
1336256
1895755
1532525
1330575
1334602
1896758
1898956
1334585
1330585
1334605
1531477
1531479
1336254
1533679
1333681
1333671
1337575
1339575
1336255
1530685
1895757
1896759
1896953
1338575
1896751
1895750
1533674
1532524
1898955
1335759
1336251
1334604
1533678
1330685
1895758
1336252
1898954
1532523
1896756
1338849
1533675
1332575
1335758
1895756
