1560575
1565751
1310637
1328285
1310644
1301772
1325575
1300463
1309461
1560675
1321685
1565756
1308568
1329680
1303369
1860674
1322153
1320575
1320585
1550585
1325216
1310636
1329585
1322156
1565752
1306575
1565750
1315754
1303426
1300462
1306553
1329575
1323575
1309568
1306554
1310630
1555750
1301770
1327675
1565758
1315753
1325213
1569575
1321678
1315750
1310585
1315752
1309565
1323585
1860575
1309462
1329155
1325211
1325214
1311685
1322150
1565755
1310631
1322155
1321645
1306552
1309575
1325585
1300263
1309566
1318445
1306559
1306551
1306579
1860658
1565753
1306550
1315759
1315758
1328575
1310633
1315751
1322151
1322158
1321676
1565757
1325212
1306578
1308460
1301773
1860659
1318575
1311575
1322157
1310632
1325219
1309463
1309460
1555754
1565754
1325218
1315757
1306557
1321646
1327685
1325195
1306577
1315755
1300460
1310635
1860675
1315756
1560685
1322152
1325217
1325085
1322159
1301046
1555753
1306555
1321675
1325210
1306556
1569585
1300461
1310643
1301771
1329145
1328250
1565759
1328585
1560585
1306576
1310634
1555751
1550575
1308569
1321677
1860585
1301880
1555752
1325215
1322154
1310575
