1582638
1389639
1389634
1359476
1399664
1592310
1399657
1502556
1399652
1587052
1517881
1517887
1582376
1502349
1592317
1508447
1592340
1359442
1502344
1508432
1359482
1359478
1521364
1508446
1517895
1359449
1399650
1592348
1399663
1521367
1592312
1587048
1522371
1512356
1389624
1508436
1582641
1582370
1359477
1389628
1521361
1398351
1582378
1592318
1360945
1517899
1502557
1517896
1502341
1389691
1502342
1592381
1587059
1363534
1587041
1582639
1587056
1512359
1502343
1592385
1517898
1508442
1512345
1502548
1582640
1517893
1522374
1521369
1512346
1582373
1389623
1389627
1508437
1592345
1363536
1502550
1587050
1582631
1522379
1502549
1502543
1522373
1587042
1582636
1398354
1389692
1512354
1582379
1359441
1389630
1512353
1522361
1512344
1582642
1582648
1587043
1582637
1359489
1587046
1359471
1512358
1517890
1512347
1389637
1502551
1508434
1363537
1592319
1587055
1508445
1359488
1517897
1389626
1587053
1582643
1399654
1359447
1517883
1508448
1360943
1389693
1399651
1521366
1389636
1363539
1582371
1359440
1502542
1522367
1522362
1502541
1363530
1522376
1359470
1592347
1592314
1359472
1522363
1517891
1389629
1502540
1517884
1502552
1582634
1587040
1502546
1359448
1398352
1517888
1502545
1399665
1592384
1363531
1502559
1359487
1582374
1512343
1512351
1508440
1389694
1508435
1370943
1582645
1587044
1359473
1587054
1587057
1359445
1522368
1508449
1522375
1389699
1522377
1521363
1512340
1502553
1399656
1582635
1399659
1592342
1363538
1508443
1587058
1517885
1351232
1389698
1502547
1522364
1398353
1502555
1508441
1521365
1592341
1521368
1399669
1502544
1592388
1389690
1370945
1592313
1517886
1359485
1359486
1502558
1389631
1582644
1522378
1512342
1592389
1512352
1366848
1582372
1512357
1522360
1359474
1582633
1508431
1517882
1399660
1522365
1587045
1389697
1502347
1592316
1399653
1587051
1502340
1502346
1359481
1512341
1592349
1359446
1522370
1592382
1363532
1389632
1521360
1508438
1359480
1592344
1512349
1398355
1582632
1582375
1502554
1592386
1370944
1398350
1390826
1389696
1399668
1508430
1592346
1350944
1517889
1399655
1582646
1592343
1522366
1592383
1360944
1359443
1359484
1522369
1592311
1587049
1359475
1399662
1517880
1592315
1363533
1350945
1508439
1517892
1399661
1508444
1582630
1592380
1512350
1512348
1582377
1389622
1502348
1521362
1582649
1592387
1399658
1350943
1522372
1582647
1512355
1517894
1508433
1502345
1587047
1359444
1359483
1399667
1363535
