1335149
1335961
1335459
1530459
1334949
1332947
1339465
1533190
1335199
1335174
1890489
1533199
1333950
1530486
1335259
1894525
1890459
1530369
1332939
1330469
1335175
1332959
1530469
1333949
1335139
1335185
1333959
1335950
1332950
1335980
1330486
1334950
1339459
1335960
1335169
1334959
1890367
1335981
1330489
1333939
1335959
1890369
1335184
1335109
1339464
1335983
1335129
1338459
1894529
1330459
1894526
1532667
1335118
1339463
1335179
1334939
1330369
1331459
1333947
1530489
1335982
1335189
1890486
1532659
1894527
1335119
1332949
1339466
1334947
1534459
