1383697
1376678
1393685
1524615
1393678
1504595
1383691
1394561
1393696
1350465
1504587
1383675
1584597
1355551
1520459
1390369
1370466
1350459
1374594
1516458
1383671
1384590
1390489
1594592
1383674
1584585
1394693
1524598
1383681
1376650
1524607
1369460
1580459
1383683
1394562
1393697
1393684
1374597
1504588
1384595
1524616
1383670
1584695
1374591
1584586
1504589
1393679
1394696
1584595
1374596
1383690
1383689
1584580
1355556
1369459
1524596
1524603
1500458
1514635
1584598
1393680
1394699
1524618
1384594
1390486
1383684
1373455
1524606
1516459
1524610
1383673
1524617
1355555
1355554
1393681
1584694
1383693
1524595
1393694
1383688
1504593
1383679
1514597
1374598
1373459
1370489
1384597
1504598
1514595
1370459
1516456
1584581
1524605
1383698
1584591
1394691
1514634
1524601
1524609
1524619
1524612
1383699
1584529
1393695
1360459
1360467
1390459
1584582
1393689
1374599
1383687
1504599
1383680
1374590
1504596
1383672
1370467
1383692
1584584
1393693
1379699
1584596
1384598
1393675
1516457
1373458
1383686
1393672
1590459
1394694
1383677
1355553
1360465
1524594
1524602
1514593
1504590
1524611
1584590
1584583
1380464
1350489
1384596
1383694
1524590
1584691
1584692
1500459
1514637
1504591
1374593
1393692
1393683
1370465
1516455
1584589
1379698
1594590
1383685
1514636
1524592
1516453
1524593
1393673
1384599
1380469
1376677
1355557
1384593
1360489
1393670
1584617
1393691
1504594
1360466
1374592
1584618
1524614
1504688
1383695
1514594
1390469
1383678
1355549
1584693
1393698
1516452
1584690
1380468
1504592
1394692
1524599
1500457
1524600
1516454
1384592
1373456
1584587
1524613
1393687
1350467
1584588
1524591
1374595
1504689
1584594
1393676
1584616
1504597
1584599
1394695
1394690
1380466
1393699
1368459
1379659
1584696
1393671
1594591
1383676
1380465
1376679
1393677
1373457
1383696
1584689
1514599
1514592
1584593
1524608
1360464
1350466
1514598
1394698
1394560
1524604
1383682
1380467
1384591
1514596
1393686
1584592
1524597
