1325864
1303988
1864523
1315999
1303981
1313680
1320845
1564593
1306966
1563698
1308906
1311544
1305423
1305906
1319459
1305422
1860369
1311543
1326359
1323459
1303980
1313683
1320683
1301908
1564591
1303986
1305420
1308903
1313685
1310159
1563699
1326358
1564561
1309140
1311542
1309168
1313682
1564594
1306962
1303987
1322457
1327465
1312459
1320680
1312599
1305904
1311459
1308900
1860459
1308908
1314965
1309167
1311549
1310409
1314465
1569965
1305421
1564595
1315981
1301977
1309169
1325159
1306964
1569459
1564590
1564599
1306961
1300990
1326365
1305909
1564560
1300981
1309141
1328466
1320846
1563697
1322458
1303984
1305907
1325166
1309166
1322459
1564596
1860367
1300982
1320685
1564598
1320848
1567298
1560489
1306969
1325865
1315983
1300983
1312594
1560369
1310089
1308902
1564562
1323490
1564597
1315459
1320682
1326364
1308905
1313684
1301907
1310164
1306967
1310459
1327459
1315982
1314959
1323492
1323491
1303983
1311567
1305908
1308904
1313681
1311539
1320844
1303985
1560459
1328459
1560486
1320459
1321289
1320847
1328490
1306960
1864524
1567293
1320684
1315994
1303982
1321459
1314459
1324469
1554509
1309142
1306974
1567285
1311559
1320681
1324459
1308901
1864529
1329877
1564592
1325863
1305905
1328409
1306965
