1504743
1516474
1516479
1584842
1504848
1378954
1524744
1394741
1384740
1384749
1584941
1394848
1394744
1370474
1384843
1394747
1374741
1504741
1514747
1516475
1504849
1516478
1504840
1378944
1351474
1394894
1584807
1516472
1384844
1594757
1584847
1584942
1373474
1584943
1524745
1584742
1510474
1594770
1514746
1394859
1394884
1592455
1514749
1584743
1524742
1504842
1584840
1384864
1590474
1394874
1584806
1594704
1384748
1524743
1500474
1384747
1584846
1516473
1504843
1384741
1584740
1375414
1390474
1584805
1524741
1516470
1514748
1384746
1394742
1524748
1374744
1584741
1510486
1373488
1516471
1504844
1584804
1350064
1584803
1594777
1584845
1594768
1524740
1584844
1351484
1504744
1373995
1374742
1384743
1504845
1584843
1374745
1584745
1584848
1384744
1584945
1394844
1524746
1504846
1504999
1394740
1584744
1516476
1394745
1394849
1584944
1375404
1590484
1584849
1374743
1378964
1580474
1394746
1504742
1584940
1584746
1524747
1504847
1504841
1516477
1374740
1592445
1584841
1394743
1520474
