1569435
1308927
1322445
1552662
1310435
1306919
1566233
1313435
1321445
1329435
1327835
1329884
1329886
1325266
1308919
1324425
1308929
1306907
1564354
1315973
1327845
1325875
1566235
1552660
1308000
1564355
1306927
1323435
1566230
1327815
1325265
1325885
1564352
1566232
1300919
1564351
1564353
1314435
1306929
1566231
1327435
1327855
1329885
1303929
1564350
1303919
1564357
1308005
1325876
1569954
1325267
1301919
1564356
1325874
1320435
1864302
1566234
1315972
1315965
1560435
1860435
1312589
1566237
1864303
1322435
1312575
1325877
1552661
1324445
1566236
1327825
1321435
1325185
