1514353
1584452
1504452
1500435
1374356
1380445
1584353
1584451
1594454
1584458
1384454
1584350
1504354
1511437
1374353
1384451
1504352
1394458
1384358
1583457
1504459
1374451
1504456
1384459
1514352
1584453
1504353
1350095
1584354
1584459
1594452
1373286
1376618
1504451
1511433
1510435
1590435
1374450
1520435
1394459
1584450
1384359
1373287
1384353
1374458
1583458
1514351
1511432
1394353
1594358
1583451
1504356
1374351
1584356
1374358
1511438
1511439
1504357
1384453
1394453
1584351
1374453
1504454
1374354
1514359
1514350
1389458
1511431
1394454
1394354
1584357
1514357
1360445
1594450
1394351
1504351
1374357
1384357
1374459
1504457
1514356
1394340
1511430
1376619
1374452
1374352
1580435
1374456
1514358
1584355
1584455
1504358
1584358
1583456
1374455
1394451
1583454
1384354
1394359
1389459
1504350
1594350
1594356
1369435
1504455
1376614
1504359
1594456
1514355
1374457
1394357
1583455
1374355
1584359
1594458
1511434
1584454
1374454
1384351
1584456
1389454
1583452
1594354
1504450
1394358
1390445
1370435
1514354
1583459
1373285
1374350
1584352
1594352
1598160
1511435
1504458
1504453
1583450
1511436
1374359
1584457
1583453
