1372654
1501720
1382583
1587544
1382281
1390272
1392390
1588923
1581506
1355633
1355339
1598689
1581501
1581798
1382951
1375049
1382582
1392479
1382288
1350273
1354684
1591665
1350299
1581527
1591897
1580208
1581515
1598982
1353967
1508910
1350988
1359284
1380929
1588924
1501723
1509984
1587617
1581520
1350274
1382956
1581797
1382945
1350292
1501396
1581662
1501729
1354680
1591890
1591392
1379414
1581667
1591664
1591396
1591661
1375047
1599221
1390270
1581676
1353116
1382952
1581500
1591479
1382962
1382283
1501974
1581507
1388996
1382950
1501783
1379083
1354686
1353968
1390277
1372929
1581529
1501835
1367610
1382955
1501721
1521896
1591790
1501722
1350272
1380967
1581677
1591558
1580209
1591477
1581521
1581526
1599492
1511307
1581663
1382944
1501728
1581666
1372922
1591666
1379082
1591895
1382963
1581514
1591394
1521895
1350291
1591472
1599224
1392961
1501727
1355648
1587618
1591663
1508913
1581528
1587549
1581796
1382942
1599226
1581517
1501392
1591667
1382588
1520754
1353490
1382581
1388995
1581508
1591660
1382953
1580754
1522044
1382282
1581534
1598984
1371589
1501782
1379085
1392393
1599222
1350294
1354685
1380984
1353965
1501975
1501880
1372652
1353966
1392398
1581511
1581792
1500754
1591668
1587547
1392477
1591478
1372923
1382954
1501726
1382965
1392969
1501725
1511394
1371597
1591399
1390304
1355636
1511308
1355337
1501971
1372765
1371991
1588925
1581669
1501837
1591390
1581516
1581674
1581790
1597691
1350293
1599225
1353124
1587538
1382580
1521898
1581795
1382285
1598983
1382589
1354688
1591550
1372653
1599228
1591892
1372924
1591898
1353118
1501839
1501784
1508912
1355637
1597692
1581675
1382284
1382964
1392399
1392394
1371990
1591553
1355646
1359281
1354689
1350279
1581668
1588926
1521897
1599491
1371591
1372650
1581510
1350987
1382943
1581791
1355635
1587548
1350277
1371598
1501836
1580207
1587537
1591554
1581673
1591891
1350271
1501393
1382967
1382940
1379410
1372767
1501724
1581671
1599227
1591397
1581664
1371590
1350013
1501838
1591894
1587540
1599220
1350249
1354687
1598970
1392396
1372926
1501390
1522045
1591476
1382286
1355644
1382947
1588927
1392367
1511393
1380271
1350247
1372925
1581518
1501432
1591475
1581523
1392391
1355645
1372651
1511306
1591471
1581509
1359289
1501973
1581532
1355638
1350298
1501881
1382941
1350296
1587545
1581533
1508914
1360013
1382280
1581793
1587536
1372920
1587539
1382587
1371992
1372769
1591899
1350140
1382960
1501395
1587546
1591398
1379087
1367614
1382287
1591391
1580206
1501391
1392366
1390273
1591555
1353964
1350297
1359283
1382966
1588928
1350270
1511311
1382585
1598686
1392392
1598972
1587535
1581519
1521899
1501970
1511998
1581670
1350295
1367613
1598685
1511392
1591474
1591395
1580205
1353119
1587615
1501431
1371993
1581525
1581513
1598973
1511390
1501394
1382961
1350278
1591896
1590754
1390274
1382586
1382946
1392397
1599229
1598980
1382584
1350248
1581522
1501976
1581505
1350019
1380971
1382949
1511312
1354681
1367612
1581799
1598971
1355640
1511305
1599223
1581504
1591556
1511391
1581531
1581678
1355336
1587619
1511999
1522043
1587542
1581524
1591473
1591669
1591893
1587543
1581665
1501972
1581660
1587616
1591557
1591470
1598688
1581679
1380965
1353962
1382948
1350275
1355643
1390271
1372927
1581502
1588921
1382958
1392395
1510754
1588922
1511310
1375046
1382969
1599490
1350276
1350141
1353492
1581661
1367049
1591551
1598687
1382289
1382968
1591662
1511309
1587541
1350290
1501430
1380233
1598974
1522046
1581530
1501977
1581503
1598981
1508911
1591393
