1328803
1328804
1306890
1300522
1314426
1307630
1322967
1301668
1308576
1317876
1319218
1328646
1307639
1324954
1306896
1324953
1322681
1562678
1300521
1319215
1308577
1560271
1307632
1314425
1305827
1306897
1314429
1328801
1560304
1300520
1313855
1324956
1310483
1311256
1560274
1322966
1328648
1322680
1324949
1562679
1307633
1312965
1320216
1321125
1324952
1560270
1301665
1306898
1301666
1320213
1308579
1325018
1860754
1311257
1560273
1326777
1314427
1566021
1328802
1560277
1306899
1321124
1324958
1313857
1324951
1324955
1311869
1312962
1328640
1320219
1313843
1328647
1310482
1312964
1321754
1321755
1322961
1307635
1328800
1328808
1328641
1319219
1326778
1313856
1306892
1300534
1308578
1560272
1320215
1322684
1320210
1305829
1313859
1312963
1320217
1312967
1311349
1313842
1322962
1326779
1328807
1326775
1325065
1311259
1322963
1314428
1311348
1328642
1301052
1300532
1306893
1562677
1308575
1307636
1324957
1867569
1328806
1326776
1312960
1328643
1320212
1311867
1312961
1328805
1325064
1324609
1311258
1313841
1312966
1328809
1313858
1313844
1324608
1305826
1306894
1562676
1319216
1300524
1867566
1562675
1300533
1312969
1322683
1311347
1322968
1300523
1322965
1324948
1307637
1321121
1313840
1320211
1328644
1321122
1322964
1311865
1566020
1320214
1307638
1324959
1328645
1312968
1305828
1306891
1311254
1321120
1307631
1328649
1319232
1322682
1319230
1311864
1325019
1569754
1324607
1305849
1325754
