1353115
1364305
1361237
1369202
1368296
1362259
1353685
1361240
1368285
1341504
1353491
1367041
1369207
1364304
1367036
1368286
1353680
1367047
1368295
1368288
1354289
1367038
1361232
1368294
1364222
1364303
1364223
1354280
1362303
1368287
1354287
1367044
1369204
1364302
1353683
1369209
1361235
1354281
1368293
1362302
1353963
1353690
1368299
1362258
1367031
1367034
1367045
1364307
1369201
1353684
1362301
1368298
1361230
1369206
1367042
1367040
1353123
1362305
1361239
1367054
1353117
1368292
1368289
1364300
1368291
1353122
1353681
1367037
1367048
1367033
1364301
1361233
1364306
1367051
1353127
1362304
1367043
1353960
1353120
1368290
1361231
1361236
1353121
1369208
1367052
1353682
1581672
1367035
1341500
1341404
1367030
1367050
1361241
1364221
1599493
1367053
1364220
1361238
1367046
1367032
1367039
1353687
1362306
1368297
1369205
1361234
1364224
1367611
