1341513
1341706
1341405
1354285
1353126
1341713
1371587
1353688
1355642
1355338
1342530
1341340
1342833
1354683
1341716
1371586
1343389
1341707
1341506
1343334
1371588
1343384
1355641
1341403
1341408
1341343
1591559
1354283
1354288
1343335
1342185
1342831
1342531
1343333
1353686
1354284
1341193
1341512
1341700
1353125
1341715
1355649
1597690
1341501
1371994
1341708
1341196
1343332
1343383
1355647
1342187
1341406
1372766
1341511
1341718
1599494
1341719
1341510
1342832
1341701
1341400
1341519
1341709
1341518
1354282
1355335
1353689
1353969
1342249
1341710
1343386
1371596
1342248
1341702
1341717
1341344
1341509
1343331
1341517
1341502
1342534
1369200
1353129
1353693
1371595
1342189
1353961
1342830
1581794
1341508
1341409
1341194
1371585
1341402
1341341
1343381
1355631
1591552
1343330
1372768
1371599
1353694
1353692
1341407
1341516
1355634
1341192
1355639
1354682
1343339
1342834
1341507
1353128
1341515
1353691
1343387
1341342
1371593
1341704
1341711
1343382
1371594
1342186
1343336
1342532
1343338
1371592
1355630
1342247
1354286
1342533
1369203
1341191
1581512
1341705
1341714
1341514
1341505
1343337
1341195
1341190
1355632
1341401
1341503
1342188
1343380
