1532369
1532255
1899821
1530754
1532367
1532366
1532261
1892479
1892968
1337661
1532263
1892967
1534749
1337679
1330274
1331806
1892399
1334270
1899822
1890270
1335306
1331805
1334277
1332273
1892960
1892966
1336016
1532262
1332271
1332274
1331808
1890304
1335307
1892390
1338040
1890272
1336081
1336017
1334275
1332272
1331807
1890274
1892391
1892965
1899820
1892396
1892964
1330272
1335308
1334272
1330277
1533824
1338049
1532259
1336082
1892392
1892395
1338041
1892367
1534748
1332270
1330271
1335309
1533823
1332277
1532260
1532257
1892366
1892394
1892963
1892961
1892475
1892969
1331800
1330270
1892398
1334276
1892962
1892393
1890271
1532258
1892476
1334273
1532256
1334271
1892397
1337754
1331809
1899823
1334274
1892477
1532368
1336080
1330273
1338048
1899824
1892478
1890273
1533822
