1560638
1314534
1560534
1325625
1560544
1325544
1566600
1301175
1305349
1566698
1301176
1561544
1322099
1322098
1323534
1860640
1561518
1322097
1555340
1569822
1555341
1305345
1329028
1315345
1320534
1561534
1305343
1327534
1329534
1300176
1310544
1305344
1315346
1308276
1305342
1315347
1328534
1305341
1329023
1328544
1569230
1325624
1321097
1565340
1860534
1310534
1569824
1322534
1566614
1305347
1325627
1325623
1327544
1321099
1305346
1305340
1301276
1325626
1325622
1315348
1322544
1305348
1325534
1566686
1865351
1321098
1321044
