1379348
1595477
1358346
1358348
1599877
1358345
1396928
1379222
1526692
1390534
1506661
1596470
1596418
1526943
1520697
1506928
1595378
1596976
1596597
1395341
1506927
1379130
1379220
1396925
1515341
1358990
1580687
1596521
1595379
1505346
1505343
1596349
1358341
1395344
1369769
1506921
1509254
1520690
1358340
1386920
1509253
1580684
1516692
1358347
1357340
1596415
1595343
1379349
1386922
1395349
1596471
1599878
1595377
1506660
1525347
1516694
1385344
1515342
1596977
1357349
1385346
1509258
1596598
1526690
1596520
1379131
1516592
1596522
1505342
1370639
1519434
1526949
1595342
1596405
1358991
1506650
1585347
1596419
1585343
1525348
1350544
1358992
1526697
1580685
1358343
1506926
1509252
1596336
1505345
1379132
1386921
1586331
1586417
1591007
1506659
1385343
1386925
1516593
1379139
1526948
1586594
1585346
1596595
1515349
1516695
1516693
1586332
1377495
1506651
1527571
1595341
1595340
1395346
1396922
1516590
1506658
1586416
1525340
1596975
1358993
1396923
1386923
1379224
1358342
1585342
1379133
1586590
1505344
1515343
1526534
1516696
1520534
1596974
1596339
1596596
1506924
1596590
1515348
1526695
1586415
1596594
1586389
1586593
1396924
1379138
1525344
1599879
1396921
1594991
1580688
1516690
1506657
1396926
1386928
1526942
1395343
1585345
1580683
1515340
1357344
1586312
1396920
1515344
1506544
1585341
1596964
1516596
1350534
1516591
1509250
1390544
1586419
1358994
1585348
1506652
1516697
1379137
1363949
1360534
1505347
1388469
1582006
1385345
1515345
1357347
1527570
1526947
1596337
1379347
1596593
1586592
1363946
1515347
1580682
1509251
1385341
1510534
1585349
1516691
1594992
1526946
1595376
1525343
1388468
1586591
1506663
1516597
1506534
1506925
1396929
1506653
1516534
1516972
1395347
1596338
1520696
1595375
1526696
1370534
1596591
1520693
1395340
1506656
1585340
1372392
1363948
1505341
1515346
1395345
1509257
1379346
1506655
1385349
1526693
1580681
1505340
1363947
1586534
1525346
1506922
1386926
1520694
1525342
1596599
1363945
1516699
1520695
1526694
1516594
1516610
1596592
1526944
1599876
1379135
1506654
1586595
1379345
1506929
1506923
1516971
1516698
1500534
1580544
1509256
1590534
1386929
1372391
1525349
1520691
1527534
1386927
1357342
1525341
1357343
1379223
1385348
1516599
1586418
1505348
1590544
1525345
1395342
1396927
1580534
1526945
1358344
1580686
1351544
1358349
1599875
1386924
1506662
1385342
1509255
1526691
1379134
1379136
1586376
1506920
1351630
1373434
1596417
1596534
1520692
1585344
1395348
1385347
1596963
1516595
1516598
1595344
1357341
1505349
1385340
1357348
1596416
