1373269
1351179
1595129
1585093
1585119
1516120
1505100
1377646
1395136
1599676
1381242
1377393
1585094
1595064
1505102
1526122
1377392
1595152
1351529
1395129
1505130
1351517
1381241
1589633
1395106
1515070
1599675
1373268
1381572
1585096
1377395
1525076
1505095
1515079
1595145
1370524
1515077
1515114
1385138
1351518
1585118
1516291
1525242
1505094
1385280
1385282
1505131
1589634
1520524
1585095
1395152
1505103
1358527
1589630
1518905
1381575
1377394
1395159
1351528
1595136
1599674
1525073
1526124
1595139
1515076
1395124
1526121
1525287
1390524
1505275
1515078
1515071
1351177
1505104
1589631
1385281
1595153
1516290
1516125
1380909
1515286
1381570
1358526
1589608
1505272
1525078
1515284
1505097
1515112
1595060
1599673
1595119
1516126
1526126
1380524
1595109
1525285
1377397
1395137
1505273
1516124
1381579
1505274
1589632
1505096
1381571
1525075
1381573
1589609
1515285
1500524
1516127
1516128
1526128
1505098
1516123
1525071
1395139
1585115
1515073
1505051
1515111
1395109
1525288
1595137
1595061
1599679
1585040
1505270
1526123
1595159
1510524
1377396
1585091
1395153
1505271
1590524
1525070
1526120
1518906
1516129
1515117
1377399
1526127
1525077
1505093
1505099
1385227
1515110
1373913
1585098
1516122
1585090
1381231
1525243
1595124
1518909
1585097
1599672
1525289
1377390
1586291
1526125
1595062
1585117
1385242
1515075
1525286
1599677
1505278
1526129
1585116
1505276
1377644
1515116
1381577
1381230
1525074
1505101
1515242
1395145
1518908
1599678
1515118
1515119
1595106
1377398
1506145
1585099
1377391
1585092
1599671
1516121
1525072
1377645
1515115
1381240
1518907
1385283
1515072
1505277
1525079
1381574
1580524
1515074
1385135
