1565153
1565129
1328528
1309248
1319688
1322871
1569527
1309249
1565106
1315180
1310186
1306482
1308258
1315181
1328529
1310187
1301392
1322870
1321893
1566821
1315182
1305610
1566829
1314158
1566828
1305612
1305611
1565139
1315183
1860527
1314157
1321891
1323514
1323510
1329527
1323511
1566826
1566823
1322872
1314156
1323515
1565124
1301391
1565152
1565119
1329528
1565159
1303258
1566822
1300349
1329529
1565137
1566827
1301390
1323512
1321892
1560524
1566445
1565145
1565136
1323513
1306481
1566825
1309246
1860526
1566824
1328527
1321890
1565109
1306480
