1389053
1389054
1354830
1360825
1588484
1398911
1582883
1588480
1373077
1588485
1508244
1399051
1356803
1528219
1518210
1389052
1389055
1582880
1590825
1518213
1528215
1582881
1518214
1398021
1508200
1356802
1399052
1389056
1355154
1350805
1528327
1389051
1389047
1356800
1373078
1399050
1508201
1588326
1598426
1588487
1398020
1389057
1399058
1355153
1519670
1598425
1582873
1508202
1389050
1588481
1590835
1582871
1588488
1588327
1528217
1399059
1398142
1528326
1356801
1518211
1519671
1399055
1399057
1518325
1582884
1588489
1528216
1582870
1528214
1398141
1508203
1582872
1519672
1354833
1373076
1580832
1389058
1399056
1518327
1598427
1598326
1528325
1582882
1508204
1389059
1380825
1588483
1351848
1398143
1519673
1598325
1518326
1398910
1598329
1588325
1588482
1399053
1398144
1598428
1598327
1354832
1355151
1528212
1518212
1588329
1354831
1528218
1356851
1390905
1355152
1518329
1528213
1356804
1508243
1592836
1519674
1598429
1528210
1598328
1528211
1518328
1590845
1588328
1582874
1351849
1399054
1356850
