1587968
1357664
1597967
1397046
1375545
1587969
1397968
1597021
1507960
1510706
1397963
1376623
1507062
1517082
1587942
1517089
1527983
1527045
1387969
1517067
1587941
1517961
1527961
1527980
1397961
1351796
1594961
1507063
1376625
1587965
1357685
1594960
1527046
1507961
1375547
1597964
1357663
1397066
1357682
1357660
1397967
1397068
1397067
1397964
1397065
1507969
1370706
1517085
1517087
1597965
1517960
1527963
1517086
1387962
1527960
1507962
1520706
1357687
1594967
1527048
1517066
1357661
1597962
1357683
1375540
1387960
1357662
1376626
1594964
1357680
1397064
1350796
1387963
1587967
1375548
1370796
1507963
1357686
1507064
1520796
1397969
1376627
1507065
1517069
1597963
1527047
1517080
1376620
1517968
1517962
1517967
1594962
1527967
1507968
1397063
1376628
1527962
1397960
1587964
1517083
1590706
1387964
1375549
1594969
1527965
1517068
1357689
1507966
1527968
1507967
1387965
1517081
1375542
1397069
1357681
1517963
1390706
1387966
1517969
1507066
1597022
1597969
1517965
1380796
1397061
1527049
1587961
1510796
1397962
1375541
1507067
1517966
1527969
1597024
1587940
1529796
1507060
1357688
1527964
1376622
1527982
1517964
1597023
1387961
1517084
1594968
1376621
1597961
1387968
1397044
1390796
1376629
1507965
1397965
1507069
1587963
1587966
1594965
1590796
1351706
1507068
1527981
1397062
1597966
1597020
1594966
1357684
1580796
1597960
1594963
1375544
1397045
1517065
1375543
1507964
1500796
1397966
1527966
1597968
1507061
1397060
1587960
1527984
1360796
1517088
1580706
1387967
