1385943
1360599
1386053
1585985
1505901
1528055
1379917
1516060
1525989
1586085
1360597
1515919
1596096
1596095
1515912
1359936
1595983
1385919
1379902
1360598
1385080
1386051
1385944
1395092
1525988
1350755
1385081
1595984
1396055
1350759
1385087
1525987
1595947
1385084
1515911
1396059
1508055
1585980
1385918
1586086
1385941
1395091
1379915
1595981
1385916
1385085
1515910
1385913
1386058
1350758
1396053
1585982
1505904
1525983
1395098
1396054
1508056
1385940
1385917
1390698
1586087
1385086
1396052
1351598
1586088
1586089
1379918
1595982
1585981
1377472
1515916
1585984
1585989
1386057
1525980
1528058
1385914
1585988
1595946
1528059
1385089
1385082
1516061
1380696
1525984
1508057
1351599
1385083
1395097
1385912
1379919
1595979
1396051
1386052
1515917
1585987
1525981
1386055
1377470
1525985
1505902
1508058
1585983
1385088
1380697
1385910
1385915
1516064
1595980
1386050
1395096
1379903
1516063
1508059
1528057
1595978
1515914
1525986
1385942
1396058
1515918
1396050
1525982
1505903
1515915
1386056
1377471
1516062
1359935
1396057
1350757
1528056
1360596
1395099
1395094
1515913
