1360437
1584470
1384373
1373284
1584379
1594896
1594472
1376607
1504373
1390437
1394372
1514378
1594374
1584373
1368976
1374370
1384378
1594471
1594897
1584477
1514370
1389474
1384379
1594475
1514379
1384372
1584372
1594898
1584471
1584476
1376603
1584378
1374379
1373281
1504372
1594371
1394343
1504375
1374378
1580437
1584370
1584474
1374376
1594476
1514372
1394374
1376609
1504378
1514373
1394344
1351437
1374377
1376601
1584371
1376604
1584475
1514377
1394371
1594895
1373280
1374371
1594473
1376602
1504377
1394373
1374374
1584472
1384376
1384371
1514376
1350437
1384370
1373282
1594474
1394376
1376606
1594375
1504374
1594478
1504379
1374375
1384377
1594370
1584473
1594479
1594378
1514375
1373283
1394370
1584374
1594376
1504371
1376605
1594470
1500437
1584377
1594477
1584479
1374372
1584375
1394379
1514374
1376600
1384374
1510437
1584376
1594899
1504376
1594377
1520437
1350087
1590437
1514371
1394375
1394377
1376608
1504370
1594373
1584478
1594372
1594379
1374373
