1518265
1390828
1522851
1518266
1350828
1528268
1589239
1354186
1598349
1508265
1519653
1398032
1388269
1522852
1398260
1398269
1598264
1590843
1598269
1598260
1528263
1360827
1588257
1518268
1388268
1398033
1354848
1592826
1588258
1508267
1518204
1588259
1589237
1398267
1598268
1598261
1355099
1356838
1589238
1592827
1518269
1398264
1508266
1522850
1580826
1528262
1598345
1588494
1598267
1398263
1388262
1354849
1398268
1508269
1518203
1356839
1518202
1528265
1589235
1588490
1528264
1354198
1351839
1398266
1588255
1528260
1598346
1528266
1518201
1588256
1588493
1598347
1388263
1528267
1398261
1590833
1598266
1354154
1398265
1589236
1588491
1508268
1388264
1388261
1598263
1528261
1588492
1522853
1398262
1388267
1598265
1518200
1354199
1518267
1598262
1598348
1519652
1388260
1528269
1388266
1388265
