1587244
1354532
1517269
1527196
1597108
1592689
1527109
1358142
1587222
1510727
1397206
1387161
1397207
1597101
1387162
1379768
1587231
1599719
1379761
1388623
1363580
1587106
1398639
1597224
1358141
1387164
1399572
1507150
1587105
1359747
1507228
1587102
1517256
1379774
1589798
1527108
1599721
1390727
1397220
1597106
1350728
1517100
1507223
1350727
1387165
1399570
1359748
1507151
1599722
1517268
1507156
1517259
1388622
1509097
1599730
1517262
1379775
1398634
1587234
1527197
1387177
1379765
1517260
1354530
1387168
1509096
1587101
1397221
1599729
1587230
1388629
1527107
1379766
1363579
1597223
1350866
1587224
1398633
1597105
1527102
1587233
1399571
1587104
1363578
1507221
1379773
1599718
1397222
1587223
1597102
1507220
1387174
1587229
1359752
1599724
1527105
1517263
1388621
1527195
1597111
1527199
1599723
1589795
1587107
1527101
1379772
1399574
1517261
1359746
1587225
1398631
1597113
1388620
1379758
1377416
1388628
1599717
1587103
1397224
1599725
1517265
1387178
1387166
1599731
1398632
1377417
1354533
1399573
1379763
1597103
1397209
1597112
1507225
1359751
1527106
1398635
1387171
1399579
1517258
1590727
1597114
1398630
1398638
1399576
1597104
1597226
1580727
1379764
1397223
1587226
1388627
1517264
1527100
1397227
1397228
1399575
1360727
1397208
1387169
1387176
1592688
1379771
1377418
1370727
1379757
1380727
1587227
1517267
1597109
1587220
1589797
1359753
1597115
1507155
1527104
1597110
1379760
1599726
1388626
1517255
1379770
1597225
1398636
1517266
1507224
1359749
1500727
1599727
1520727
1399578
1507152
1387167
1527198
1379759
1597107
1527103
1387173
1397229
1587228
1587100
1507227
1359750
1527111
1597116
1599728
1587221
1390867
1358143
1507226
1379762
1397205
1517257
1589796
1354531
1397226
1507154
1387172
1507229
1599720
1388625
1527110
1388624
1379776
1587196
1589799
1379767
1527112
1507153
1587232
1387175
1377415
1507222
1387160
1387170
