1557110
1567132
1309845
1567134
1557245
1327729
1557067
1557107
1313587
1309846
1313588
1557060
1567148
1557103
1322754
1320723
1304280
1569710
1554988
1322753
1567129
1557113
1311722
1557068
1329729
1320724
1321710
1557108
1322752
1326478
1310077
1311723
1304281
1567128
1567149
1326477
1304282
1327710
1303524
1557112
1327727
1326479
1320725
1557115
1322759
1557066
1329425
1567126
1557102
1322756
1567131
1327711
1554989
1557106
1323569
1304283
1562932
1557114
1557101
1557065
1560867
1560727
1325729
1304278
1311721
1557105
1860277
1322757
1554986
1567133
1309410
1567130
1557117
1303522
1557104
1557100
1322751
1323568
1324727
1311447
1557064
1561496
1321720
1304279
1554987
1557111
1562930
1322758
1303523
1561495
1562931
1557116
1309411
1325727
1567127
1557069
1557062
1557063
1322750
1308528
1309412
1554984
1325710
1860727
1557119
1561494
1557109
1314727
1303520
1322755
1554985
1557061
1311448
1309413
1860867
1557246
1313586
1557118
1303521
