1331727
1898632
1331755
1334980
1533423
1897220
1339611
1334356
1532793
1898637
1331754
1897226
1532792
1532790
1899568
1334357
1332987
1532791
1330727
1897227
1898634
1898639
1533422
1331753
1890727
1890867
1898630
1530727
1333980
1899566
1897228
1332986
1338723
1897225
1333982
1897209
1330867
1337797
1898636
1338724
1532747
1897229
1897224
1897222
1333981
1530867
1898633
1898638
1533593
1897208
1534718
1533734
1897223
1336710
1339610
1534719
1338721
1898631
1533591
1534728
1338722
1899567
1897207
1897221
1533592
1898635
1533424
1339612
1897205
1897206
