1590724
1354557
1354561
1587195
1599792
1379722
1597251
1599795
1587285
1397282
1397283
1587208
1379723
1587194
1502736
1500724
1587205
1580724
1527207
1597249
1354560
1597238
1527208
1378992
1527124
1502737
1582792
1397180
1599798
1350864
1387215
1398663
1597239
1380724
1597240
1599794
1388650
1587206
1527129
1397181
1399754
1587276
1397285
1354558
1388651
1387218
1398661
1517272
1520724
1587200
1587204
1592693
1527130
1597248
1527206
1587287
1587278
1399753
1527128
1587282
1599796
1502739
1398662
1599799
1388652
1510724
1587203
1587281
1370724
1597156
1502738
1527127
1592692
1517273
1390724
1517274
1517159
1599793
1587277
1388654
1582790
1379724
1587284
1587202
1379779
1387216
1527125
1517275
1354559
1587283
1397182
1587279
1587201
1587280
1597157
1582791
1587207
1379780
1597250
1399750
1599797
1527126
1379725
1397284
1587286
