1301556
1313704
1554420
1563873
1563799
1318308
1310379
1321352
1301476
1553856
1553883
1551794
1553855
1551534
1310179
1302753
1321353
1863790
1321363
1301475
1553850
1551795
1308364
1318307
1301555
1323393
1863797
1321350
1314047
1321360
1563793
1563791
1327150
1300758
1553799
1321355
1308365
1301474
1304302
1314048
1318306
1323391
1308362
1553886
1563872
1553859
1567073
1567262
1863791
1553974
1313799
1567070
1551539
1553792
1560379
1563790
1321351
1321361
1551790
1551538
1553972
1323398
1314049
1553793
1553853
1551799
1551637
1551792
1321354
1318305
1313706
1553973
1553791
1563792
1863799
1567072
1301470
1553881
1863793
1553797
1301472
1863792
1321356
1323394
1551636
1567074
1551793
1553790
1321365
1327153
1553794
1563874
1553857
1563795
1301763
1321364
1301473
1551536
1553888
1553971
1551530
1563794
1551791
1863794
1323396
1301471
1301764
1300757
1566429
1327154
1554424
1308363
1321357
1553795
1553884
1323379
1551532
1554423
1569066
1553882
1551638
1563796
1321358
1321367
1321368
1551639
1553970
1553887
1567071
1553854
1863795
1551537
1551798
1324307
1551535
1301479
1301559
1563797
1553851
1551531
1302754
1321369
1323395
1324308
1301558
1553858
1551797
1301478
1553796
1327151
1321359
1860379
1301477
1323390
1323399
1551635
1308379
1863796
1313705
1321366
1324309
1553889
1553885
1313790
1327152
1301557
1323392
1563798
1554422
1560399
1300763
1863798
1554421
1321362
1553852
1329598
1551796
1553798
1553880
1551533
1569064
