1384993
1522554
1513998
1523797
1519452
1597868
1509018
1394922
1393990
1359205
1393794
1394923
1593793
1383886
1503672
1503793
1583885
1513798
1582494
1503678
1523622
1513791
1513992
1383885
1378312
1583792
1522544
1529057
1513871
1370079
1372160
1383848
1503855
1503798
1393882
1370388
1522553
1390379
1529050
1583886
1583791
1393799
1513876
1378313
1583884
1503792
1503856
1503674
1513991
1520379
1513799
1360866
1383889
1523669
1394925
1509019
1359818
1503673
1513633
1522543
1393886
1523626
1590379
1503695
1522542
1372168
1513990
1597860
1523799
1523792
1583793
1589657
1384995
1374995
1503799
1393881
1523619
1519453
1582496
1393791
1383792
1582497
1583851
1384992
1359206
1350349
1503865
1519456
1384996
1582495
1589658
1529053
1372169
1589659
1384991
1383840
1378310
1359200
1589652
1383888
1593799
1383849
1374998
1513999
1583888
1583887
1513874
1378319
1523625
1519455
1394929
1503675
1503636
1393880
1383794
1503857
1370081
1503864
1513794
1383846
1383883
1383793
1513993
1582492
1503655
1503851
1350388
1522551
1359208
1523617
1394920
1509016
1513630
1523613
1593798
1393993
1582499
1383795
1374994
1372166
1393884
1374999
1583797
1513879
1509017
1503795
1370379
1374997
1394924
1383841
1503638
1503635
1523790
1519454
1513635
1360846
1583889
1589660
1378318
1393793
1583854
1583794
1360396
1513795
1359848
1582493
1383799
1372167
1583795
1513638
1503656
1522552
1589669
1523628
1589651
1503676
1503850
1378311
1513877
1360379
1523614
1383847
1523791
1359209
1583796
1513632
1523668
1500379
1383798
1523618
1509015
1523627
1372163
1589654
1503853
1593797
1503794
1503859
1513796
1529051
1384998
1393887
1582498
1393796
1513996
1522541
1523794
1374996
1513878
1503858
1359849
1519440
1593796
1529056
1503869
1593790
1523629
1390388
1589665
1580379
1503658
1589668
1503797
1503677
1359846
1597865
1522558
1394927
1523611
1583855
1519441
1523667
1523615
1393790
1523793
1519442
1503860
1529054
1597863
1383845
1589661
1374991
1359201
1522550
1523796
1503637
1513875
1503630
1503866
1513797
1383791
1513872
1522557
1378316
1597866
1589662
1523616
1503861
1503852
1513873
1503796
1393798
1583790
1378314
1359847
1589666
1593791
1359204
1523612
1394928
1519459
1393994
1503868
1523666
1393888
1529052
1583858
1582491
1589653
1503659
1503631
1583852
1529058
1583883
1351384
1360388
1503867
1519450
1383796
1597864
1583798
1513793
1522556
1513634
1513997
1393991
1589667
1503863
1583850
1513639
1359816
1513637
1503854
1513870
1372165
1374990
1589656
1597861
1503698
1503632
1593792
1378315
1359203
1523620
1519458
1589663
1583853
1503791
1510379
1523665
1523624
1593795
1519457
1583857
1503670
1383887
1582490
1394921
1522540
1503657
1380388
1583881
1359819
1513994
1529055
1522559
1503639
1589655
1583880
1522555
1523795
1523610
1393889
1503697
1393992
1383843
1597867
1519451
1519444
1503679
1529059
1503634
1359845
1513792
1503699
1523623
1372161
1593794
1597869
1394926
1523621
1503696
1503633
1359817
1380379
1503790
1513995
1513636
1503671
1372164
1513631
1589664
1374993
1589650
1523798
1583856
1370349
1519443
1503862
1374992
1597862
