1369379
1352595
1362388
1363379
1352591
1365379
1369889
1350379
1352693
1352542
1352597
1364389
1369880
1366389
1383882
1352696
1365389
1352697
1364379
1383880
1369886
1369382
1367390
1362389
1361388
1352592
1352598
1352544
1369888
1384997
1352698
1369883
1362379
1369881
1362980
1352540
1352549
1352361
1366387
1361389
1352590
1361379
1363387
1369380
1364388
1364387
1366379
1352362
1352548
1369383
1583882
1352547
1363388
1369885
1365388
1369882
1352692
1352379
1352541
1383842
1352546
1363389
1369381
1352690
1366302
1369887
1368385
1352593
1352699
1352594
1368379
1369884
1352543
1352694
1352545
1367379
1368384
1368386
1352363
1365387
