1504327
1374449
1514325
1370441
1504324
1514327
1359633
1598129
1374328
1374421
1594328
1359626
1374440
1594791
1384460
1394322
1598113
1588627
1357851
1594842
1394467
1514425
1512436
1504469
1584326
1594854
1357850
1504424
1389427
1594869
1389426
1512443
1374460
1394420
1368987
1580432
1368979
1584323
1504429
1500432
1374442
1374325
1350090
1514420
1598128
1594425
1357856
1357859
1394469
1594799
1598121
1384424
1524329
1598119
1374320
1370444
1359635
1514322
1598110
1514422
1594851
1380444
1504326
1512444
1374469
1374461
1594847
1504428
1512435
1359634
1594797
1384423
1351445
1594321
1384323
1394325
1374429
1594867
1384466
1394321
1514328
1514423
1374443
1374468
1504468
1594860
1394320
1594423
1514321
1384425
1374424
1598120
1594426
1584420
1384426
1598127
1524328
1357858
1598122
1514428
1374323
1357857
1594862
1504329
1374467
1384462
1359620
1504463
1394460
1584329
1374427
1512433
1588629
1594849
1524327
1394429
1359638
1512440
1594798
1504464
1594868
1584322
1389429
1594322
1512447
1504328
1512434
1359631
1524320
1514329
1594848
1514320
1394465
1598123
1351442
1584428
1357854
1359637
1504423
1374321
1594427
1394425
1374326
1594421
1510432
1384461
1394326
1588620
1384327
1594866
1598112
1389422
1390441
1374444
1594424
1514436
1584321
1524326
1584422
1389428
1374422
1374445
1504320
1512448
1598124
1504465
1594329
1359632
1394468
1594790
1350478
1598126
1594846
1512442
1514437
1514426
1594320
1594852
1520432
1394422
1359621
1359629
1584429
1360446
1504323
1594796
1350438
1594845
1598117
1384326
1514323
1389421
1598111
1390444
1384427
1524321
1584320
1394463
1594859
1594865
1594428
1359622
1512439
1374428
1374466
1504462
1390442
1514439
1512432
1504422
1370434
1394421
1394426
1594422
1598118
1514434
1374465
1374425
1512449
1504322
1590432
1384469
1524325
1594429
1394328
1357855
1350477
1598125
1594795
1594323
1504321
1384463
1360447
1384420
1350476
1374324
1394423
1374446
1504421
1384320
1359625
1394466
1512431
1389423
1394424
1594420
1384321
1584427
1384329
1584421
1359630
1524322
1504425
1514431
1594324
1588626
1594855
1374329
1594864
1374420
1394427
1514429
1584327
1512441
1504420
1594843
1359623
1384428
1588625
1514424
1351432
1598115
1514435
1357853
1359639
1504460
1524324
1588622
1504325
1384464
1374464
1584328
1594792
1370431
1368989
1350099
1584424
1389424
1524323
1594850
1512430
1359624
1588621
1594794
1394329
1594326
1384328
1380441
1374447
1594840
1504467
1514421
1374327
1514430
1514432
1584426
1394324
1594844
1512445
1350475
1394428
1514427
1584324
1390440
1598116
1389471
1380442
1384429
1594856
1594858
1384422
1384465
1584423
1504461
1384324
1598114
1357852
1369432
1588624
1514438
1374423
1374441
1384467
1594793
1384468
1512438
1514433
1588628
1380440
1514326
1394464
1594841
1594327
1359627
1594325
1594861
1512437
1389425
1359628
1370440
1504427
1584425
1588623
1374463
1389472
1512446
1374448
1351444
1384325
1504426
1514324
1374322
1374426
1368988
1394461
1359636
1594853
1504466
1384421
1369442
1374462
1594863
1584325
1370442
