1333172
1890442
1331437
1331436
1339440
1533073
1332440
1336441
1333170
1533072
1332441
1894323
1333150
1336442
1332444
1533074
1338441
1894322
1335151
1330444
1333161
1530432
1533075
1894325
1332150
1338442
1332442
1335322
1894324
1533076
1330440
1336452
1335328
1334150
1336432
1533077
1894328
1332142
1338432
1336440
1894327
1894321
1336459
1334154
1894320
1330441
1339442
1338440
1339441
1533071
1894326
1335432
1335312
1331432
1333171
1533070
1336462
1894329
1333162
1890432
1330442
1532632
1332432
1333160
1336444
1334151
1339432
