1564323
1301924
1324423
1329443
1327443
1552654
1559063
1314773
1566216
1314763
1552652
1315966
1554304
1302918
1564358
1327448
1554323
1554322
1566210
1303927
1306918
1324400
1325257
1325253
1307978
1564329
1308948
1566217
1314432
1329441
1569432
1327442
1327440
1300917
1303915
1559060
1325256
1569951
1301915
1319432
1308947
1312571
1327441
1324422
1564321
1566211
1550602
1306917
1554325
1329432
1314777
1313441
1303925
1308918
1329442
1554302
1307973
1864321
1552657
1564320
1559061
1554324
1306916
1564391
1308946
1315970
1564396
1566212
1327445
1554342
1329440
1303917
1324420
1327820
1324421
1560432
1314776
1324402
1864324
1325254
1329447
1566214
1864323
1327444
1319621
1325258
1308916
1564390
1307972
1322432
1564326
1566213
1864322
1300916
1308945
1323432
1324403
1307975
1864327
1324401
1301927
1320432
1308917
1327821
1315954
1327432
1329448
1327447
1329445
1552650
1552651
1313444
1327822
1300918
1552655
1564394
1317432
1564327
1306915
1327449
1308924
1312584
1564324
1564395
1303926
1324404
1325252
1569959
1301926
1307977
1566215
1554305
1327446
1552656
1314774
1550603
1313442
1324432
1307974
1329446
1325259
1314775
1559077
1554343
1303916
1315955
1321432
1300915
1554321
1559064
1307976
1864320
1322442
1301925
1308915
1329444
1307970
1564325
1301916
1310432
1559065
1302917
1552653
1301917
1325182
1559062
1564359
1303924
1554303
1864325
1564322
1325255
1564328
1308949
1312588
1864326
1307971
1860432
1307979
1315432
1329449
1313432
1564392
1564393
1554320
