1354669
1583534
1580353
1393539
1350353
1393531
1510353
1593537
1399448
1523533
1511089
1393448
1383531
1393428
1583530
1390353
1583533
1520353
1593403
1511088
1523532
1393530
1393534
1375331
1590353
1393427
1583531
1583532
1383530
1366341
1593433
1393533
1503532
1393403
1375332
1366363
1393536
1370353
1399453
1375330
1393535
1583523
1383427
1366343
1503533
1399447
1383534
1503530
1399454
1393447
1393538
1503531
1500353
1383535
1593539
1393446
1399450
1383532
1372097
1399451
1393537
1511087
1583535
1593538
1393449
1523531
1351353
1399449
1393532
1383403
1375333
1511086
1399452
1383533
1370053
1383428
1523530
