1588665
1351116
1589736
1597447
1357521
1378788
1521131
1387518
1376263
1508063
1397568
1397427
1587367
1527424
1511571
1357517
1519768
1517363
1580736
1387506
1597449
1354960
1527425
1397424
1521125
1387517
1507424
1507362
1397362
1508060
1378789
1521128
1511577
1507367
1376266
1508061
1390841
1378661
1521120
1354961
1588666
1597361
1527421
1370736
1387369
1378667
1527363
1397569
1387500
1387509
1387360
1587368
1519769
1351117
1397361
1521133
1380736
1517360
1511576
1357519
1527429
1397425
1387368
1527366
1587365
1387514
1588667
1350841
1511564
1397360
1507426
1508062
1597367
1397366
1354962
1588660
1397560
1387361
1508069
1590736
1521123
1527423
1378666
1519761
1397426
1519762
1507423
1380742
1387501
1387515
1507369
1521134
1351118
1507360
1500736
1397563
1517361
1376265
1511573
1587366
1597365
1511566
1588668
1354963
1597368
1508068
1527365
1387364
1511565
1397365
1387367
1587363
1511575
1511561
1507425
1519760
1351119
1354978
1527364
1511567
1511562
1521126
1517367
1397564
1588662
1588669
1376268
1521121
1527427
1507365
1597366
1387365
1397420
1519763
1376261
1520736
1357520
1387366
1527422
1511574
1378664
1387511
1511560
1521124
1370742
1517364
1508066
1587360
1511563
1378665
1390736
1350846
1360736
1397562
1397565
1507366
1351736
1376267
1517366
1587364
1508067
1507421
1387503
1597369
1527362
1527428
1511568
1507428
1387510
1588664
1519764
1354979
1588661
1521129
1376262
1390742
1597360
1527426
1587361
1508065
1397422
1378786
1527367
1378662
1597306
1511570
1387504
1387513
1511569
1597363
1397561
1521130
1507427
1517368
1378787
1507363
1387502
1519765
1527368
1519766
1517369
1351114
1510736
1587362
1378736
1387512
1378663
1597305
1588663
1597364
1378660
1397363
1508064
1587369
1527361
1376269
1511578
1350736
1376260
1507364
1521132
1521122
1527360
1397421
1387363
1397428
1519767
1521127
1397567
1351115
1397566
1387505
1527369
1357518
1397364
1387362
1527420
1507420
1511579
1511572
1387516
1507361
1397423
1597448
1397429
1507368
1597362
1387507
1507429
1517362
1378669
1517365
1376264
