1867346
1310029
1567366
1557365
1561660
1567564
1557427
1325736
1569736
1310736
1567565
1567427
1557425
1557616
1561663
1561661
1324503
1557612
1307725
1567425
1557426
1560736
1325742
1557362
1557615
1324504
1307726
1320364
1567361
1557369
1557619
1557613
1321736
1557423
1557617
1561662
1305504
1302740
1557363
1324501
1329860
1310028
1557610
1311756
1307727
1301725
1557361
1320362
1561648
1557368
1300736
1320363
1567421
1307728
1557611
1313506
1329736
1561647
1311736
1561649
1305502
1324502
1308736
1567429
1300740
1567428
1567562
1307721
1569742
1327883
1313536
1557360
1860736
1301724
1320361
1860742
1567563
1329861
1307720
1305503
1567362
1561643
1305403
1320736
1301727
1310740
1567423
1557420
1567420
1567426
1307729
1567365
1557429
1307723
1567364
1557366
1567560
1302736
1557618
1304726
1305402
1567422
1557614
1557428
1567363
1320360
1301726
1323736
1557421
1561642
1560742
1303736
1307722
1567424
1557367
1567561
1557364
1567360
1307724
1557422
1301736
1324500
1305404
1557424
