1513846
1352673
1359256
1509316
1582487
1370088
1513614
1503821
1352674
1513623
1509334
1583817
1580383
1503812
1509343
1390382
1393822
1503909
1509325
1378352
1593626
1523715
1513896
1383816
1374855
1374900
1593879
1394913
1370384
1509345
1513717
1370393
1509306
1597840
1589064
1359880
1359883
1583823
1359247
1374888
1359885
1529044
1597841
1373380
1523860
1380371
1593624
1373383
1513899
1384908
1589006
1589011
1520371
1359804
1503605
1583837
1384909
1509307
1378340
1503826
1523869
1518836
1590361
1503807
1523806
1589018
1352671
1593878
1370086
1529087
1383718
1374911
1513645
1393718
1583801
1370371
1522513
1360371
1350383
1513644
1593717
1598196
1503606
1583716
1582486
1513890
1523714
1359843
1598188
1393858
1883717
1580382
1513620
1580384
1374846
1593903
1383820
1523864
1374889
1374841
1509317
1380385
1374901
1513640
1593623
1589010
1503835
1513716
1360399
1500387
1523832
1374906
1513848
1509335
1503619
1370399
1503827
1359248
1503714
1598189
1503908
1513613
1598182
1583813
1509324
1503820
1509342
1384910
1509337
1352670
1583820
1883718
1503613
1518838
1359254
1589067
1394912
1513646
1378341
1583800
1593712
1378358
1509328
1393715
1523836
1589000
1513711
1597842
1359805
1522515
1518831
1583826
1503806
1393712
1352676
1580399
1359255
1589005
1513893
1522509
1529043
1583719
1374847
1384919
1522502
1513718
1359266
1503834
1503907
1359259
1374898
1513622
1593622
1522506
1374895
1523835
1500386
1589009
1394911
1374858
1513628
1503608
1359267
1513849
1523830
1384911
1589016
1529040
1598195
1513643
1374909
1394902
1589019
1513615
1513610
1509314
1593629
1374849
1360384
1509309
1509323
1529088
1590366
1598187
1583830
1593904
1359842
1523863
1583812
1378360
1503715
1589004
1351380
1378368
1513894
1589001
1393856
1597843
1500385
1373388
1582485
1513867
1370386
1359258
1378371
1583839
1503832
1513625
1590399
1359249
1590363
1503905
1583821
1503617
1503814
1513710
1374038
1509336
1374904
1503813
1583818
1374886
1523800
1374899
1522518
1373319
1583815
1513892
1589061
1390385
1393821
1883716
1359264
1503618
1384918
1503906
1384917
1589068
1518830
1589066
1503823
1374887
1518839
1509348
1598194
1359889
1583803
1503804
1883715
1593876
1503610
1359806
1509308
1503607
1598184
1523838
1380384
1503600
1522512
1580386
1509322
1352682
1583717
1380399
1513897
1513647
1374848
1360768
1393906
1378355
1383855
1583836
1374859
1523866
1598193
1523839
1359882
1583825
1374917
1589002
1509330
1503833
1598186
1373389
1372141
1522500
1529084
1373318
1583710
1513618
1509339
1378369
1589003
1370395
1378344
1374896
1509320
1359840
1522517
1503615
1383854
1597844
1360386
1359243
1513629
1529081
1378348
1883710
1513624
1513713
1394907
1390386
1360767
1503822
1580385
1393855
1583802
1503601
1523719
1359252
1523801
1589060
1500384
1503815
1522508
1503602
1360765
1509329
1582489
1372140
1523865
1383835
1373386
1374897
1518833
1359242
1589069
1522503
1590368
1350371
1593715
1583833
1598185
1503831
1593870
1513719
1589014
1374907
1598192
1582484
1373381
1503803
1513621
1380383
1593875
1523837
1513648
1518834
1384900
1393905
1378354
1393859
1503713
1503825
1580388
1374851
1513612
1583816
1593627
1393854
1359265
1393841
1509311
1378362
1352678
1593713
1513869
1372143
1509321
1359244
1509331
1523718
1378345
1374842
1513712
1503710
1580371
1513627
1394904
1352677
1360766
1360869
1378349
1509349
1583711
1518832
1583828
1503719
1384901
1350385
1380382
1883714
1509338
1583810
1513626
1523711
1393825
1582483
1350386
1503718
1359251
1393711
1593874
1373316
1359808
1370392
1383859
1583714
1374843
1394908
1583804
1503609
1359887
1523802
1390371
1590362
1523803
1374856
1513641
1509346
1390381
1593872
1522505
1359262
1590365
1503830
1374885
1583715
1513649
1582488
1583831
1593714
1598198
1503802
1383850
1509310
1359269
1589063
1593621
1390384
1360398
1529082
1593620
1518835
1529083
1503817
1384902
1394909
1394905
1580380
1503616
1522501
1580387
1352679
1500383
1373384
1583811
1500381
1373317
1500388
1378342
1523807
1384907
1523861
1513895
1523833
1380389
1503824
1598181
1374840
1509318
1374857
1583819
1383833
1374910
1378357
1393849
1372142
1374850
1513891
1503711
1593628
1352683
1393853
1883713
1513866
1582482
1374905
1589015
1370382
1513898
1374919
1509327
1523804
1589062
1383856
1500399
1523808
1393829
1522519
1359263
1503828
1350381
1503809
1384905
1393716
1393820
1509332
1503612
1509341
1500389
1513715
1503819
1503712
1523712
1583807
1503838
1523868
1393852
1593718
1383715
1378364
1383713
1522514
1378367
1589008
1598190
1583805
1529086
1503837
1590371
1503716
1509313
1500380
1384904
1513619
1529041
1598180
1598199
1883712
1393848
1373385
1374902
1374853
1509305
1374844
1360867
1503603
1513868
1503810
1522507
1593710
1374918
1509333
1523862
1523867
1593716
1583718
1509312
1593719
1513616
1500382
1503800
1529089
1352684
1593873
1523717
1598191
1583832
1359844
1384906
1380381
1583827
1529080
1522510
1374854
1582480
1384903
1394910
1500371
1523834
1589013
1360868
1383836
1509319
1583822
1374903
1513642
1503801
1590367
1513714
1509326
1503836
1513617
1374908
1593900
1359246
1523713
1393713
1503811
1583809
1359884
1513865
1359881
1509344
1359268
1383710
1523809
1589007
1503829
1378347
1523716
1513845
1582481
1503614
1383716
1589065
1593625
1374852
1378365
1503818
1522511
1509347
1883719
1509315
1503839
1522504
1522516
1593877
1583824
1583806
1374845
1509340
1359803
1589012
1503604
1593711
1513611
1370390
1373315
1503808
1583713
1523710
1370398
1510371
1580389
1598197
1503611
1383717
1529085
1529042
1598183
1518837
1590364
1583829
1513847
1523831
1372144
1523805
1883711
1583835
1393902
1373382
