1352351
1352303
1363371
1361382
1362381
1367366
1352651
1360382
1352646
1367697
1352557
1352357
1361381
1367497
1352352
1367699
1352649
1368383
1352304
1352359
1352340
1367367
1365371
1367696
1368382
1352647
1352554
1352550
1367698
1367492
1366386
1352650
1366384
1366381
1364381
1352555
1367399
1361386
1367691
1361380
1352346
1352301
1364380
1365386
1362386
1352657
1365385
1352551
1367490
1352553
1365397
1361384
1352345
1352675
1368381
1352302
1367339
1367362
1365384
1367360
1352640
1366300
1352309
1352356
1366301
1368380
1361385
1367369
1364382
1363382
1367499
1352642
1352305
1367338
1352306
1352663
1352664
1352348
1366382
1367363
1367368
1367361
1367495
1352308
1352343
1361371
1352354
1367498
1366385
1352558
1367692
1364383
1365383
1369371
1383815
1383712
1352641
1366371
1383714
1359245
1362385
1352347
1352559
1364371
1352300
1362384
1352656
1365381
1364386
1352344
1352349
1367496
1364384
1352307
1363384
1352358
1352653
1366380
1363381
1362382
1583808
1362371
1352655
1352654
1352556
1352350
1364385
1352661
1394914
1365380
1352645
1361383
1503717
1366383
1367694
1367337
1362383
1352552
1367494
1593902
