1320388
1327302
1313713
1566415
1561750
1322306
1567247
1566404
1564925
1551554
1551750
1553801
1563859
1301766
1551693
1314004
1563824
1563820
1561795
1307107
1561786
1563845
1551568
1561752
1551593
1551555
1561772
1563854
1561767
1307378
1320389
1563882
1563909
1561789
1321315
1553839
1553817
1302773
1563976
1553828
1551753
1567254
1327159
1563840
1307375
1321312
1551694
1321305
1325339
1553712
1553814
1307379
1316432
1329831
1564905
1314019
1564968
1553800
1563715
1566410
1325347
1320374
1551592
1325342
1551459
1563974
1301462
1551583
1313773
1314018
1561775
1325335
1564926
1561792
1551439
1313770
1566412
1563718
1860382
1329090
1325361
1563825
1328380
1321314
1563855
1863901
1553836
1551563
1563883
1307105
1321308
1551578
1325350
1322301
1551591
1566419
1561764
1301450
1322307
1302774
1325332
1551454
1563903
1563813
1324342
1551569
1320372
1551699
1553809
1328385
1553826
1551752
1553831
1321317
1563816
1564933
1561778
1551584
1310381
1561751
1563881
1554416
1551574
1553822
1561754
1554413
1327155
1301468
1569088
1301554
1313714
1551714
1563973
1563810
1551581
1329833
1554410
1567240
1322371
1564927
1563819
1316433
1307372
1329832
1321311
1563826
1302775
1564920
1561756
1320373
1563991
1563716
1553719
1551457
1307374
1564987
1551755
1551557
1860383
1551580
1551691
1329836
1563970
1563817
1302777
1551754
1316438
1300750
1307373
1566416
1321306
1553834
1551690
1313771
1551711
1563979
1325362
1551437
1313715
1551453
1327156
1564929
1553807
1551564
1561784
1316437
1561779
1563717
1553808
1561774
1322309
1553819
1569087
1325344
1553837
1554411
1325349
1553806
1561796
1563847
1314010
1564912
1863710
1563990
1561761
1324343
1551598
1563971
1325359
1551585
1561776
1563852
1551438
1307101
1328387
1551712
1551565
1325351
1551567
1301457
1567241
1569086
1567243
1860385
1863717
1553718
1324344
1322308
1563811
1563978
1563904
1329815
1314009
1327597
1329841
1551458
1563818
1863716
1563827
1554412
1564910
1561759
1553870
1553829
1329819
1321599
1313772
1563928
1302778
1553804
1301769
1567062
1566411
1301465
1551455
1325330
1551562
1561781
1563894
1563900
1563880
1551452
1321321
1308360
1325368
1563893
1564965
1561741
1563828
1321319
1560371
1563994
1554417
1563853
1554418
1564930
1551556
1561787
1551435
1551618
1308371
1564900
1553810
1329810
1551615
1553816
1561742
1553832
1316439
1551572
1551551
1563972
1300761
1321316
1320384
1863718
1860386
1320370
1566414
1567242
1325352
1551695
1551575
1551597
1307103
1551757
1563927
1561794
1554415
1551566
1320382
1563886
1301768
1325341
1329096
1563906
1307371
1563856
1863715
1551692
1314008
1566417
1314002
1316436
1328388
1307100
1553825
1561770
1563851
1551561
1561766
1314007
1561769
1325338
1564911
1551456
1310382
1325366
1304451
1314015
1551436
1553818
1310371
1567063
1553710
1325343
1325357
1553716
1561757
1863902
1563929
1329816
1563901
1561780
1563843
1325360
1307108
1863719
1564908
1563829
1561740
1553821
1563892
1551587
1301458
1553871
1551586
1321309
1325367
1553805
1551451
1329842
1553811
1567259
1321320
1551559
1314000
1302776
1561785
1563993
1564901
1561768
1567250
1320385
1561763
1561777
1307102
1328384
1563905
1551582
1566403
1320371
1314001
1551756
1563887
1328507
1564966
1322303
1863712
1328389
1563850
1551719
1564928
1563857
1313711
1564921
1329834
1320383
1561790
1551573
1551558
1325346
1567060
1310383
1561743
1553835
1328371
1554419
1327380
1553813
1321304
1325358
1551595
1561744
1308369
1567253
1561753
1554414
1551718
1307370
1320386
1329813
1301464
1314005
1561771
1329840
1300760
1563902
1563925
1316431
1320380
1563844
1551616
1567244
1551717
1860381
1329817
1563891
1553717
1553711
1321302
1863900
1304301
1553823
1551550
1312324
1564902
1321313
1563711
1567245
1863711
1563992
1551553
1329094
1564922
1320387
1563858
1316430
1553812
1563908
1307109
1316434
1551570
1563890
1567251
1564909
1325336
1561797
1563849
1551716
1551560
1563823
1561760
1561782
1553803
1551696
1563814
1325365
1302770
1313794
1551450
1321323
1313710
1321303
1561762
1310384
1551599
1551571
1554409
1327158
1564903
1553802
1551751
1325364
1567061
1302771
1561783
1314016
1561793
1567252
1567258
1314014
1307376
1563710
1553715
1566402
1551577
1563841
1322302
1551617
1564923
1325340
1329818
1553827
1551596
1325369
1320381
1329814
1314003
1564906
1325345
1551589
1307106
1566413
1563712
1561765
1327690
1563884
1321322
1563885
1563907
1563815
1563713
1301076
1314013
1328382
1553824
1551552
1328383
1301452
1553830
1321300
1322304
1564932
1567248
1321318
1566405
1569084
1554407
1563889
1302762
1553833
1325354
1564914
1551715
1551576
1564986
1561755
1553815
1561788
1551697
1325333
1321307
1325355
1329811
1563926
1561773
1310385
1325331
1329835
1327157
1325337
1314006
1564913
1569085
1321324
1561798
1553820
1564924
1316435
1563842
1563977
1563848
1554408
1567257
1302761
1302779
1302772
1564907
1563822
1863713
1325348
1327381
1564931
1860371
1563975
1551698
1314017
1307377
1551579
1551594
1553714
1561791
1551588
1563812
1308366
1551758
1567255
1325592
1561758
1551590
1325353
1329812
1567249
1553838
1863714
1301453
1564904
1314011
1310171
1563821
1566418
1325334
1314012
1560390
1860384
1321301
1564969
1553713
1563888
1322305
1564985
1551619
1301467
1563719
1329830
1325596
1563846
1551759
1564967
1307104
1321310
1327371
1551713
1310386
1325363
1567246
1567256
1325356
1328381
1563714
1551710
1564934
