1352666
1352660
1352659
1383808
1367491
1352672
1583834
1367690
1352686
1351371
1352652
1362380
1593901
1363380
1352687
1352658
1383839
1367335
1378353
1346030
1352371
1580381
1352667
1373387
1352355
1378350
1352669
1367371
1367336
1352668
1359253
1360764
1383800
1589017
1352648
1359841
1370084
1503805
1352342
1363383
1393717
1367397
1583814
1390383
1383826
1361984
1352353
1367693
1365382
1352681
1359807
1380386
1503816
1368371
1583712
1363386
1370085
1383805
1583838
1359241
1590369
1383811
1352662
1367364
1352680
1593871
1359240
1378346
1363385
1367493
1383837
1378359
1367695
1352644
1383711
1359802
1359261
1590360
1352665
1378343
1383831
1367365
1362984
1393847
1393909
1352685
1378351
1359886
