1334381
1532493
1333383
1334695
1339373
1530383
1337394
1532494
1338382
1534371
1334386
1330386
1532471
1893715
1334384
1338402
1337392
1337393
1330381
1334371
1338383
1532495
1330371
1530384
1534381
1533371
1532485
1333386
1334385
1530372
1334383
1893712
1338403
1533383
1890385
1338384
1534382
1533120
1338404
1532484
1893717
1532487
1893713
1337390
1532488
1532483
1530371
1893714
1332385
1333385
1890384
1339370
1893710
1532474
1534380
1532496
1532482
1337395
1338400
1893716
1338386
1890371
1532489
1332382
1532497
1339371
1893719
1332381
1893711
1530381
1890382
1530382
1335371
1338385
1533380
1890383
1332383
1330384
1532498
1532472
1532490
1532491
1333382
1533382
1334694
1893718
1338371
1333381
1332386
1532473
1532481
1339372
1337391
1533381
1332384
1330383
1534383
1332371
1334693
1890386
1532499
1335380
1339374
1333384
1532492
1532480
1334382
1330385
1330382
1338401
1338381
1890381
1532486
1333371
