1520565
1515655
1386540
1515653
1395664
1595657
1595650
1525624
1386529
1525652
1525561
1515680
1350565
1505659
1515654
1590565
1386698
1595565
1395663
1595651
1505623
1363729
1525623
1595658
1595605
1595652
1367562
1525651
1525562
1510565
1385658
1386526
1350051
1386699
1385654
1386542
1373198
1373199
1515682
1525650
1395661
1525622
1595653
1595606
1367565
1505657
1525563
1395662
1386527
1525627
1396639
1595654
1580565
1385659
1525621
1385657
1395665
1390565
1595655
1368565
1505622
1386521
1396634
1525629
1385653
1515652
1396637
1525628
1515659
1386520
1396569
1386524
1505625
1396638
1386525
1500565
1505624
1515658
1385652
1515651
1396544
1595656
1525620
1396568
1500566
1396632
1505658
1515657
1360565
1380565
1525554
1386522
1396543
1396635
1595607
1515650
1525559
1386541
1525626
1385651
1396567
1525625
1515656
1386697
1525560
1385656
1396633
1396636
1386565
1370565
1385650
1595659
1515681
1386523
1585650
1386528
1505656
1363728
