1514851
1584790
1584796
1504893
1394797
1514863
1394799
1516497
1514860
1514862
1514794
1584797
1524794
1524785
1584992
1514795
1580479
1514798
1351479
1504897
1500479
1524788
1384792
1504792
1594719
1520479
1504795
1504896
1516498
1524791
1514868
1584795
1394790
1367479
1360479
1584798
1504794
1514796
1514852
1514869
1516499
1384791
1504718
1524796
1504793
1584794
1504797
1584799
1394739
1594709
1394879
1514866
1524793
1584792
1384790
1514850
1584791
1504895
1384859
1524799
1394792
1524786
1584793
1524790
1524795
1504796
1504798
1504717
1510479
1394794
1504894
1504890
1504791
1584991
1524787
1514797
1514867
1524749
1504719
1584990
1584993
1524798
1394796
1594729
1390479
1514799
1514864
1514853
1514865
1524797
1590479
1504790
1366489
1516495
1524792
1394795
1514861
1514854
1394791
1524789
1504891
1374791
1516494
1394798
1374790
1372209
1394793
1516496
1384849
1375419
1504892
