1527546
1356228
1356106
1380546
1395462
1526380
1378076
1358997
1595461
1356229
1526605
1595466
1526388
1356107
1586546
1526607
1516621
1580546
1595467
1515463
1595460
1525467
1386472
1526546
1370647
1526586
1379399
1516629
1526600
1525460
1516623
1596529
1585460
1515462
1358996
1377490
1378079
1595465
1385461
1500685
1356337
1386479
1527544
1595468
1526389
1379207
1385466
1378078
1527561
1396337
1395469
1386473
1356336
1506603
1379398
1510546
1596528
1356338
1526384
1356101
1515465
1525466
1350546
1358995
1516628
1378983
1527560
1350636
1500652
1386478
1526382
1506609
1386470
1502059
1395464
1396336
1396339
1385468
1356109
1515464
1526383
1596545
1525465
1596527
1395465
1506604
1386471
1396338
1385460
1395467
1356339
1526619
1500688
1527564
1351546
1526602
1506605
1379396
1369783
1516627
1379397
1351866
1586518
1500546
1596386
1356100
1379208
1395468
1395466
1515461
1369782
1395463
1596308
1385469
1525464
1356225
1525463
1516626
1527562
1506607
1506608
1526601
1520546
1390546
1515466
1590546
1500686
1596387
1358945
1388492
1515460
1516546
1505460
1526386
1595464
1526381
1378075
1525446
1525461
1390647
1360546
1516624
1515467
1386475
1527563
1506546
1526603
1596388
1356226
1395460
1595463
1526385
1527565
1586598
1500687
1595475
1525462
1379206
1526604
1506601
1515468
1525469
1385465
1506602
1379395
1599098
1595462
1516625
1385464
1526609
1526387
1358998
1506606
1356105
1356103
1526606
1370636
1586545
1386474
1370546
1515469
1356108
1358999
1356335
1379209
1506600
1356227
1525468
1526608
1388491
1396335
1395461
1516620
1596389
1379205
1378077
1516622
1500684
