1531434
1336546
1339647
1534546
1895309
1332504
1531505
1531838
1335661
1336141
1895400
1332503
1337155
1531832
1332506
1335662
1531430
1895402
1530546
1895308
1531506
1895401
1336152
1335663
1533546
1531831
1530647
1335683
1337151
1531432
1895305
1531433
1338546
1890546
1337150
1335664
1895404
1531839
1335546
1337152
1337546
1337141
1531833
1330546
1334504
1531834
1338647
1337647
1334503
1330647
1531503
1334505
1336151
1890647
1531835
1334506
1531830
1531431
1531836
1895403
1533647
1895307
1531546
1339546
1335660
1337153
1336150
1531837
1895306
1332505
1531504
1337154
