1328735
1329031
1312725
1325561
1315606
1555383
1322052
1560647
1301290
1320547
1318195
1305460
1328031
1321036
1566689
1325647
1329647
1325562
1328730
1555382
1308141
1328738
1327546
1308261
1321034
1321039
1555389
1315355
1308260
1328030
1325563
1561546
1328737
1328037
1321035
1561504
1314546
1569808
1561582
1560546
1328038
1324546
1561592
1328731
1321038
1566647
1321032
1320548
1300156
1566667
1325560
1305462
1305465
1312719
1328732
1566638
1328546
1301291
1328035
1321033
1865365
1569807
1318198
1300654
1566621
1561506
1305466
1322546
1315681
1315341
1328036
1566672
1305467
1322050
1320546
1314545
1860646
1329546
1318197
1315647
1305461
1315356
1301356
1315680
1555385
1321031
1328733
1305469
1305464
1322051
1320549
1328033
1308140
1860546
1312724
1555384
1325546
1305468
1328039
1315607
1305463
1328032
1321030
1327647
1328736
1561516
1318196
1865369
1321037
1324545
