1301610
1327238
1561686
1552623
1327064
1557562
1310735
1567575
1557351
1567577
1557352
1867345
1310708
1308725
1313535
1327237
1557579
1314170
1320735
1567574
1567567
1314159
1567572
1567352
1301612
1561691
1561682
1557576
1310706
1557565
1557569
1561685
1313505
1321735
1557564
1308735
1557359
1567408
1567578
1552620
1327236
1552625
1320490
1557358
1310705
1325735
1557568
1567573
1561684
1561683
1557577
1567566
1567353
1320491
1560735
1329735
1327235
1557571
1567579
1305501
1313515
1557357
1557574
1557567
1567571
1552624
1305401
1567354
1314171
1311755
1320337
1305500
1557575
1552621
1303735
1557566
1311735
1304725
1301735
1305400
1557572
1557561
1567351
1557356
1327065
1567570
1552622
1310035
1552628
1567407
1552629
1552626
1557560
1567569
1860735
1557354
1557578
1557573
1567350
1557355
1327239
1320339
1567568
1301611
1567409
1329859
1567406
1302735
1310038
1320338
1557353
1300735
1860842
1557570
1557563
1561687
1567576
1569735
1323735
1557350
1552627
