1586982
1527355
1511558
1507354
1397556
1397574
1507417
1511551
1521179
1509615
1527359
1588654
1517351
1587358
1517356
1521172
1376258
1527418
1397572
1378658
1586980
1597326
1511557
1597351
1588651
1507353
1590735
1376255
1397550
1507418
1378776
1597350
1587350
1397350
1378650
1397557
1519751
1509614
1380844
1357456
1521171
1588657
1511550
1521178
1378652
1350735
1509617
1511556
1597356
1587352
1378659
1527353
1527354
1527413
1519750
1588658
1597355
1397558
1587351
1387558
1354955
1517353
1378777
1360735
1527419
1507350
1509610
1397553
1376256
1354952
1509619
1397578
1588652
1357454
1387559
1509616
1511555
1378911
1380735
1507359
1527412
1378656
1517350
1521177
1354957
1517358
1507416
1527414
1517352
1519757
1588656
1588659
1527415
1387551
1397554
1588650
1357452
1507351
1370735
1378775
1521176
1509611
1587354
1527350
1587359
1527351
1507415
1588655
1597358
1387359
1580735
1507358
1397559
1517359
1597357
1351735
1397577
1509612
1397579
1519756
1376254
1519755
1376253
1507357
1519759
1387550
1511554
1507352
1509618
1527352
1387557
1586984
1517355
1521175
1387556
1354956
1378912
1509613
1397551
1387553
1597359
1397576
1387351
1587353
1511552
1511559
1586983
1521170
1378654
1527417
1519754
1354959
1519758
1517354
1387357
1587357
1520735
1354950
1507356
1390735
1376252
1387554
1521174
1587356
1397575
1397552
1527357
1387555
1376259
1387552
1387356
1378657
1527358
1519752
1597324
1597354
1376251
1527356
1397352
1387354
1507419
1517357
1387353
1527416
1354958
1511553
1357453
1378653
1378910
1588653
1589735
1597325
1510735
1397351
1597352
1587355
1507355
1397573
1397555
1527410
1521173
1586981
1376257
1378735
1376250
1519753
1500735
1387352
1378655
1597353
1527411
1354953
