1363801
1359546
1359542
1588540
1376542
1588545
1588559
1376543
1363802
1511782
1511783
1508613
1518549
1528623
1508517
1528626
1518546
1588546
1359547
1376544
1359543
1376575
1370854
1588541
1518077
1376549
1351854
1398575
1363803
1528539
1388541
1528621
1508516
1500854
1528625
1512139
1388540
1598541
1359548
1359544
1388548
1388549
1508612
1518547
1511784
1508615
1528537
1528530
1359545
1580854
1528629
1376545
1518554
1376576
1388543
1528531
1350850
1518545
1376548
1518550
1511785
1518078
1512137
1528532
1376546
1588544
1512138
1359549
1398579
1508515
1528538
1376547
1508614
1388546
1388544
1528535
1508514
1588556
1518079
1510854
1528627
1528620
1508617
1511787
1511786
1528622
1388545
1518552
1588555
1518551
1528536
1588557
1512135
1588542
1376578
1598540
1398444
1508618
1508611
1363804
1363800
1528534
1511781
1376540
1359541
1528628
1518553
1520854
1598542
1508616
1376541
1376577
1588543
1588547
1511788
1512136
1390854
1359540
1511780
1528533
1398577
1528624
1508582
1588558
1511789
1376579
1508610
1350854
1518548
1508619
1590854
