1313474
1315081
1554817
1554745
1554002
1554040
1564890
1564898
1569474
1308857
1860474
1556060
1564743
1315080
1322474
1564897
1564891
1315083
1312174
1554043
1554744
1323848
1559852
1564741
1324518
1564749
1301523
1320474
1554747
1564892
1564899
1302953
1559853
1554042
1315082
1554746
1564742
1564744
1323847
1321474
1327474
1564748
1554740
1564740
1323846
1564745
1308474
1554001
1554749
1860484
1564747
1556063
1554816
1324517
1328474
1315084
1303474
1308023
1564746
1554741
1322479
1554044
1556066
1560474
1554815
1554748
1323474
1556062
1301503
1564896
1564895
1559851
1554743
1556065
1315474
1328482
1308858
1564894
1308859
1328481
1554742
1329695
1559850
1321404
1554041
1300953
1564893
1329694
1329474
1556064
1312674
1556061
