1519306
1500943
1580943
1390943
1389308
1389304
1529305
1388420
1519300
1519307
1510943
1389303
1383005
1521390
1383004
1519305
1520943
1510140
1519308
1521418
1388426
1519304
1388422
1388421
1383008
1509715
1383003
1389302
1368943
1383001
1510141
1509713
1389301
1388427
1509714
1529306
1510145
1509577
1383002
1383009
1388424
1519301
1383000
1519303
1510144
1368944
1519302
1388429
1388423
1521419
1389300
1351901
1509716
1529304
1520942
1388425
1383007
1510143
1519309
1389306
1389307
1509578
1351943
1380930
1388428
1510142
1389309
1389305
1383006
1521391
1509579
