1554068
1564762
1554841
1308843
1556036
1308026
1554839
1564765
1864716
1556046
1554062
1556044
1564849
1308027
1569476
1564848
1564763
1556035
1320476
1329801
1554066
1554847
1313476
1326014
1315485
1554067
1308476
1324595
1311357
1556041
1564760
1564883
1564767
1564863
1554898
1569096
1315091
1564865
1559855
1554765
1554849
1559860
1554845
1860476
1564864
1315486
1564769
1308157
1564862
1329800
1302042
1554891
1564882
1556042
1556047
1559861
1303476
1559854
1315093
1554060
1564766
1323476
1554063
1860486
1315476
1564761
1303959
1554065
1554764
1554844
1311356
1315092
1564881
1564845
1554848
1564768
1554894
1554763
1556039
1329802
1554768
1315484
1564867
1864726
1554061
1554895
1564860
1321486
1554843
1315098
1564861
1319094
1321487
1554064
1564866
1564880
1554890
1301519
1311358
1315097
1556040
1564868
1329803
1554842
1556045
1554762
1554769
1329476
1308840
1556038
1554899
1324086
1301529
1564764
1554846
1554766
1554896
1559856
1556048
1311354
1327476
1301959
1301518
1554893
1554761
1559859
1315094
1554892
1308841
1564847
1559857
1315095
1556037
1564869
1315096
1554069
1554760
1324594
1554767
1554897
1311355
1564846
1554840
1308842
1556043
1559858
1554838
1303479
1560476
1321476
1564884
1328476
