1517481
1594943
1594755
1594764
1514767
1514813
1384764
1370476
1584897
1512493
1504960
1517484
1524761
1375406
1594746
1374774
1584761
1374769
1394863
1514815
1584732
1504966
1512490
1504869
1500487
1374775
1514833
1384836
1512495
1384760
1394876
1584760
1590486
1514906
1590476
1375416
1584898
1504997
1584749
1580476
1504757
1500476
1592456
1514816
1514766
1512496
1504969
1524760
1374768
1384898
1373485
1512492
1504764
1384763
1394769
1584997
1584705
1394866
1514915
1378966
1384888
1374767
1394764
1504993
1394736
1512494
1514914
1512491
1514765
1504868
1504965
1394762
1378949
1512497
1504860
1514916
1594724
1520476
1584995
1517482
1504863
1378946
1384766
1504765
1394836
1514760
1594760
1384899
1584899
1500489
1504766
1384846
1504995
1592443
1394761
1514764
1514769
1510481
1504967
1584998
1374766
1524766
1580486
1514917
1514814
1394767
1374776
1504862
1384886
1504861
1517485
1384765
1378969
1500486
1373486
1504725
1374765
1584889
1524765
1394896
1514763
1514733
1584966
1514768
1517486
1524769
1593496
1394868
1504962
1510480
1594767
1504768
1384767
1500488
1584996
1584968
1394816
1374770
1514762
1504769
1514838
1394846
1384887
1584706
1394856
1584961
1504990
1584967
1514837
1514911
1375413
1374764
1504992
1584735
1384768
1350066
1360476
1524764
1378953
1514836
1517487
1363476
1504998
1373479
1514818
1584738
1351486
1504964
1524768
1517480
1378963
1594714
1394765
1384796
1594769
1514734
1514910
1514835
1374771
1584960
1514761
1504763
1504961
1380476
1514830
1504760
1372216
1384761
1512499
1584969
1378976
1374806
1504968
1504867
1594706
1594756
1504864
1374772
1390476
1524767
1504761
1378973
1514817
1514909
1394869
1517483
1584964
1584734
1384762
1374760
1584963
1514810
1384769
1373489
1512498
1374763
1592453
1384806
1514735
1504996
1504762
1373478
1514908
1378959
1514811
1593493
1514918
1504963
1384896
1378956
1384856
1524763
1504866
1514745
1394768
1374762
1504991
1378943
1584736
1514736
1504865
1366486
1517488
1592446
1584965
1594716
1504837
1514834
1504838
1374761
1584733
1514913
1384866
1514839
1394864
1514912
1514907
1394886
1584962
1584994
1514919
1594766
1584896
1367476
1514831
1384897
1514812
1584999
1584762
1394763
1584739
1394760
1374773
1504994
1372206
1514819
1510476
1524762
1514832
1517489
1384889
1504758
1514905
