1528467
1528573
1598547
1351857
1588521
1512152
1528650
1508539
1511762
1528466
1593477
1588586
1398456
1376588
1593472
1518612
1369853
1508574
1398470
1528460
1363819
1528659
1511755
1511761
1528568
1593478
1508638
1511768
1388578
1388577
1398459
1508581
1500857
1508531
1598544
1359570
1512154
1512153
1518619
1376589
1588589
1590267
1588522
1388570
1508630
1528566
1511763
1398471
1511769
1508532
1528579
1359571
1508578
1528574
1593479
1508635
1528461
1363817
1511760
1511754
1588588
1590266
1372159
1508625
1511766
1388571
1588523
1512148
1511759
1518611
1398447
1593476
1511757
1528462
1398472
1590265
1528565
1508530
1372158
1528656
1508633
1528464
1508571
1528578
1518610
1528654
1350857
1508632
1528465
1398589
1511764
1588529
1528567
1588531
1370857
1508650
1508579
1598543
1508637
1363816
1359572
1588530
1511765
1398474
1588524
1508570
1580857
1511767
1593473
1528577
1511758
1359573
1398473
1390857
1388572
1511756
1359578
1528653
1388573
1508631
1528655
1508576
1518605
1528658
1398477
1398535
1588525
1359574
1363815
1520857
1528576
1369855
1508534
1359579
1372150
1518615
1508535
1508573
1518614
1369854
1593471
1359575
1593474
1588519
1511750
1528652
1508634
1528575
1590257
1398457
1588526
1508536
1508577
1398478
1588585
1376586
1528657
1528463
1508639
1518607
1388574
1508572
1518617
1598546
1369857
1376585
1518608
1598548
1511751
1590258
1359576
1372151
1398588
1593475
1528651
1598545
1508636
1518609
1369856
1398458
1593470
1590857
1512150
1376587
1588528
1398475
1518606
1508537
1512149
1372152
1588527
1518616
1388575
1398479
1359577
1398587
1511752
1528570
1508580
1508575
1388579
1508538
1528571
1518618
1528468
1588587
1518613
1528572
1388576
1588520
1510857
1590259
1398476
1528569
1363818
1398455
1512151
1528469
1511753
1508533
