1558567
1551975
1551978
1568572
1568571
1568578
1558554
1309857
1568579
1320859
1311647
1315827
1304854
1558572
1551933
1560857
1551977
1568573
1568570
1304957
1559794
1323857
1568592
1320858
1551934
1559795
1558576
1558557
1558575
1304855
1559933
1559793
1312367
1558570
1323858
1311646
1303554
1558579
1551974
1559934
1551937
1558537
1551973
1558573
1323852
1559937
1551972
1559938
1551979
1568547
1551936
1309687
1558577
1559932
1558574
1320857
1559936
1551971
1558532
1558571
1568591
1301706
1551935
1309682
1568574
1551931
1558578
1558547
1567097
1551970
1551976
1568577
1860857
1569277
1568575
1559935
1311857
1568576
1559796
1551932
1308786
