1359041
1376027
1359018
1363252
1372376
1376041
1392747
1392743
1342875
1382434
1351011
1369160
1342183
1363295
1359039
1348014
1351057
1376028
1392748
1348065
1599968
1379445
1376045
1363255
1375103
1372347
1392848
1359015
1599965
1351053
1342131
1363162
1363279
1392744
1382654
1351090
1359040
1351040
1359027
1598661
1341861
1375119
1342899
1351095
1351068
1375110
1382435
1592008
1342517
1351097
1376013
1363284
1351059
1342892
1363156
1351075
1351065
1342434
1591416
1351074
1392657
1376026
1363292
1348094
1379826
1372375
1356072
1372342
1376014
1348013
1348012
1351046
1372341
1599955
1348087
1372550
1342435
1357085
1359014
1359023
1382653
1392656
1351060
1376036
1363258
1375118
1592007
1348097
1392741
1375105
1359017
1363293
1357081
1342511
1359048
1363278
1348068
1382329
1342416
1581557
1342519
1372878
1359030
1351073
1348077
1351044
1581407
1392651
1351045
1372865
1376035
1342436
1598946
1351052
1363159
1363265
1363155
1592002
1348088
1359034
1363163
1372378
1581868
1376015
1392847
1363250
1598676
1372871
1363253
1363290
1351061
1348095
1351024
1375116
1382652
1372370
1375104
1342091
1392742
1356076
1357084
1351066
1351079
1351026
1342898
1342510
1351017
1342876
1359047
1357080
1348061
1379820
1348073
1376043
1379829
1348060
1598665
1341856
1372559
1372379
1351070
1357083
1379855
1372552
1351051
1591400
1376044
1392740
1363264
1363153
1359024
1363251
1342513
1392846
1342425
1348017
1392659
1351013
1379447
1382431
1376031
1359016
1359046
1348069
1372371
1591978
1382439
1351023
1581872
1351025
1372860
1351093
1376010
1356075
1376017
1375107
1348010
1359035
1363161
1342438
1375117
1351043
1363291
1379821
1351069
1379828
1372377
1372869
1599957
1591412
1599963
1342512
1359036
1363280
1348066
1351050
1392845
1341845
1382650
1359012
1363152
1379449
1355681
1348011
1392840
1342098
1351012
1342180
1363165
1376023
1599961
1351018
1359032
1372877
1581747
1392658
1592009
1363263
1501378
1341850
1363281
1379822
1342897
1375109
1348082
1363262
1341868
1359022
1357088
1359045
1392528
1351077
1357082
1375106
1372345
1392843
1382438
1591402
1351028
1582040
1363270
1372343
1342423
1342437
1581744
1363256
1351042
1341847
1380220
1359026
1351019
1351022
1392841
1359037
1342515
1392745
1351072
1392653
1351063
1392844
1359044
1363261
1376029
1592006
1372876
1375100
1351091
1363269
1598959
1382651
1376019
1379448
1359019
1372346
1342130
1342442
1372372
1342135
1363283
1359033
1592003
1363271
1348016
1357089
1351020
1581879
1351021
1392654
1342421
1342870
1599969
1382430
1348063
1382436
1382659
1342879
1363151
1376047
1351041
1376022
1348083
1363257
1342895
1392650
1359010
1342430
1351027
1348074
1363296
1342090
1356074
1351094
1348062
1363274
1351015
1351056
1351099
1351092
1342095
1359025
1351078
1342894
1356073
1375115
1351064
1581854
1372868
1359013
1376021
1363166
1363297
1353806
1342514
1372555
1372373
1375108
1359043
1351071
1379851
1342182
1392746
1382657
1348092
1382437
1357086
1581863
1348084
1351055
1363272
1363259
1348098
1376030
1348085
1382433
1351010
1376048
1392749
1348018
1363254
1363275
1363285
1348091
1363276
1392655
1376020
1392842
1348071
1351014
1359020
1348015
1348072
1375111
1341846
1375112
1348078
1581875
1351058
1342133
1372873
1382432
1359011
1359049
1342433
1342891
1379825
1341863
1351067
1375102
1351076
1342184
1372864
1382656
1342428
1342439
1591403
1382658
1359042
1599953
1363277
1342893
1342419
1351029
1351098
1351054
1359028
1363169
1392849
1342444
1348079
1581382
1351049
1372557
1379824
1351096
1348090
1351047
1363157
1357087
1363260
1581871
1342139
1382655
1363267
1351048
1351016
