1335295
1892381
1892600
1898879
1890298
1532374
1890243
1331699
1530260
1532376
1330246
1339283
1330297
1532348
1533889
1331298
1331641
1331656
1533875
1890296
1890283
1892931
1892376
1892380
1334294
1530269
1339215
1892932
1339244
1533884
1892842
1892377
1533873
1892679
1892745
1530274
1892463
1335297
1339218
1337840
1892289
1892641
1339288
1892840
1892465
1338031
1338078
1892605
1892342
1532340
1892606
1892656
1892841
1530268
1892930
1337842
1892529
1532384
1334298
1338034
1890291
1336051
1331290
1892387
1890299
1898876
1892847
1890248
1330248
1331297
1331691
1331086
1892649
1339281
1331649
1892464
1533874
1892287
1334297
1331690
1339216
1892389
1899895
1892345
1339280
1892744
1892937
1331697
1339217
1334291
1532382
1892466
1532385
1333290
1530271
1898877
1530272
1331648
1892655
1530261
1892650
1335290
1892657
1337755
1330290
1332299
1330247
1331654
1331647
1899896
1892527
1331291
1339286
1890294
1892374
1336007
1339242
1336052
1892659
1338030
1337764
1532343
1892603
1332293
1331698
1331688
1890247
1530262
1892748
1892677
1892344
1892458
1892648
1899893
1532381
1530267
1892849
1339219
1533871
1330291
1338037
1530266
1331646
1532372
1331657
1890246
1331655
1892526
1333291
1331292
1892286
1336053
1331293
1892347
1892373
1892845
1892375
1338035
1530278
1338038
1339287
1336006
1532386
1890302
1890297
1331083
1331652
1334296
1331693
1530265
1892647
1898875
1892346
1530279
1332298
1335292
1892749
1532387
1339243
1334293
1532344
1892604
1892642
1331687
1892280
1339284
1892678
1532380
1532373
1530277
1333292
1336009
1892935
1892640
1331645
1336005
1338032
1892285
1334290
1892741
1892936
1892609
1892652
1334295
1892938
1892602
1899894
1330296
1336054
1892281
1338079
1892846
1331658
1333294
1331644
1533872
1892459
1892675
1339240
1532379
1331085
1899891
1331295
1890293
1331694
1331682
1892372
1892348
1532370
1532388
1890284
1336097
1532345
1892525
1890244
1892747
1892643
1533885
1892385
1335291
1533880
1533870
1331681
1892524
1892651
1339285
1533878
1892658
1339241
1331653
1330295
1892284
1530264
1892644
1892460
1333293
1892467
1890295
1892523
1331659
1890245
1899899
1532389
1890285
1330299
1892740
1899892
1892371
1331680
1892746
1892676
1892349
1892939
1532371
1331695
1333299
1533887
1892386
1892283
1890290
1335294
1892843
1530263
1532378
1330298
1892645
1530276
1332292
1533877
1331696
1532346
1338033
1533888
1338036
1892383
1892844
1330244
1331685
1331294
1530275
1334292
1892341
1331684
1892607
1533879
1892933
1335299
1892384
1892521
1331640
1892340
1892282
1337843
1892461
1892370
1532347
1339282
1331084
1532341
1331650
1333654
1533886
1333296
1899898
1339289
1532383
1337865
1337767
1330243
1330294
1892934
1892608
1892654
1330231
1331643
1335293
1331686
1333298
1533882
1892742
1330292
1892522
1331299
1532377
1892382
1899897
1330245
1892601
1899890
1533883
1892646
1892378
1331689
1892743
1530273
1336008
1532342
1532375
1331683
1890231
1898878
1530755
1892520
1336050
1892388
1331651
1331692
1337841
1533876
1331087
1331296
1892379
1334299
1892653
1333297
1333295
1892528
1892288
1892343
1533881
1331642
1338039
1892848
1892462
1337866
1335298
1335296
1530270
1890292
1330293
