1371432
1341734
1371526
1341754
1371399
1343086
1343091
1341756
1341889
1341899
1348099
1341854
1379849
1341047
1341864
1379840
1348076
1341022
1371460
1342427
1371523
1342093
1348093
1343084
1341074
1343042
1341012
1342868
1343472
1355686
1342796
1371390
1341892
1342285
1371527
1342377
1341873
1342370
1342420
1342391
1355497
1342384
1341096
1341851
1371417
1348089
1371405
1355470
1341068
1341002
1343041
1348064
1341189
1371455
1342398
1341743
1341039
1342441
1342869
1355476
1379846
1371396
1371520
1341053
1341883
1341735
1348096
1341011
1342874
1342797
1341046
1341075
1371424
1371539
1371427
1342094
1343058
1341021
1343049
1371388
1355490
1341057
1372421
1354329
1355484
1343077
1341089
1341753
1342399
1342380
1371381
1371528
1341874
1371425
1371530
1341020
1371414
1342134
1355478
1343061
1341884
1371407
1341017
1341045
1371426
1371447
1343054
1371492
1371472
1343083
1343040
1341060
1341076
1342518
1341891
1342389
1341030
1343473
1341082
1342417
1341040
1342287
1354325
1341054
1371474
1341871
1371458
1342379
1348086
1355483
1342426
1343082
1371467
1342877
1341848
1341862
1343445
1341885
1352840
1341188
1343076
1342866
1355491
1371456
1341067
1371380
1341081
1341853
1342381
1343069
1341003
1341736
1343474
1341866
1342443
1341004
1341759
1371406
1341894
1343060
1355479
1343075
1379848
1371473
1355472
1341745
1379839
1343048
1371475
1341031
1371435
1341748
1341018
1341062
1355477
1343444
1341090
1354331
1342795
1343070
1348067
1342137
1342132
1371423
1343090
1341070
1341077
1342382
1343081
1371387
1342867
1342099
1348081
1371465
1371457
1342387
1341879
1342418
1341095
1368956
1341088
1341052
1341032
1341041
1341865
1355496
1343092
1371466
1341034
1341737
1371394
1371429
1372434
1341009
1355471
1341059
1342424
1341886
1371409
1371469
1341747
1371449
1343052
1379831
1342092
1341449
1343074
1355480
1371464
1355481
1342415
1379838
1371470
1341893
1342429
1372437
1341448
1371535
1343062
1341742
1342289
1371386
1371422
1341033
1341051
1341099
1342371
1348075
1341740
1343479
1371436
1341872
1341855
1341061
1341186
1341069
1341016
1341896
1342286
1341005
1341023
1371408
1341026
1342871
1341739
1341085
1341078
1342878
1379836
1341049
1355495
1371441
1341042
1342793
1371393
1343053
1341025
1371400
1343094
1341757
1348080
1341869
1379845
1371471
1371431
1342390
1342375
1341015
1343478
1343442
1341087
1355499
1341024
1371444
1343072
1341895
1371533
1343043
1371479
1342896
1371451
1341036
1343079
1371463
1341888
1371402
1341064
1371382
1366226
1341447
1343063
1341185
1371468
1355473
1366224
1355688
1371534
1379844
1341006
1342376
1371420
1342792
1343046
1341878
1341858
1348019
1342374
1341043
1371413
1376042
1368490
1341007
1343088
1341086
1342431
1341758
1341898
1355494
1343441
1371462
1343065
1341744
1379837
1371392
1341870
1342097
1343448
1341852
1341028
1371383
1342890
1341072
1342865
1348070
1371434
1371395
1341050
1341749
1372435
1371461
1341857
1355689
1371525
1379843
1342393
1341446
1371403
1341035
1355474
1341752
1341063
1341877
1343064
1343071
1371401
1355485
1371443
1342440
1341080
1343477
1342395
1343470
1371421
1343440
1371412
1343057
1371439
1341044
1341048
1363168
1371418
1341755
1341091
1371433
1341860
1342798
1343066
1371538
1341732
1341738
1341097
1341066
1371404
1341071
1342373
1341849
1371445
1341876
1342138
1342432
1341094
1342181
1341055
1343471
1341084
1343051
1341867
1341897
1371531
1342422
1342790
1341037
1342873
1343476
1371384
1371446
1343080
1341741
1341073
1341014
1371437
1342096
1342385
1341027
1379842
1341746
1371411
1342396
1343085
1341733
1355498
1355475
1379832
1341445
1341008
1343446
1379835
1371454
1342799
1371524
1341890
1341056
1342791
1341038
1371385
1341187
1341098
1355487
1371391
1342136
1354327
1342516
1371459
1371398
1371397
1341093
1371419
1371410
1341001
1341058
1343067
1342383
1341859
1371452
1341731
1341083
1343095
1380880
1342386
1342397
1341875
1343059
1342872
1371440
1342378
