1341092
1353803
1353410
1365235
1353786
1353750
1368233
1353051
1366225
1353751
1369162
1368958
1365145
1361292
1353073
1354404
1354415
1367008
1353064
1367029
1353403
1353427
1371509
1353001
1364099
1353400
1365148
1368253
1354418
1369173
1371503
1353753
1353019
1341029
1367018
1353046
1353037
1361291
1367010
1341882
1353062
1353420
1367017
1343098
1366256
1353428
1369199
1368959
1353065
1364145
1354414
1371376
1368259
1364149
1353787
1354411
1353781
1369224
1353090
1353012
1366220
1363288
1369219
1343068
1353031
1371378
1368250
1371371
1353024
1369181
1371352
1353026
1354420
1341019
1343078
1353822
1368239
1581720
1371359
1368646
1368230
1368244
1362095
1369217
1368645
1353076
1365234
1354401
1352882
1353095
1365149
1353754
1341730
1372885
1361284
1371369
1367000
1353809
1353054
1369186
1353419
1352880
1369227
1368683
1353047
1364092
1353018
1599481
1353021
1371354
1369226
1353004
1353804
1365142
1366258
1368231
1353061
1361300
1371495
1368245
1354429
1371501
1364148
1353088
1353404
1353823
1361290
1588964
1354406
1343097
1368258
1342288
1371370
1369180
1365232
1366257
1353401
1353075
1369170
1369168
1353007
1353066
1369191
1371351
1353785
1343047
1354413
1368238
1353782
1353089
1353425
1353087
1366223
1367001
1353423
1353009
1371485
1341010
1353821
1361287
1354412
1365241
1367002
1362232
1369198
1368647
1367021
1353096
1369216
1366259
1368951
1369218
1369225
1367026
1369165
1353418
1368497
1362238
1353812
1342794
1369983
1362239
1368246
1371362
1362093
1353417
1371350
1353041
1341880
1372886
1368251
1353801
1368641
1353760
1353099
1353802
1368684
1353008
1361301
1363289
1581850
1368264
1368237
1371379
1368255
1353412
1353048
1364091
1353029
1343055
1368232
1365243
1369183
1362236
1371361
1361285
1371389
1369171
1365233
1353079
1369222
1372893
1368266
1353774
1353059
1371363
1363299
1353049
1353072
1364090
1353034
1371500
1353780
1361303
1369228
1371356
1353817
1353424
1343089
1353762
1353767
1355482
1361294
1342392
1369188
1368950
1367012
1362092
1367005
1353815
1361307
1363286
1354427
1371493
1369215
1368957
1368648
1353426
1368496
1354426
1353826
1353761
1353768
1353771
1372888
1343099
1367020
1368685
1343475
1366260
1365144
1369221
1353032
1364146
1366221
1368642
1353023
1353407
1353081
1343045
1369182
1354328
1368883
1353080
1368649
1368254
1362090
1365240
1353011
1371701
1368236
1354421
1368495
1369223
1353411
1369193
1354403
1353052
1353042
1368265
1353759
1361306
1354422
1353825
1368267
1353414
1364236
1368640
1369982
1369214
1361302
1362230
1353033
1353060
1367013
1371364
1371355
1342372
1363287
1353772
1581860
1367004
1343449
1353082
1353005
1369163
1353071
1343443
1371358
1353810
1353773
1353807
1369184
1368884
1368955
1599480
1368686
1369190
1353077
1353764
1368235
1361309
1361296
1371372
1362091
1353084
1352885
1353014
1368953
1353070
1371710
1354425
1367023
1364140
1371373
1371490
1368247
1363298
1371428
1366227
1353000
1591944
1353818
1364097
1362234
1369220
1367028
1353765
1369229
1368882
1366261
1365141
1368494
1353091
1361305
1353779
1364098
1353776
1353408
1341887
1353828
1353097
1353808
1353036
1353027
1364235
1361295
1366262
1352875
1353763
1371366
1368248
1353063
1353813
1368268
1361288
1343073
1362233
1366269
1353758
1353020
1353819
1343087
1371365
1353056
1366255
1365238
1369185
1369167
1353043
1362020
1353057
1369174
1371498
1353013
1368262
1353413
1368257
1361283
1362237
1369194
1352849
1369212
1369981
1367014
1353092
1353778
1361304
1352870
1365242
1368263
1367007
1365140
1365239
1352888
1362096
1353083
1354423
1353069
1353405
1353769
1368954
1368493
1371375
1354410
1366263
1367022
1362099
1354428
1361282
1362021
1353006
1353078
1341750
1369987
1342394
1366268
1368644
1353827
1353050
1368687
1368680
1368269
1367024
1364094
1353800
1368952
1367015
1353805
1353098
1353422
1369177
1353044
1352883
1369975
1368499
1591946
1353035
1353416
1361308
1361280
1365143
1368249
1353017
1371357
1364142
1353775
1371515
1591544
1353058
1353816
1354402
1341079
1368256
1369980
1364141
1353003
1353757
1353415
1343093
1353086
1368643
1371374
1369213
1371487
1354409
1353829
1353824
1353777
1353016
1581739
1363282
1353820
1353406
1353093
1353752
1369986
1372896
1353755
1369164
1369976
1369192
1369978
1581730
1354405
1343044
1371516
1369195
1353053
1353429
1369187
1368492
1353789
1366229
1371505
1353766
1369175
1353039
1354424
1343050
1353030
1368688
1343096
1369169
1353015
1368491
1368234
1364143
1341000
1367025
1368241
1362098
1365237
1368498
1354400
1341881
1361281
1362097
1362231
1353010
1355683
1366267
1365231
1367006
1353421
1368252
1371712
1368243
1362022
1367027
1353770
1353788
1354407
1365147
1361289
1353756
1366228
1362235
1364095
1366222
1353783
1369979
1368261
1369197
1352846
1353022
1354416
1369179
1368881
1341013
1363273
1361299
1367016
1361293
1353811
1353025
1365244
1371353
1341751
1588958
1361298
1371367
1369977
1353045
1367009
1369172
1353074
1353040
1353784
1369210
1371360
1353038
1352884
1367011
1364234
1343056
1353814
1353094
1365236
1372424
1365230
1369211
1371377
1365146
1353055
1353028
1369989
1591982
1368260
1366264
1366265
1353002
1372883
1368681
1362094
1368242
1368682
1368689
1353067
1371704
1369189
1353402
1369161
1364093
1367019
1366266
1354408
1364096
1353409
1369196
1369166
1363294
1369985
1368240
1353068
1369178
1341065
1354417
1364144
