1587551
1392377
1501791
1352881
1382316
1522028
1351089
1350159
1581409
1382362
1375113
1511806
1371494
1501291
1501850
1500205
1522007
1511255
1582045
1501255
1501853
1511226
1392461
1363266
1382745
1382872
1501282
1372866
1501928
1392281
1501366
1352874
1371480
1581370
1510755
1390296
1511884
1392388
1511805
1511244
1392285
1581444
1380270
1522019
1371368
1501407
1382373
1382355
1882025
1382317
1591995
1371512
1392467
1587555
1599956
1356071
1571199
1598678
1360259
1352879
1392381
1360309
1382353
1382521
1571210
1581740
1511234
1581876
1372894
1382310
1501890
1371706
1379841
1380885
1581472
1360302
1511262
1371448
1588945
1501411
1581861
1351031
1382376
1501297
1379827
1501408
1581727
1382878
1355488
1501274
1571079
1501920
1372432
1382744
1356079
1588959
1372884
1382363
1581406
1589987
1382335
1588970
1382354
1588952
1581741
1352844
1571213
1591546
1354334
1379853
1382320
1591983
1591417
1598936
1390291
1380226
1501353
1591976
1382527
1380223
1581445
1360041
1581554
1581732
1581473
1522010
1501402
1588963
1382889
1598670
1591940
1582048
1501374
1382334
1501349
1354332
1379854
1372340
1501280
1599473
1355684
1360252
1882029
1581550
1509994
1598681
1351037
1392286
1597686
1501893
1363158
1598956
1598674
1350281
1382886
1372422
1371502
1511265
1571198
1351032
1501389
1501895
1571196
1376033
1501671
1598937
1392282
1392460
1591545
1501760
1882017
1522020
1360258
1379847
1360308
1511256
1351088
1511243
1501940
1352873
1501925
1351082
1522009
1392378
1511237
1369984
1371481
1591530
1501260
1382880
1501367
1591947
1591406
1382526
1882024
1392520
1501296
1581870
1588933
1351003
1581748
1882016
1511813
1581726
1392525
1511228
1501363
1350960
1581381
1501949
1380259
1501409
1588942
1599479
1380225
1587559
1599474
1591975
1587554
1376046
1598938
1581372
1591409
1372891
1588960
1589986
1581862
1581446
1571080
1598667
1501762
1581725
1382368
1511250
1598933
1582078
1351038
1372872
1587553
1581877
1509992
1591984
1597689
1581869
1351009
1588969
1501894
1380989
1354419
1382337
1501346
1392521
1501266
1501854
1581721
1587550
1598675
1501941
1351039
1392387
1571081
1360017
1591996
1588951
1598682
1382749
1511263
1501410
1382326
1511242
1588946
1371438
1501372
1598940
1591531
1372863
1591985
1581855
1382378
1352841
1581864
1501263
1581474
1597687
1599472
1511883
1501763
1522027
1598660
1581733
1581551
1501350
1371537
1501796
1598947
1511235
1392370
1511812
1501948
1379446
1501401
1376025
1511811
1382315
1360016
1371519
1382379
1382883
1382311
1372551
1582043
1581859
1372430
1511229
1382371
1501276
1360264
1501670
1501286
1376034
1501373
1571211
1588932
1591988
1392348
1392526
1501403
1392283
1588939
1599966
1571201
1591942
1500208
1591408
1360014
1501294
1511264
1591548
1581389
1390247
1367003
1371510
1351035
1598668
1352887
1598953
1501381
1382881
1371700
1351002
1501761
1379856
1588965
1501944
1372423
1581722
1382357
1372431
1364147
1392463
1599471
1360307
1511257
1591405
1882028
1392341
1591998
1571216
1392372
1360043
1382888
1360257
1501261
1588954
1382351
1581749
1581734
1392344
1501799
1501281
1382870
1382369
1501380
1501897
1372899
1521873
1581383
1581865
1581743
1372349
1371507
1371536
1359029
1371484
1581400
1360268
1582042
1501343
1371529
1511818
1372420
1511800
1588929
1390297
1350968
1599484
1509993
1591532
1589985
1522012
1598934
1501362
1363160
1522017
1581686
1380256
1591993
1591410
1376016
1501382
1392386
1371514
1382374
1588975
1571218
1360303
1598989
1382332
1588968
1581184
1363164
1598939
1501295
1371415
1501922
1360961
1501269
1382873
1379830
1355685
1501797
1581447
1501383
1571219
1351081
1369176
1501891
1382529
1501251
1501348
1522025
1392342
1501943
1350287
1581371
1882019
1351084
1501379
1598945
1501258
1352842
1382323
1591997
1588940
1591411
1360304
1501271
1350967
1571077
1372898
1581746
1598948
1380228
1382338
1360042
1581464
1581556
1390245
1501278
1360044
1359031
1376024
1571208
1363154
1501794
1392280
1382333
1392522
1382336
1392527
1390248
1582076
1372897
1591414
1581724
1372428
1592001
1501376
1382312
1571214
1598931
1501279
1581867
1581476
1501673
1588966
1382875
1581735
1390290
1371442
1581441
1599477
1571209
1522013
1511268
1360265
1591971
1371430
1501289
1392373
1501400
1382359
1379858
1591943
1520755
1571082
1382356
1591536
1581475
1501351
1591407
1382318
1591547
1501365
1392284
1511881
1392343
1350969
1511251
1511259
1501385
1599958
1581687
1581723
1511882
1522026
1392371
1511231
1882015
1382748
1592000
1581471
1597685
1359021
1392529
1382377
1588976
1599950
1521874
1598949
1581685
1598954
1376032
1376038
1501250
1501370
1521870
1588930
1598663
1598673
1522014
1372870
1581462
1571195
1371522
1501945
1501256
1382528
1599964
1392462
1511819
1501899
1382747
1382885
1382313
1371476
1371499
1598942
1380255
1581558
1501896
1392385
1511269
1382331
1501292
1582079
1591542
1511810
1599470
1501259
1382366
1392347
1371521
1588953
1511240
1382523
1599483
1371450
1371508
1582041
1360269
1350280
1501245
1581742
1371416
1598684
1591539
1511241
1581180
1509990
1592004
1591972
1360019
1371483
1382740
1591994
1581374
1581465
1372344
1511258
1360266
1588938
1372879
1598988
1591991
1351080
1591977
1350966
1581388
1374305
1368880
1390231
1501384
1351083
1392458
1354326
1511249
1588967
1360256
1581402
1501371
1351062
1587558
1360305
1511808
1591949
1501342
1501364
1501287
1882018
1581866
1382367
1591535
1352848
1501356
1522018
1372429
1581852
1380227
1598666
1598664
1598987
1591413
1501265
1588949
1372887
1355489
1501267
1591540
1501270
1371703
1588931
1351036
1501795
1501672
1511252
1350961
1382330
1382874
1350006
1588974
1501942
1371709
1571200
1588956
1350288
1382328
1376018
1392374
1382871
1591986
1372862
1371477
1582077
1882021
1501248
1522015
1581463
1511802
1571206
1371513
1598683
1392289
1392384
1590755
1352889
1511230
1350155
1501927
1380258
1501262
1581373
1882020
1581477
1511815
1392346
1522006
1360255
1382746
1351005
1372436
1522011
1581440
1511801
1522024
1351033
1392340
1581873
1372890
1376040
1501284
1581857
1591541
1501924
1511261
1372880
1500755
1599952
1591537
1571083
1376037
1382321
1598950
1360262
1511233
1501377
1380988
1501412
1501273
1371491
1392464
1581559
1591999
1587557
1371486
1375114
1363167
1501345
1501360
1390292
1598679
1374128
1571217
1511809
1589979
1372426
1581851
1352847
1371702
1382375
1501254
1372867
1588973
1599960
1581380
1581470
1582046
1598932
1588979
1501253
1390299
1581408
1511266
1371708
1382741
1571203
1501369
1591534
1581729
1501357
1350962
1511803
1382877
1382882
1511248
1521871
1390243
1372554
1571076
1390295
1511253
1581181
1591992
1511238
1588955
1379857
1360306
1591941
1380221
1599478
1380222
1382372
1371482
1591980
1509991
1360267
1360018
1380986
1581443
1376012
1588937
1501285
1372882
1392345
1372881
1511260
1379850
1581553
1351034
1581448
1392383
1571212
1581460
1581466
1501272
1588978
1501926
1511247
1372425
1581183
1350285
1376039
1501892
1382361
1371711
1581401
1571207
1371506
1591538
1581858
1599962
1350286
1352876
1882027
1599959
1351007
1351085
1352845
1581478
1591979
1501413
1581387
1390302
1591549
1591401
1360254
1375101
1392349
1511232
1580755
1522016
1581728
1598941
1571202
1589975
1501275
1351006
1350156
1581745
1392465
1350963
1501249
1501290
1571075
1382322
1352871
1360263
1371496
1522005
1511267
1598944
1522023
1382319
1371707
1501252
1354330
1382358
1350157
1521872
1598671
1372427
1501387
1522008
1382325
1511225
1379833
1501354
1501792
1571215
1501368
1581874
1501298
1350005
1511804
1360962
1582075
1501921
1599951
1501347
1360250
1589978
1591419
1588947
1598958
1598986
1390298
1589989
1372875
1591970
1501344
1598680
1571197
1354333
1379834
1372374
1382339
1380257
1591989
1390246
1382364
1581469
1588972
1511246
1501386
1351000
1382525
1581182
1501359
1372895
1371453
1571084
1371478
1599967
1581856
1588948
1500209
1355486
1591533
1588961
1382887
1597688
1599475
1359038
1598957
1392375
1588957
1581736
1376011
1501293
1392389
1581468
1581385
1382742
1351001
1355493
1372556
1598930
1371705
1372438
1382360
1571205
1351086
1372861
1598951
1501257
1511239
1371714
1501790
1388991
1581442
1350283
1382876
1581467
1598677
1356077
1501947
1501264
1372889
1361286
1588943
1355492
1588950
1392379
1363150
1511817
1598672
1589976
1591543
1351008
1588936
1501246
1588977
1350964
1501674
1371489
1581688
1379823
1382520
1382522
1581479
1582047
1350289
1380229
1511227
1571204
1581552
1360253
1599954
1352877
1882023
1382324
1350282
1360260
1352886
1392287
1581386
1598985
1371532
1382743
1380883
1501247
1581731
1501299
1382350
1501929
1355680
1392459
1581878
1392382
1392652
1382327
1591987
1360300
1501283
1511814
1591990
1511245
1511236
1501793
1591974
1372874
1371511
1511816
1382365
1501923
1598943
1591981
1392466
1352872
1382314
1587552
1501406
1581404
1581461
1581738
1511807
1371497
1501898
1581853
1382370
1591945
1581449
1588971
1501798
1581737
1501358
1350158
1501852
1360251
1501851
1582044
1371517
1588935
1372553
1371518
1581403
1382524
1587556
1372348
1392523
1571078
1376049
1599482
1350284
1371488
1501288
1380224
1501404
1390244
1599476
1598935
1500207
1360015
1372892
1379852
1591415
1392524
1882026
1501946
1353085
1501268
1392288
1382352
1371504
1352843
1392376
1356078
1591948
1522022
1588934
1501405
1588944
1355682
1591973
1501414
1382879
1372433
1356070
1511254
1351030
1591404
1591418
1501341
1360301
1350965
1372439
1390294
1598662
1581555
1500206
1372558
1382884
1589988
1581689
1592005
1588941
1351087
1352878
1581405
1588962
1501355
1501277
1598952
1501361
1501352
1582049
1501388
1882022
1598669
1360261
1589977
1522021
1371713
1581384
1392380
1501375
1360040
1379859
