1326723
1302796
1324474
1562866
1324381
1326667
1314596
1304081
1324945
1326567
1562862
1326573
1324200
1311382
1867564
1324764
1300889
1302792
1314995
1562874
1300887
1562877
1304587
1562281
1326553
1562891
1300666
1326698
1326560
1306681
1314709
1569209
1302793
1306688
1314870
1554680
1562747
1314704
1324241
1306840
1308881
1312958
1304086
1308884
1324660
1314589
1324290
1562857
1316474
1562880
1562897
1560245
1314999
1314383
1562855
1316376
1324370
1326664
1328666
1560293
1324488
1324946
1554692
1326578
1324666
1326715
1314340
1324485
1562526
1306695
1316476
1560292
1324387
1314885
1324470
1326693
1307783
1312959
1314703
1314883
1320229
1554694
1326650
1326568
1314388
1326657
1326686
1324477
1311363
1316370
1867555
1326675
1324909
1314884
1324760
1324244
1324489
1316475
1560246
1300883
1314871
1324980
1314992
1554681
1304580
1562890
1316377
1326651
1314750
1307780
1324907
1326554
1311383
1320226
1562876
1314484
1560297
1311362
1306696
1307785
1867556
1326668
1311364
1314590
1314599
1562852
1326697
1324208
1324677
1326699
1326712
1324943
1308885
1562528
1326585
1554682
1301075
1300660
1326541
1324761
1314882
1560247
1326711
1304586
1314382
1324240
1307697
1562881
1316372
1326656
1302794
1307788
1312951
1307698
1326687
1326669
1562740
1314876
1562653
1308880
1554677
1569208
1326566
1304588
1326692
1326581
1306842
1300669
1562867
1560248
1562288
1562280
1860301
1314591
1324204
1554695
1312956
1562521
1314991
1324372
1311387
1562524
1326721
1314389
1326544
1562743
1326659
1324386
1326555
1300882
1324383
1326714
1313885
1306697
1300544
1324671
1314396
1326700
1311380
1326684
1306687
1569244
1307691
1328667
1324665
1312957
1324479
1306870
1314874
1324661
1311301
1560298
1326674
1304083
1562882
1311365
1562745
1326673
1314756
1308883
1307699
1560295
1324676
1326713
1562283
1324242
1324371
1562864
1562289
1306878
1867557
1324206
1306686
1320227
1314584
1304589
1562748
1314342
1314583
1304583
1326722
1314481
1302795
1326580
1316373
1554676
1562658
1314390
1311386
1306843
1860302
1314757
1326571
1314399
1314705
1314381
1306871
1554689
1314593
1324385
1562879
1562282
1326565
1311381
1562863
1562652
1314345
1304080
1326719
1324298
1562883
1307690
1326672
1324668
1324762
1562889
1300545
1324673
1562742
1326552
1326546
1311366
1316473
1326556
1562860
1562659
1326701
1326680
1324384
1569245
1306698
1314990
1326570
1867558
1324944
1324908
1311300
1326543
1562527
1554683
1314997
1300881
1560290
1326710
1867551
1307782
1326694
1306685
1324201
1324377
1562854
1314480
1324987
1326557
1300667
1314592
1562888
1324487
1314706
1554688
1324664
1326564
1562865
1314341
1324678
1324983
1314875
1314398
1314585
1326587
1562655
1314391
1326658
1560231
1312955
1326685
1314582
1867559
1324373
1326576
1314758
1326583
1562523
1311367
1562656
1314380
1304581
1328669
1314384
1312950
1314998
1326708
1306873
1312954
1324905
1324297
1324670
1326569
1326695
1314346
1314873
1314755
1314880
1306699
1302791
1301088
1310654
1304089
1326709
1324663
1554675
1554698
1562892
1326678
1306684
1562878
1314483
1306844
1324984
1314994
1324374
1562851
1306872
1314387
1562873
1324906
1326696
1562871
1313815
1326586
1562885
1308888
1867550
1311302
1316375
1314595
1324209
1324378
1314393
1322685
1307787
1326671
1314586
1562285
1326540
1326702
1324203
1562858
1324475
1326558
1860300
1324294
1300880
1326724
1860307
1562654
1326653
1324989
1554670
1307692
1311368
1314581
1314707
1554699
1324243
1326577
1300668
1324981
1326720
1307693
1324471
1314708
1326717
1326563
1554674
1312953
1306848
1562746
1326660
1314759
1560243
1326689
1304088
1314343
1307784
1316374
1324293
1313888
1562520
1300884
1308889
1300546
1326545
1554685
1313887
1562657
1326582
1562861
1562525
1560296
1326682
1314392
1326562
1314996
1316470
1326670
1324382
1326559
1314754
1314879
1324985
1314482
1302799
1301089
1304082
1326661
1324379
1562872
1314385
1867552
1307789
1314886
1554684
1306682
1324389
1316378
1306692
1326665
1326688
1300885
1562650
1313889
1311369
1326707
1306691
1314594
1306847
1562870
1316479
1326548
1328665
1324939
1562884
1324675
1562749
1306690
1314344
1326679
1314580
1326718
1324476
1326703
1313886
1554687
1554696
1306849
1300547
1316478
1554678
1313817
1326574
1562893
1312952
1326666
1326652
1324486
1324679
1560291
1311384
1314386
1306846
1562899
1314888
1554673
1306874
1554691
1307781
1314753
1326683
1324207
1316472
1562284
1860755
1554690
1554671
1304585
1860306
1322686
1860304
1314701
1307695
1314700
1562875
1562651
1313818
1326706
1300548
1326662
1326589
1326704
1324376
1300886
1324291
1324982
1326547
1304085
1308886
1314993
1314878
1304582
1300542
1324472
1324299
1324478
1560302
1324380
1306683
1562894
1562868
1311361
1316379
1562741
1324296
1306693
1304087
1316471
1314881
1560244
1562529
1324672
1311304
1324202
1562898
1302798
1326575
1324295
1562287
1314394
1562286
1554686
1314587
1562869
1324473
1562744
1302797
1569755
1328668
1307694
1314702
1314889
1306841
1300541
1306680
1562887
1860305
1326561
1306689
1562522
1320225
1324205
1326584
1326655
1324375
1554693
1326588
1562896
1311360
1302790
1322687
1867553
1860303
1562853
1316477
1326663
1314751
1326705
1314752
1554697
1314588
1311385
1300549
1562895
1560294
1554672
1306694
1300888
1560299
1867554
1326716
1326676
1307786
1313816
1562856
1562886
1326579
1304084
1562859
1324292
1308887
1554679
1324763
1300543
1320228
1316371
1326654
1324986
1304584
1307696
1562850
1324674
1326572
1326681
1326549
1324388
1326542
1324669
1326677
1314597
