1302543
1317247
1304982
1312888
1305810
1312881
1304884
1316800
1304980
1304347
1302888
1314395
1304899
1300540
1302669
1300663
1304893
1316990
1304938
1318971
1312874
1305817
1304935
1302660
1302881
1302666
1304941
1304890
1304947
1316801
1312889
1304887
1314397
1304882
1302882
1302541
1318974
1304896
1302668
1304932
1312875
1308882
1302661
1302667
1305818
1304345
1318972
1304939
1316994
1304940
1302883
1305807
1316809
1304946
1318973
1305800
1302549
1314598
1304895
1304948
1317240
1305809
1302664
1312880
1300662
1317244
1316876
1302884
1300664
1302662
1305808
1312872
1304348
1312883
1302544
1304930
1318978
1302542
1317246
1316879
1317243
1304885
1304341
1317248
1316870
1302663
1312890
1316873
1305801
1312893
1302545
1312873
1304892
1302548
1312882
1312892
1306845
1304949
1317249
1304346
1304937
1312891
1304880
1304931
1318977
1304889
1305802
1302540
1302547
1312899
1316871
1318970
1312878
1305816
1316805
1316878
1318975
1305815
1302885
1302665
1324988
1316875
1305803
1312877
1305804
1316804
1304981
1312884
1304987
1302546
1312870
1304933
1318976
1302886
1312879
1317241
1304894
1316992
1300665
1304936
1316993
1316807
1316872
1304883
1316877
1304897
1304944
1312885
1305812
1312898
1304343
1304340
1316991
1304984
1304342
1304943
1304349
1312876
1316802
1304989
1304344
1305819
1300661
1317245
1304985
1312897
1305806
1305813
1304886
1316808
1312894
1312887
1304898
1302880
1316806
1304945
1302889
1304942
1304934
1304983
1302887
1305811
1304888
1304988
1312896
1314887
1312871
1317242
1316874
1305805
1305814
1304881
1312886
1304891
1312895
