1309974
1310973
1559712
1313909
1559717
1569531
1300776
1300771
1560978
1308626
1311971
1329976
1309975
1559706
1329980
1313904
1309976
1310758
1311976
1559711
1559718
1308627
1560971
1310978
1310759
1559705
1559715
1559716
1329988
1309979
1308629
1310979
1313905
1559700
1329978
1310977
1308628
1313906
1860971
1559713
1313907
1559710
1313908
1860978
1559714
1559702
1310975
1310970
1300778
1310976
1300779
1310971
1310755
1309977
1310974
1320978
1559701
1569538
1320971
1559719
1310972
1300777
1308625
1329971
1559704
1329981
1559703
1311978
1309978
