1500360
1399723
1399716
1880971
1589708
1511097
1399721
1589718
1500978
1880970
1389762
1500366
1590971
1399726
1500361
1373465
1389749
1399711
1511094
1370974
1399722
1399715
1590978
1510978
1880979
1500971
1599701
1500369
1880972
1589719
1390978
1399701
1389760
1399719
1510971
1511095
1399714
1389718
1351975
1399700
1500368
1389746
1389767
1399748
1389728
1380098
1880974
1399709
1399729
1389743
1399733
1880973
1399718
1389765
1373466
1511091
1520258
1389748
1520978
1389751
1389720
1500365
1580978
1389766
1373460
1399717
1351970
1399712
1370972
1389736
1351971
1373461
1389740
1520250
1589714
1380096
1389735
1599708
1399710
1380097
1389763
1520259
1511093
1351977
1399735
1589713
1880975
1399720
1389723
1511171
1399706
1389758
1511090
1599707
1389711
1370973
1389745
1589712
1589715
1511099
1389764
1399741
1520256
1511092
1389724
1589716
1399738
1351978
1880976
1399727
1511178
1399708
1399704
1399707
1589711
1580971
1511098
1351973
1520971
1370971
1373468
1880978
1399713
1399705
1389725
1390971
1399728
1589701
1389721
1880977
1589710
1389742
1399725
1399731
1370978
1399724
1389761
1520255
1589717
1511096
1370976
1351974
1520251
1389741
1389726
1389747
1389744
1370975
1399703
