1318995
1322620
1311246
1322970
1566034
1325753
1300528
1569753
1314862
1307515
1328675
1306072
1313801
1326781
1323231
1306070
1300529
1311242
1303574
1321753
1311249
1303576
1313809
1303575
1306073
1328678
1311248
1326780
1323230
1313800
1311243
1306071
1322960
1323232
1301878
1311240
1307514
1313807
1860753
1328677
1566033
1313806
1303579
1311241
1323233
1307513
1560278
1311245
1313805
1313802
1307512
1313803
1312617
1307510
1307519
1307516
1328679
1311244
1867590
1307517
1318993
1566032
1307511
1307518
1313804
1303577
1301877
1311247
1566031
1306074
1326782
1322621
1303578
1328676
