1521918
1521804
1382668
1591794
1511346
1508946
1591654
1392302
1581902
1382597
1382661
1372367
1587671
1371995
1598647
1382455
1382381
1375052
1581293
1372764
1508947
1382388
1501628
1392300
1581294
1382663
1521807
1521803
1375197
1521917
1511934
1382669
1382596
1520753
1350012
1521910
1372360
1581900
1390278
1382660
1382599
1598648
1521806
1382459
1382457
1350235
1581295
1382387
1354320
1501629
1371998
1587670
1392448
1372369
1356099
1521810
1375050
1382384
1591652
1582035
1598645
1580753
1510753
1382456
1587673
1511933
1382598
1501455
1521912
1521809
1511348
1501626
1521805
1511936
1375053
1521911
1511935
1354323
1392303
1382385
1598646
1356096
1501627
1382382
1581903
1501781
1350237
1589998
1511347
1511938
1508948
1508945
1350252
1511931
1382594
1581290
1590753
1521914
1382383
1356097
1382592
1591492
1587672
1375051
1521913
1521811
1382389
1501456
1350909
1511932
1501625
1591653
1356095
1392447
1372761
1382595
1382664
1521919
1372762
1382666
1382386
1354321
1371997
1356098
1380236
1501624
1581291
1521916
1382665
1392301
1382593
1372362
1511349
1591491
1350254
1581901
1382458
1382667
1500753
1350233
1591793
1372366
1508949
1501780
1511930
1375195
1582039
1521915
1382662
1521808
1372763
1350253
1581292
1371996
1382380
