1590798
1517981
1510798
1507982
1387986
1397981
1587998
1397986
1360798
1350798
1507981
1517983
1376784
1376791
1507984
1387980
1587949
1370798
1376790
1397984
1517982
1517031
1376785
1387988
1507983
1587006
1508398
1357640
1397039
1500798
1387987
1517989
1376782
1390798
1507986
1529798
1517030
1376793
1387985
1397980
1517988
1357642
1507985
1397988
1376792
1376783
1507987
1580798
1580708
1387984
1397985
1520798
1376794
1517984
1587948
1351798
1517987
1387983
1397987
1387989
1510708
1587999
1507980
1376781
1520708
1380798
1397982
1507988
1587005
1357641
1387982
1387981
1517986
1517980
1517985
1376780
1507989
1397983
1397989
