1589418
1519999
1599925
1389978
1509943
1356548
1519922
1590999
1509938
1356523
1389979
1529925
1509942
1389970
1589417
1377957
1599928
1377915
1356547
1502288
1356524
1580999
1389975
1529900
1588696
1529926
1527634
1377954
1599927
1377912
1389977
1589416
1377951
1389972
1527658
1356521
1529923
1589415
1527633
1527632
1527639
1529904
1589410
1588695
1377913
1588698
1527637
1509944
1356520
1399937
1589414
1377911
1519998
1529924
1529903
1377956
1389971
1370999
1527649
1399938
1589411
1529921
1589413
1377910
1527638
1377952
1389974
1399959
1356526
1529927
1529922
1529920
1588697
1589412
1351999
1377955
1377958
1377916
1390999
1529901
1598172
1589419
1529928
1509940
1357972
1527635
1399957
1377950
1588699
1389976
1357973
1399939
1520999
1377917
1598173
1356522
1357970
1527636
1509941
1529902
1399958
1599926
1529929
1510999
1377953
1377914
1588694
