1395206
1381385
1360516
1360145
1381417
1381388
1385173
1381544
1391477
1385141
1377057
1599634
1391470
1360158
1391295
1358400
1381414
1381419
1381416
1340586
1360515
1360140
1395172
1364515
1385229
1585062
1381415
1367510
1391298
1395193
1385149
1381408
1395200
1385195
1391390
1395163
1391389
1395178
1391475
1381400
1377069
1599632
1377083
1391396
1358403
1362158
1385177
1370519
1391392
1585060
1595204
1377070
1391301
1395188
1395168
1391473
1377656
1381413
1585055
1391302
1391474
1395101
1360518
1385176
1377072
1391394
1381382
1390516
1377073
1395166
1381412
1391294
1391384
1595160
1358510
1391598
1377033
1370517
1364518
1395107
1391472
1391330
1377062
1385180
1381397
1377055
1381384
1391479
1380900
1381410
1595180
1367515
1358406
1377032
1395181
1391397
