1891598
1330158
1891395
1534518
1891291
1891449
1890158
1334783
1334771
1895192
1895195
1891333
1333770
1895185
1891393
1890517
1339076
1895182
1334770
1338209
1895191
1335772
1332772
1339077
1337200
1330516
1334782
1531241
1891385
1891591
1890159
1338206
1895194
1895202
1895189
1895168
1891448
1895103
1330514
1891304
1895177
1891593
1337202
1332781
1333780
1891595
1891387
1891384
1533516
1895183
1533774
1895169
1890518
1531299
1890515
1332771
1338278
1531206
1895190
1531208
1891330
1891475
1530516
1891297
1895176
1339078
1895102
1533776
1895197
1891447
1531298
1333772
1332782
1891386
1891296
1891596
1895203
1895186
1530159
1530519
1895108
1339092
1895172
1531205
1338205
1891477
1895181
1338277
1334772
1895199
1895161
1891474
1337201
1533515
1531207
1330519
1891295
1891302
1895196
1337608
1891338
1334773
1895100
1895171
1891335
1891383
1531209
1895173
1895162
1337605
1531297
1533517
1892141
1339079
1533518
1333771
1891389
1891398
1533754
1895207
1895208
1891294
1895160
1895188
1891382
1335782
1895180
1891303
1891446
1333782
1333860
1895170
1531296
1338208
1891388
1337609
1895163
1892140
1891476
1895209
1338279
1891332
1895206
1531204
1531203
1895201
1892143
1891299
1891445
1530515
1891293
1891599
1533519
1330517
1891337
1891399
1335783
1891594
1891396
1531202
1891473
1338200
1530518
1332773
1891479
1337607
1891300
1890516
1338207
1891381
1891470
1339090
1339091
1330518
1892142
1895198
1895178
1338203
1531240
1891298
1335780
1891292
1332780
1530158
1891334
1895164
1891590
1335771
1333773
1895107
1891339
1891391
1332770
1330515
1890519
1895179
1338202
1891380
1891397
1895165
1333863
1891478
1530517
1338240
1891472
1895204
1895175
1333781
1895101
1891331
1338204
1891336
1333862
1890514
1891390
1895166
1337606
1335781
1334781
1531201
1891471
1895187
1891290
1332783
1330159
1895184
1338276
1891301
1895193
1335770
1891394
1891597
1891392
1334780
1895200
1333783
1337203
1891592
1535158
1533514
1333861
1530514
1895174
1531200
1895205
1339075
1335773
1338201
1895167
1892144
