1505181
1377060
1392142
1595165
1385159
1505182
1515180
1380516
1589595
1385197
1381541
1391388
1385164
1585064
1599643
1526146
1589644
1586181
1515060
1885110
1395164
1525178
1360517
1377079
1599641
1589591
1360514
1381451
1519589
1500517
1585180
1377094
1391590
1391331
1358512
1585075
1351253
1515067
1595166
1350516
1589586
1377655
1377067
1358407
1358409
1529571
1381454
1506224
1580519
1585186
1520514
1589585
1526145
1519576
1595186
1350517
1515188
1377050
1377085
1391398
1585063
1377669
1595164
1377660
1507782
1885101
1381380
1395198
1585293
1380515
1381407
1529557
1595172
1595176
1585051
1599623
1599626
1885118
1380158
1595185
1585074
1391447
1595049
1385165
1500515
1395189
1885102
1377031
1391597
1385178
1377059
1505183
1519045
1526182
1589592
1525099
1599644
1595181
1595208
1385151
1377654
1590519
1519597
1518982
1529576
1595196
1377088
1381305
1589594
1595100
1381307
1381306
1515068
1520517
1526141
1585181
1361157
1515059
1885109
1370518
1377078
1505180
1377095
1519588
1590514
1358520
1506227
1585069
1595191
1599639
1518981
1358513
1580517
1526140
1599648
1391385
1595057
1370516
1885119
1392143
1377030
1381389
1377661
1391395
1525175
1377086
1390519
1526144
1385193
1595182
1377077
1525170
1529558
1391334
1595201
1505188
1390514
1385194
1395170
1595200
1589593
1525176
1390159
1358514
1358408
1525188
1377051
1515069
1595052
1391303
1377667
1507788
1377641
1519580
1350518
1595163
1585189
1595102
1500514
1595046
1519599
1885108
1391448
1351251
1519583
1377087
1392140
1377096
1395197
1885103
1377657
1360143
1586180
1529575
1599631
1595209
1595175
1585050
1380159
1515183
1505054
1515058
1595045
1526143
1507789
1585061
1595202
1585067
1589580
1380517
1519590
1589597
1590516
1381300
1525182
1391333
1595055
1595199
1395190
1589589
1595174
1526188
1525187
1599647
1385175
1515062
1505189
1585052
1380902
1595192
1515050
1580516
1599640
1519581
1518983
1510519
1373919
1585070
1506226
1519578
1526180
1525186
1385154
1510518
1519591
1599620
1377666
1391291
1391304
1505057
1525172
1519582
1510517
1506220
1395160
1595058
1381336
1509431
1391300
1392141
1506229
1395182
1885104
1358402
1391337
1377052
1377084
1377097
1381387
1529578
1385185
1377076
1381335
1377090
1585188
1585053
1519598
1391591
1358515
1377640
1885105
1589590
1589596
1519049
1595161
1595173
1525249
1358516
1595184
1505186
1515053
1590515
1391336
1395187
1377075
1525173
1506221
1585079
1381540
1515054
1525181
1390518
1885107
1525097
1526187
1590517
1358511
1385155
1585059
1377098
1515057
1595162
1515182
1385167
1380025
1529550
1515063
1381302
1515051
1589581
1595048
1385144
1525245
1520515
1505056
1391299
1377065
1595050
1519585
1505187
1370515
1599646
1505059
1518984
1585076
1377099
1395161
1529553
1509430
1585291
1380904
1599637
1595183
1585054
1381402
1500519
1505184
1595189
1515185
1589588
1377053
1381337
1507786
1595198
1377089
1599629
1529570
1391292
1885115
1595059
1519592
1391338
1377651
1377665
1395102
1377081
1392144
1385146
1351512
1519048
1590518
1595197
1381339
1595047
1507787
1525174
1350519
1525098
1515052
1526185
1395199
1589599
1395185
1391380
1385169
1377092
1529577
1395175
1525246
1585068
1525185
1589582
1395165
1390517
1599645
1885106
1515056
1595103
1585290
1589584
1589587
1585078
1595056
1595190
1377074
1391335
1595169
1516145
1529559
1595168
1525180
1599649
1599638
1585065
1515184
1390158
1525189
1595203
1519579
1507785
1599621
1358404
1595178
1580514
1585058
1377034
1510515
1529554
1525184
1380519
1885114
1377664
1595108
1525171
1589583
1529579
1515187
1377091
1518980
1381452
1595053
1519584
1519047
1589598
1599630
1526186
1351511
1516146
1585182
1525095
1529574
1519587
1885112
1526149
1391399
1370158
1585077
1599627
1519593
1519575
1395176
1385190
1515055
1519594
1381543
1377650
1595205
1585073
1599636
1515181
1525247
1585066
1381304
1506223
1358405
1506228
1381411
1350514
1529556
1525183
1381588
1395201
1358519
1395207
1510516
1380514
1377082
1595193
1395204
1351510
1395186
1520518
1507784
1595170
1390515
1586182
1585057
1381338
1525179
1520519
1385163
1381542
1885113
1515061
1516149
1377662
1529573
1515064
1585294
1599628
1515186
1381404
1505058
1526189
1505053
1595051
1595177
1515066
1595167
1377054
1585072
1391446
1377653
1526148
1526183
1519586
1585184
1595107
1529551
1585183
1595187
1599622
1385157
1885116
1595054
1385160
1599633
1519577
1390051
1595206
1507783
1515065
1381303
1381398
1358518
1595194
1350515
1526184
1385140
1505055
1519046
1391449
1516147
1525248
1505052
1599625
1381450
1385196
1505185
1599642
1526147
1599635
1360146
1525177
1525096
1500516
1391332
1585056
1885111
1506222
1589645
1529555
1595101
1519595
1585071
1526181
1377061
1373918
1885117
1516148
1529552
1585292
1377663
1395184
1381381
1506225
1358401
1377080
1370514
1395196
1580518
1510514
1885100
1500518
1395191
1526142
1595179
1520516
1519596
1377093
1529572
1391383
1595171
1377066
1585187
1515189
1599624
1390015
