1395171
1385150
1395195
1381308
1395203
1391387
1385145
1395194
1351252
1395208
1381406
1381418
1395177
1385179
1381386
1381401
1385172
1391592
1391386
1385184
1391297
1381587
1385166
1395179
1395205
1395169
1381409
1385174
1385192
1385148
1351250
1391596
1391476
1385168
1381301
1381586
1385170
1381399
1381395
1385182
1391393
1385191
1385198
1385147
1377064
1385171
1381589
1385183
1391391
1381394
1395167
1380903
1391381
1358517
1385142
1385152
1395180
1381403
1385156
1385186
1381392
1360519
1395174
1391471
1381383
1391339
1391593
1385199
1385189
1385228
1391595
1381309
1391382
1391293
1391290
1351254
1385153
1381585
1385187
1377652
1395183
1395192
1391594
1395108
1391296
1395209
1381396
1385188
1395173
1385181
1391445
1381405
1381390
