1300025
1306250
1565184
1306257
1327082
1565189
1565171
1314167
1305755
1322201
1565199
1314515
1305751
1565192
1565182
1324527
1323653
1300251
1329129
1307346
1314512
1566872
1860252
1321808
1327087
1300257
1321804
1326085
1323657
1327666
1317408
1326098
1300029
1326076
1315159
1565170
1314076
1322202
1305761
1323640
1307253
1305754
1565183
1324528
1565161
1560515
1314075
1565176
1306252
1300341
1306258
1565197
1860253
1314514
1327667
1327088
1305762
1326097
1566875
1311501
1565169
1323650
1314513
1300006
1300258
1301034
1321807
1565107
1317409
1300028
1860254
1326090
1326075
1326086
1323652
1323641
1565198
1565168
1305752
1329126
1322243
1314074
1314169
1327070
1565191
1565162
1327074
1321849
1307345
1305753
1300031
1300256
1327075
1326071
1314077
1322204
1560519
1301695
1329127
1314518
1310188
1315109
1566457
1566874
1324582
1305767
1327045
1315108
1324521
1321888
1326078
1307250
1565101
1310189
1327664
1860255
1566876
1566871
1326096
1322276
1301694
1311500
1327085
1324581
1321806
1300030
1327071
1326083
1307259
1324587
1306251
1324580
1318282
1565100
1324522
1565177
1300254
1324524
1322277
1565195
1327073
1326077
1860256
1314078
1327086
1565175
1322205
1565186
1301699
1315106
1311503
1329128
1307258
1325526
1307343
1323656
1560517
1314519
1326095
1565160
1326084
1307257
1324588
1314516
1315156
1315142
1327665
1566447
1566870
1307251
1324589
1314281
1565196
1301698
1300255
1565165
1315107
1315155
1314071
1305765
1325529
1565174
1566877
1326070
1322203
1321801
1300026
1322206
1327072
1565178
1305758
1311502
1314079
1324523
1322278
1317407
1565103
1323654
1323658
1307342
1322275
1300340
1327662
1305769
1315157
1321802
1326080
1565188
1314517
1327083
1321800
1314280
1301697
1324520
1327080
1305768
1326079
1565173
1307256
1305756
1566456
1324529
1300252
1322279
1569521
1565166
1322244
1565179
1308254
1565185
1327044
1314070
1326094
1565194
1560518
1325528
1322274
1566879
1300253
1327663
1324586
1565167
1315158
1327084
1565102
1307341
1327089
1860619
1315154
1321803
1322272
1560514
1324583
1322207
1321889
1324525
1326093
1314072
1314283
1326073
1326087
1307349
1311504
1307254
1308255
1327668
1315140
1860140
1326082
1305757
1300342
1306255
1307340
1324526
1565108
1565193
1860250
1565172
1326091
1315105
1306253
1307348
1565187
1324584
1565163
1314165
1305750
1314284
1327661
1314073
1565181
1300259
1565190
1860251
1306256
1324585
1325527
1321848
1305763
1565180
1323655
1322200
1326072
1322209
1301696
1314168
1310184
1566878
1315153
1569529
1323659
1560516
1300250
1566446
1315141
1322208
1326074
1327660
1560158
1560159
1321805
1323651
1306254
1307347
1321809
1566873
1314282
1315152
1326092
1322273
1314166
1300032
1327081
1565164
1326099
1326081
1326088
