1304252
1316004
1318280
1304751
1318298
1302251
1304258
1302340
1304255
1318642
1316007
1318286
1302250
1318288
1304754
1318641
1307252
1307344
1304753
1318285
1318299
1304256
1318296
1316006
1318281
1304254
1318640
1302341
1304755
1318291
1304259
1303254
1304752
1302342
1305759
1318297
1316046
1305760
1316047
1318290
1304251
1316003
1318283
1302256
1316008
1302254
1318293
1305766
1304257
1304757
1316002
1302255
1302257
1304250
1318292
1316009
1318643
1316005
1304253
1302253
1302258
1318294
1302252
1304756
1305764
1302259
1318287
1318295
1304750
