1581162
1382781
1382532
1382538
1382530
1581161
1501623
1510762
1372565
1581160
1520762
1379471
1382533
1382537
1581928
1382787
1355321
1581926
1350927
1522048
1508941
1355322
1382539
1382534
1597671
1379470
1508940
1581925
1350264
1355324
1382935
1580762
1511345
1598600
1372569
1379474
1598602
1382780
1382531
1350231
1390263
1597670
1508943
1382783
1375027
1382788
1350232
1511925
1598601
1587623
1522095
1581927
1511926
1382933
1508942
1587624
1522094
1375028
1598604
1511924
1382782
1382536
1382934
1581163
1372567
1522049
1375023
1522096
1382932
1587621
1597672
1590762
1382785
1500762
1581164
1511923
1355329
1582016
1382784
1375022
1372568
1521800
1355325
1598603
1501621
1382786
1587622
1382931
1522047
1379473
1597674
1392369
1372566
1501620
1501938
1591706
1521801
1355320
1382938
1382936
1501498
1355323
1382789
1511344
1501622
1379472
1392368
1382937
1587620
1382930
1380974
1501939
1382939
1375020
1382535
1521802
