1510886
1398889
1589439
1510885
1528727
1591220
1589438
1520888
1519865
1519866
1598794
1376901
1510888
1512607
1390888
1591278
1398884
1501224
1398885
1596936
1591222
1398886
1510887
1596938
1596939
1596937
1598793
1528728
1510889
1512608
1376900
1591149
1588757
1528448
1528765
1398880
1398887
1376902
1500879
1588756
1398881
1501222
1500878
1528447
1398888
1581221
1398882
1591221
1357848
1528764
1370882
1591223
1581222
1581224
1598795
1350888
1581223
1528449
1501223
1590888
1398704
1376903
1512609
