1589849
1517377
1387536
1580737
1376271
1511672
1527475
1387374
1527370
1517370
1357473
1380737
1527376
1397369
1387371
1378677
1519778
1507376
1397375
1527372
1589846
1527472
1586976
1376272
1511678
1511674
1500737
1529205
1354973
1357470
1508071
1517374
1586979
1529206
1351112
1527371
1376273
1517373
1511679
1527476
1507370
1397370
1507377
1387535
1354974
1597375
1519779
1351110
1387379
1586975
1589847
1378675
1387431
1587374
1527471
1597376
1387376
1370737
1397367
1387434
1511671
1387534
1586978
1589844
1397377
1597377
1519771
1587373
1597378
1519774
1527477
1354975
1597379
1517376
1511673
1527378
1351111
1527478
1589845
1527379
1378747
1387377
1519770
1589840
1508074
1354971
1397368
1517379
1597374
1354972
1527373
1587372
1397376
1360737
1378737
1527374
1507372
1507378
1378672
1350840
1527377
1351737
1387433
1586977
1378671
1387539
1397372
1387538
1597307
1597373
1357474
1378678
1527479
1507379
1517378
1354970
1511677
1519776
1519773
1350737
1387372
1510737
1397378
1587371
1507371
1529207
1517372
1387532
1511670
1387531
1397371
1597372
1519775
1350845
1589843
1587370
1357471
1511675
1589737
1589842
1508072
1597370
1519772
1527474
1529208
1387378
1378670
1508073
1387373
1387530
1351113
1517375
1354977
1589848
1590737
1519777
1527473
1387375
1529209
1527375
1387537
1397374
1511676
1507373
1376270
1589841
1387432
1527470
1507374
1520737
1397373
1597371
1378676
1390737
1517371
1378679
