1557680
1557629
1557378
1552632
1567368
1327215
1329862
1303737
1557374
1567379
1320365
1552633
1567374
1552630
1301613
1323737
1310707
1557626
1320366
1308727
1308057
1860737
1567375
1557622
1308737
1300737
1325737
1327218
1320367
1552631
1557681
1321737
1301614
1327217
1567372
1557625
1561679
1557628
1569737
1313507
1308059
1329737
1313537
1552638
1557620
1567373
1301615
1557371
1561678
1308058
1560737
1557684
1310717
1314155
1557370
1320737
1305510
1313516
1552637
1305410
1327219
1320368
1561681
1567376
1557377
1311737
1557373
1867347
1561676
1557623
1567371
1304727
1552636
1567370
1310727
1313517
1311757
1314154
1320369
1860847
1557682
1557376
1552639
1557627
1567377
1561677
1301737
1552634
1305509
1552635
1567367
1310037
1302737
1310737
1557683
1567378
1557372
1325747
1305409
1311747
1561680
1567369
1561675
1557624
1327216
1557379
1557621
1557375
