1313969
1320132
1307998
1315033
1307043
1319991
1320125
1313962
1303947
1307044
1320126
1313991
1307999
1569914
1569917
1315047
1313963
1315034
1560991
1320137
1303946
1300964
1309518
1313964
1320127
1320133
1307996
1569922
1315046
1303945
1300967
1320995
1320992
1328991
1569912
1300968
1301096
1860900
1320124
1307994
1307997
1315045
1310995
1303943
1309500
1307045
1320135
1569920
1303944
1300969
1320138
1320134
1569915
1569918
1320991
1300962
1313965
1569911
1313987
1320993
1300965
1313966
1309501
1320998
1569921
1307040
1320999
1320128
1320121
1311991
1320990
1309503
1569913
1307995
1320120
1313967
1327991
1320996
1860991
1313968
1320129
1300963
1313960
1323991
1307992
1311904
1307042
1300966
1315032
1327983
1320130
1315031
1320123
1320136
1300961
1315049
1569919
1315030
1569910
1320122
1320139
1320131
1307993
1320997
1307990
1313961
1569916
1307041
1313989
1303948
