1331985
1337977
1336478
1336962
1336479
1899942
1332560
1332559
1899989
1339991
1331986
1899999
1899998
1336960
1899923
1899988
1899996
1899794
1336969
1899914
1899941
1336961
1534991
1336477
1899997
1899798
1334544
1899910
1899791
1899924
1899917
1336964
1899990
1899983
1331984
1890992
1331991
1337979
1899991
1899916
1899925
1331904
1332557
1331983
1332558
1899792
1336963
1332561
1899911
1336476
1336966
1899929
1899985
1534993
1332556
1899797
1899790
1899982
1533793
1331989
1332562
1899919
1339491
1899992
1899928
1899984
1336991
1899918
1899799
1332555
1336965
1899913
1332554
1890991
1899927
1899920
1331980
1534998
1331987
1336968
1899993
1330991
1332563
1331981
1899987
1899940
1899921
1331988
1899994
1899912
1332564
1899980
1337978
1899795
1534999
1899926
1331982
1899986
1336967
1899796
1899922
1332553
1899915
1899995
1899981
1530991
1899793
