1519901
1589920
1519910
1519905
1389982
1356590
1399993
1527668
1502602
1529249
1589924
1520991
1357983
1357996
1527677
1357942
1356599
1589465
1356541
1519947
1357992
1509961
1380991
1357941
1529907
1399998
1527656
1519944
1509911
1509956
1502603
1356591
1509966
1399994
1509906
1509953
1527667
1502297
1360992
1589941
1356593
1589942
1529242
1589466
1380099
1357928
1519900
1356598
1599915
1357921
1529906
1509914
1357993
1516098
1519904
1529913
1399912
1527655
1529240
1598175
1357999
1357982
1519911
1502606
1589943
1529908
1527675
1389995
1399986
1502299
1516097
1356583
1529244
1357922
1399988
1399917
1357994
1357940
1502604
1356584
1509950
1516087
1599916
1509964
1357980
1599910
1509917
1589913
1527657
1502292
1519903
1360995
1516099
1389994
1589472
1529914
1519912
1529949
1527679
1509903
1399918
1589914
1527669
1502605
1399985
1529947
1357989
1509959
1527676
1598176
1527678
1357943
1390000
1509908
1500900
1399925
1399987
1510991
1399913
1529909
1589926
1356544
1509913
1509936
1519919
1516088
1357923
1589915
1598179
1529911
1502293
1399995
1519913
1357997
1399914
1599913
1502298
1589471
1589475
1356585
1589944
1390992
1509965
1509954
1527670
1399981
1360997
1529241
1370991
1589460
1500901
1399984
1527650
1502290
1519902
1590900
1529948
1516094
1356589
1509937
1589945
1509957
1509967
1519915
1589925
1509905
1356594
1519918
1529910
1589946
1389983
1509933
1589470
1527663
1357988
1589916
1529912
1509962
1529918
1399927
1527660
1529246
1360991
1599912
1527651
1519943
1519906
1516089
1390991
1399923
1509952
1589921
1519909
1502291
1399921
1357987
1360996
1357995
1590991
1356580
1509915
1527672
1399989
1589474
1509932
1589461
1527652
1509934
1589473
1529945
1519914
1399983
1527671
1529243
1356588
1519948
1589940
1509963
1529248
1509904
1598177
1509960
1589947
1357925
1509907
1502609
1509935
1389980
1389987
1589910
1527664
1357924
1399997
1356595
1589922
1360999
1599944
1527674
1589917
1516090
1399924
1589469
1589462
1357986
1500991
1357990
1589918
1502601
1357998
1356596
1509918
1356587
1580991
1527653
1399982
1389999
1519908
1529247
1529946
1399929
1519949
1529917
1356543
1399991
1357985
1389996
1509912
1527662
1527665
1509955
1360998
1516091
1502294
1529919
1589948
1360993
1509968
1502607
1389990
1519916
1589919
1529916
1516096
1357927
1380993
1529905
1519907
1589468
1356542
1589463
1589912
1527654
1399911
1357926
1589464
1502600
1357984
1509916
1356597
1527666
1589923
1529245
1509951
1502608
1589949
1516093
1399992
1599911
1357991
1509919
1380994
1399999
1527673
1516092
1589467
1502295
1509969
1356586
1509909
1598174
1519917
1529915
1519946
1599945
1510900
1880991
1509958
1516095
1589911
1399910
1527661
1502296
1356540
1360990
1519945
1599914
1380995
