1313755
1551541
1551540
1551766
1551823
1563955
1306959
1563952
1324311
1564988
1551527
1328395
1308014
1563953
1327306
1569068
1327395
1551528
1863999
1314050
1308426
1551529
1860395
1327307
1551828
1563958
1563950
1306955
1306956
1553957
1564989
1553950
1553954
1566435
1560395
1551820
1551827
1551826
1313754
1553951
1306958
1863998
1553955
1563959
1310395
1553956
1324310
1551821
1313795
1551822
1308425
1563956
1553952
1310369
1551824
1325390
1551767
1563957
1563951
1313796
1301761
1306957
1327305
1553959
1325391
1553953
1563954
1551825
1300768
1553958
1308013
