1383957
1518843
1593958
1378171
1394986
1513954
1393803
1593662
1529071
1523951
1583956
1378305
1384947
1383951
1372137
1523958
1589024
1583957
1370385
1390395
1518844
1393950
1394985
1513956
1593957
1372139
1394988
1378395
1583959
1523959
1383954
1523953
1529070
1500395
1529072
1529074
1374949
1374948
1393956
1372138
1513959
1513957
1503954
1383955
1378307
1360347
1356969
1372131
1523952
1383953
1360395
1513951
1593959
1372132
1393955
1393957
1529073
1351385
1583958
1593953
1593950
1356968
1513950
1589021
1503955
1372133
1378306
1523955
1378174
1503953
1523950
1393958
1518840
1373397
1373395
1503956
1394987
1372134
1583953
1393959
1393954
1583954
1383958
1356967
1518842
1518841
1523954
1593954
1513958
1360385
1373396
1513953
1583952
1503952
1378309
1593955
1593663
1378172
1583951
1593952
1503958
1393801
1393953
1503957
1378308
1589023
1503951
1523956
1370344
1373398
1580395
1583955
1380395
1589020
1384949
1513952
1378173
1593664
1593951
1393802
1583950
1372135
1383956
1350765
1373399
1503950
1378170
1350395
1593956
1513955
1393952
1394989
1590395
1503959
1523957
1384948
1589022
1374947
1393951
1372136
1383959
1383950
