1384787
1374783
1504884
1394738
1394780
1504487
1514884
1384785
1504484
1504980
1363478
1584782
1504983
1384848
1504486
1514785
1394838
1374782
1351488
1504886
1584870
1384788
1514885
1513497
1514888
1394818
1514784
1584876
1374786
1594738
1504899
1504982
1513499
1516486
1516484
1584985
1375408
1584789
1394787
1584871
1584780
1584986
1504887
1394878
1384789
1384783
1594748
1394781
1524781
1580478
1514889
1504708
1584784
1516485
1350068
1524783
1504881
1500478
1384874
1504482
1504888
1394839
1516487
1504705
1384784
1394782
1504485
1390478
1524780
1514783
1504889
1513496
1594754
1504984
1584873
1504880
1514782
1394789
1516482
1378978
1584984
1504858
1514886
1374784
1394784
1516488
1384781
1384868
1372218
1378968
1378948
1504488
1516483
1380478
1520478
1504706
1514881
1378958
1514880
1504481
1384782
1524782
1584874
1504859
1394783
1514882
1584785
1514788
1524784
1504726
1502489
1374785
1514790
1584872
1514887
1384858
1504883
1504483
1394898
1394786
1374781
1504709
1516489
1351478
1516481
1514791
1504727
1384884
1504489
1514789
1504789
1510478
1584786
1514883
1502488
1504939
1384780
1384878
1394888
1514787
1374780
1504882
1375418
1504729
1502487
1584783
1504885
1394785
1360478
1504707
1513498
1394788
1514786
1516480
1514781
1504981
1514792
1584788
1384786
1590478
1584989
1584787
1584781
1504898
1513495
1514793
1504728
1584988
1373990
1584987
1514780
1504480
1594728
