1587886
1580788
1594936
1580778
1527783
1517788
1507855
1507862
1387788
1355778
1527782
1500788
1507810
1378838
1507863
1597787
1397783
1594933
1529605
1520778
1510778
1507860
1507809
1355808
1370778
1387784
1597788
1376828
1387787
1397785
1378818
1387785
1529606
1507861
1594934
1527789
1517786
1587884
1527780
1507808
1397784
1587869
1360778
1597785
1594931
1597780
1387789
1517783
1376848
1587882
1507858
1380778
1397787
1527781
1587868
1529603
1373795
1517789
1597786
1350778
1387783
1397788
1527787
1527788
1520788
1597782
1507859
1387782
1373796
1387786
1510788
1529604
1517738
1517784
1527786
1378828
1376818
1390788
1373797
1376808
1597781
1355838
1397782
1587885
1587867
1594932
1373798
1517739
1517785
1517787
1359708
1507864
1507857
1376838
1507738
1387780
1378808
1500778
1351778
1527784
1597784
1590778
1390778
1529608
1373799
1387781
1594935
1507856
1587883
1527778
1597789
1529609
1594930
1587892
1527785
1355828
1507865
1597790
1597783
1351758
1529607
