1513429
1514195
1374294
1504296
1511427
1590243
1514281
1514289
1514298
1511426
1359198
1384294
1359196
1394294
1504090
1399892
1589825
1580490
1394293
1399891
1516429
1514280
1504094
1504097
1370019
1389892
1394292
1514286
1384293
1374297
1394297
1399898
1514196
1590242
1389878
1512426
1512425
1589827
1504095
1504294
1594293
1594292
1390989
1504297
1380429
1518407
1389890
1504096
1384292
1514197
1500429
1514283
1394298
1399897
1374296
1589823
1384291
1504295
1359199
1389828
1350045
1590429
1580987
1594295
1514292
1399896
1504291
1514282
1394291
1389891
1514287
1394290
1580429
1589822
1374299
1514294
1389898
1589826
1374290
1590989
1399899
1389879
1580986
1350429
1384290
1514285
1514295
1399890
1374298
1580989
1514293
1518409
1370429
1504290
1374291
1360429
1389897
1399895
1389893
1504093
1518406
1514297
1389896
1504098
1589829
1589828
1359197
1384298
1518404
1504298
1384299
1514198
1589824
1350422
1514290
1394296
1504092
1370989
1384297
1389895
1514291
1374293
1511429
1374292
1594296
1399894
1594299
1504292
1504293
1518429
1512429
1589820
1514296
1594297
1504299
1514199
1511428
1517429
1389894
1504099
1594298
1389899
1514288
1374295
1390429
1389829
1514299
1399893
1518405
1384296
1510429
1504091
1589821
1513428
1359195
1394295
1389780
1518408
1384295
1514284
1594290
1394299
