1550269
1305265
1550429
1554184
1305095
1564294
1301998
1313098
1554146
1554187
1323679
1554109
1550270
1554294
1301997
1554149
1860429
1313097
1564291
1328429
1566398
1554108
1324397
1313096
1564292
1554186
1554188
1566399
1327428
1300928
1313095
1322429
1566396
1323895
1319429
1569879
1324398
1560429
1313429
1560989
1300929
1554147
1327429
1566397
1305269
1554189
1554290
1860989
1564296
1554183
1564290
1564297
1323423
1305098
1323429
1566394
1564295
1320429
1554293
1305268
1564298
1305099
1554291
1569429
1566395
1315429
1305266
1301999
1314799
1321429
1305096
1324390
1308224
1313099
1310429
1564299
1554292
1323892
1564293
1305097
1324399
1554148
1554185
