1388761
1512674
1512689
1591234
1518717
1388784
1501218
1589193
1512680
1500883
1598767
1512673
1589192
1512679
1518765
1357764
1502524
1518762
1512670
1518718
1388766
1512695
1390876
1500884
1388765
1512686
1509650
1518710
1589191
1388750
1357766
1518715
1512671
1518766
1512687
1512696
1502523
1357767
1512694
1598769
1518764
1398706
1512678
1388763
1598766
1512685
1598753
1591125
1589190
1598755
1501217
1512676
1588759
1500882
1509652
1388760
1519864
1591273
1590697
1518716
1357769
1388769
1512692
1512684
1376964
1502526
1350876
1388764
1581227
1512677
1502525
1357768
1591230
1376963
1388752
1591237
1518769
1360875
1388762
1519863
1518714
1520876
1596929
1581226
1518713
1357763
1512693
1512699
1591235
1388785
1510882
1376962
1357760
1388751
1581229
1512690
1598768
1502527
1357762
1519862
1518760
1510883
1591231
1518767
1501219
1512682
1388753
1502529
1388754
1591236
1518711
1591232
1376961
1581228
1512691
1357761
1512683
1598765
1388767
1518761
1509651
1510881
1502522
1596906
1512698
1376960
1598754
1512672
1518768
1518712
1388768
1512697
1512688
1510884
1512675
1518719
1590876
1512681
1510880
1591233
1596907
1518763
1591272
1502528
1357765
