1321569
1327589
1565511
1555694
1555649
1315513
1308300
1320560
1566551
1555516
1565514
1308551
1329551
1560551
1569569
1865517
1306349
1303308
1555693
1307558
1329560
1315514
1550551
1565519
1565690
1328569
1565515
1555544
1328560
1555698
1566545
1560560
1305306
1555697
1555119
1315516
1865519
1555647
1565600
1305309
1308344
1322551
1565691
1560569
1565609
1307550
1327576
1555692
1555510
1565697
1327586
1315515
1307557
1565518
1308349
1303540
1565699
1308306
1565510
1322569
1865514
1555549
1555118
1565608
1567551
1555511
1300300
1565692
1301308
1315510
1565601
1315518
1329569
1565517
1555548
1308505
1322575
1307552
1327575
1555691
1565698
1569551
1327587
1566544
1327569
1555519
1555512
1322589
1565602
1307551
1320569
1300305
1555540
1865513
1550560
1320551
1555690
1307559
1301309
1327551
1565693
1550569
1865516
1860551
1308305
1565516
1327579
1555547
1555696
1308340
1566542
1565603
1321560
1555648
1301307
1327560
1560969
1865511
1566543
1565694
1303505
1555518
1565696
1565604
1327585
1315517
1555546
1555541
1307554
1865515
1865518
1565607
1303305
1566560
1328551
1566540
1555513
1303405
1865512
1560968
1327577
1315512
1303506
1565695
1301306
1555545
1555699
1565512
1303404
1303306
1566569
1555542
1555646
1555517
1308348
1865510
1555695
1313540
1307555
1308308
1315519
1566541
1308500
1565606
1307553
1305308
1555514
1313551
1303300
1301030
1309551
1565605
1309340
1300306
1300308
1322585
1322560
1321551
1555515
1306348
1555645
1307556
1315511
1306321
1565513
1555543
