1515604
1350551
1585516
1351499
1505693
1590560
1386598
1595695
1386671
1585695
1585699
1386668
1515592
1505511
1525510
1505516
1507791
1386673
1395694
1350560
1592240
1525515
1525603
1386591
1395512
1525604
1396665
1525697
1385601
1505601
1525693
1505518
1372108
1396678
1373926
1515597
1505604
1395693
1515606
1386677
1585696
1351564
1395510
1525602
1360551
1369551
1505690
1385696
1585692
1525545
1525517
1396679
1386679
1396669
1385604
1363707
1505510
1395699
1396514
1500560
1360569
1520569
1373927
1385516
1505519
1515515
1515688
1396668
1505605
1396671
1585514
1505695
1372110
1521277
1595694
1351496
1592243
1515601
1372107
1395692
1505600
1380569
1385510
1515607
1525513
1525546
1373924
1385605
1585693
1515511
1395609
1525601
1386612
1525691
1396501
1363706
1370560
1515602
1521244
1521241
1386666
1595693
1585515
1505603
1395691
1385694
1396676
1385517
1515689
1585511
1525655
1525516
1395600
1515590
1585512
1525609
1515608
1372104
1385514
1595691
1385511
1525695
1505602
1386595
1505513
1395601
1385512
1525698
1396513
1350561
1505512
1525547
1521242
1595515
1515595
1515519
1372106
1380560
1395519
1515517
1595697
1505692
1520551
1386676
1521243
1515621
1386596
1390551
1390560
1505570
1385697
1396503
1370569
1396502
1525694
1396507
1510560
1385602
1515600
1515609
1520560
1351497
1363709
1395608
1585510
1386610
1380551
1595692
1395697
1385513
1372103
1373925
1505694
1385692
1385515
1595518
1585639
1396677
1515512
1386617
1505608
1395602
1525657
1595516
1351560
1395607
1363708
1396673
1595698
1390969
1370551
1592244
1515518
1385603
1595510
1525656
1369569
1525607
1585518
1386618
1396504
1369560
1395606
1592241
1590569
1396508
1521245
1373922
1525511
1580551
1585691
1595513
1525658
1350569
1510551
1507792
1351495
1505515
1585638
1515669
1525692
1525608
1525670
1386616
1396675
1580560
1395517
1580569
1505697
1525556
1515510
1505609
1396672
1396509
1515615
1372105
1385609
1510569
1386678
1505691
1525696
1525555
1515596
1525514
1385695
1505514
1515605
1515593
1396505
1386619
1525518
1396506
1595514
1351566
1585519
1515594
1386580
1385518
1385690
1386593
1525654
1373923
1515668
1595512
1595690
1525605
1505696
1395513
1590551
1396667
1515699
1595699
1595519
1386670
1525600
1585690
1525659
1505517
1396510
1505606
1385608
1585551
1515514
1595696
1525690
1386599
1525606
1373928
1585694
1515603
1585698
1525653
1525699
1592242
1521278
1505698
1386614
1585517
1351565
1386590
1505699
1385693
1525512
1367551
1507790
1396674
1395604
1505607
1395603
1390569
1515698
1395605
1515516
1373929
1521279
1385606
1500551
1385519
1395690
1515551
1515513
1515591
1525519
