1306420
1311625
1321166
1308534
1311422
1301086
1555972
1311629
1306426
1310883
1555985
1307877
1311420
1309994
1321162
1321165
1309532
1306427
1568776
1309940
1310884
1320889
1555987
1568762
1311626
1868715
1321171
1315075
1309533
1310870
1568705
1303333
1306421
1307876
1568712
1555982
1555981
1310885
1309993
1868716
1568777
1323868
1555973
1555980
1568706
1310889
1320880
1560884
1309535
1300869
1321163
1568763
1311423
1311414
1310871
1311627
1321164
1315070
1311628
1306429
1555962
1868713
1555990
1321170
1311695
1860871
1303336
1323871
1329493
1329497
1311620
1309992
1308535
1321178
1300868
1310851
1329496
1568775
1327872
1309534
1555979
1568778
1310876
1315071
1301332
1555974
1568761
1310886
1310868
1311621
1868714
1321173
1327871
1555961
1560885
1307875
1555989
1321177
1568719
1555984
1568739
1568714
1311424
1310887
1568713
1323869
1568779
1569704
1320871
1309943
1310850
1311425
1309946
1868718
1555964
1321176
1307874
1309998
1555978
1568711
1310869
1301330
1309536
1568760
1868711
1303337
1568737
1311429
1307873
1555968
1309944
1321175
1560880
1308533
1303338
1309997
1321179
1555991
1311426
1868712
1560889
1568788
1568787
1555977
1569466
1555963
1329494
1300865
1311623
1310852
1301333
1568715
1568710
1321172
1555965
1569706
1555986
1310880
1568786
1321161
1568738
1568709
1568717
1310866
1311428
1555983
1555969
1320884
1311427
1309531
1310853
1555976
1568718
1309990
1310867
1301331
1307879
1309996
1568789
1303335
1568785
1303339
1308539
1868717
1321160
1310865
1323867
1568765
1309942
1321169
1568708
1309991
1308536
1568707
1868710
1306422
1555966
1311624
1555970
1310854
1321167
1868719
1555971
1321192
1309530
1555975
1569705
1306425
1311421
1560871
1555967
1315074
1568716
1308537
1307870
1329495
1303334
1321174
1555960
1568764
1555988
1300867
1309995
1321168
1309941
1323866
1311871
1306424
1307878
1320885
