1528822
1588705
1370888
1588719
1591251
1520871
1528810
1398718
1591165
1581200
1388825
1376917
1376914
1519874
1588712
1580875
1375940
1388834
1352904
1591169
1398761
1388829
1380872
1588725
1519892
1388882
1388897
1596950
1582527
1580870
1591158
1596959
1388811
1380879
1375915
1388850
1592515
1596940
1352934
1528830
1388846
1370887
1375955
1376916
1587799
1351876
1582526
1398711
1591159
1598718
1388899
1352938
1588720
1352920
1360881
1352909
1528821
1591210
1509664
1388871
1528713
1519887
1352923
1509667
1588702
1587790
1596952
1508714
1357712
1380873
1588784
1519894
1591168
1591242
1888710
1528831
1588706
1598712
1519875
1370885
1528838
1580885
1508707
1508700
1357713
1591172
1581206
1370873
1587794
1591254
1596941
1528826
1388808
1352903
1388824
1370849
1519884
1370879
1352912
1528812
1388810
1502514
1580871
1352931
1598719
1591157
1388835
1375954
1592516
1352917
1370840
1388853
1588783
1591217
1528816
1592523
1528823
1388851
1596958
1588718
1390871
1388898
1528718
1580884
1591253
1528710
1376915
1582525
1519886
1370886
1398716
1352926
1591171
1596951
1360887
1388881
1591216
1528811
1591167
1388836
1588780
1519883
1588707
1598711
1596953
1388800
1592512
1388807
1352940
1350871
1398712
1519899
1375942
1591160
1519876
1587793
1528825
1370872
1528711
1519890
1508708
1388813
1357710
1388814
1508717
1588703
1375916
1519889
1590889
1581207
1528837
1351878
1588723
1352918
1357701
1528815
1591174
1591151
1591256
1588717
1502511
1591215
1388845
1352907
1591240
1388891
1375943
1370846
1388887
1375953
1591161
1591156
1588786
1509662
1351879
1352927
1587797
1508709
1388843
1388852
1388812
1360871
1588708
1352937
1592517
1588722
1528824
1375952
1360888
1357715
1375917
1388879
1597484
1388815
1581214
1591245
1588704
1390885
1519891
1591255
1398715
1580879
1528441
1528836
1388837
1528817
1502518
1375944
1370066
1596945
1519898
1352936
1375913
1375959
1519888
1588781
1357708
1596944
1581213
1590884
1587792
1588709
1508716
1352933
1588716
1591155
1519877
1591152
1370876
1376910
1509665
1591219
1357711
1370064
1519878
1581204
1587796
1388865
1591248
1370884
1528814
1352910
1590880
1582529
1591173
1582528
1528712
1596946
1598717
1398763
1528835
1388809
1598714
1388842
1588721
1352916
1398760
1587791
1519897
1388830
1597483
1596955
1352935
1591162
1502512
1519885
1357714
1352928
1357702
1591214
1370067
1587795
1360886
1352930
1528818
1352939
1370065
1375951
1509663
1375912
1388839
1592519
1508718
1388867
1581205
1591258
1588782
1588728
1588710
1357717
1380875
1591243
1580881
1508710
1528813
1388833
1375946
1588787
1519870
1509660
1597482
1374088
1388893
1398764
1370068
1502517
1591259
1591249
1581212
1352925
1591163
1375945
1357716
1352900
1597480
1591154
1592520
1398710
1591150
1388838
1598713
1596954
1375950
1591250
1352922
1390880
1591213
1352911
1528820
1352908
1528827
1375918
1351874
1370062
1375957
1590885
1580880
1509668
1352942
1351872
1352913
1581208
1357700
1596947
1519873
1376911
1508711
1588715
1588729
1375911
1388872
1588700
1375947
1591246
1508704
1588714
1502510
1390884
1597481
1519880
1508719
1370069
1528715
1370060
1588711
1581202
1587798
1380870
1388804
1357709
1388885
1398762
1590871
1398717
1591164
1388895
1598710
1388855
1375958
1592522
1528819
1376919
1502515
1351873
1388858
1581209
1580886
1398719
1376912
1388873
1375948
1591153
1370845
1388832
1528834
1519895
1588726
1519872
1352919
1580888
1596942
1502519
1375919
1380087
1352914
1508713
1357705
1375941
1581210
1388896
1580876
1508712
1388848
1528833
1592521
1528828
1591257
1596948
1591241
1370871
1581203
1352944
1398713
1591218
1508703
1581201
1509669
1388803
1352941
1388894
1519879
1388831
1351871
1596956
1588713
1528716
1519893
1375910
1508705
1596957
1357719
1388877
1591212
1352902
1388805
1591247
1357703
1370880
1588727
1519882
1398765
1596943
1519881
1380871
1370889
1591170
1388806
1376913
1351870
1509661
1580887
1508702
1502513
1519871
1591244
1591211
1519896
1591252
1580889
1376918
1357706
1375914
1528829
1528440
1508701
1596949
1598715
1592510
1588724
1398714
1352924
1388856
1528832
1352945
1528717
1388860
1357718
1388870
1352943
1388869
1591166
1388847
1370870
1528714
1509666
1375949
1352901
1388875
1528839
1351875
1592514
1388841
1508715
1528719
1502516
1581211
1588701
1508706
1375956
