1335465
1890871
1335493
1331255
1332052
1533171
1330884
1335492
1337885
1335491
1332051
1533172
1335499
1331252
1333044
1530880
1333049
1530885
1335498
1898711
1898710
1331253
1533175
1339880
1331251
1339885
1335490
1337884
1336885
1330885
1335464
1333050
1335463
1332054
1534871
1330880
1338871
1338884
1533439
1898713
1336880
1331258
1331257
1335462
1337871
1890880
1898712
1333052
1337880
1333046
1898715
1339871
1332053
1339884
1335497
1331256
1533131
1336884
1333051
1898714
1335461
1335496
1533173
1890884
1530889
1335460
1331259
1330871
1335495
1336871
1333041
1530884
1333053
1338880
1332050
1533174
1335494
1898716
1338885
1331250
1333054
1331254
1533176
1530871
1333043
