1362962
1369872
1361962
1369878
1362965
1362941
1365881
1361960
1362943
1366875
1365880
1361967
1362960
1366873
1364888
1366975
1361964
1364881
1362967
1367871
1362949
1362964
1369870
1366974
1367872
1362961
1367874
1366870
1365887
1367879
1364887
1362948
1364882
1352915
1366872
1388866
1369875
1367875
1362944
1366878
1388892
1365886
1368871
1369873
1366979
1361969
1362969
1366977
1369874
1366978
1365884
1364889
1352905
1366876
1362946
1366970
1369871
1367870
1361966
1367876
1365871
1364880
1362966
1366976
1362947
1364883
1365889
1367877
1364884
1365885
1362942
1365888
1361963
1369877
1366879
1362945
1362968
1366971
1365882
1352932
1366874
1364885
1368870
1364886
1361968
1367878
1366972
1367873
1361965
1362963
1352929
1369876
1361961
1366871
1352906
1362940
1365883
1364871
1366877
1361871
1369879
1366973
