1597995
1594957
1507926
1527056
1387024
1390702
1397920
1527028
1518069
1397020
1587083
1587088
1387021
1527921
1397928
1597999
1397923
1350792
1587929
1387026
1594950
1518060
1376725
1597990
1363598
1517095
1527055
1587080
1387922
1594951
1375522
1376726
1370792
1527027
1507925
1529792
1397924
1397026
1350706
1580702
1357620
1375527
1357623
1518067
1597998
1387029
1518063
1397929
1594952
1527926
1380356
1387923
1397927
1587926
1527022
1397922
1517921
1587086
1597993
1387929
1594959
1517926
1397025
1527025
1520702
1387022
1387028
1507029
1580792
1517029
1518068
1527927
1594954
1527021
1376727
1507920
1587081
1527026
1375528
1387928
1387025
1507020
1597992
1397921
1590792
1527925
1507028
1507924
1594953
1387920
1375529
1517028
1380355
1507027
1517097
1397024
1376721
1507923
1387020
1517929
1587920
1587924
1594955
1517094
1500792
1350702
1527020
1517092
1587925
1397023
1375523
1594956
1387921
1518065
1357622
1527929
1507021
1375521
1351702
1517927
1507022
1387927
1527924
1517096
1587923
1517093
1510702
1527023
1517027
1527923
1376723
1587087
1376720
1527922
1517925
1397021
1507026
1507922
1517099
1360702
1517924
1397028
1527024
1587927
1527059
1510792
1587922
1587082
1587084
1527928
1507023
1387926
1518062
1397027
1517026
1590702
1507928
1500702
1507921
1397022
1597997
1376722
1507024
1375526
1375525
1517928
1518066
1517922
1517091
1380702
1587089
1357624
1363597
1587085
1597994
1517098
1527920
1362792
1527057
1527029
1380792
1507929
1587928
1518061
1387924
1507927
1387027
1517920
1375520
1517025
1507025
1397926
1375524
1518064
1594958
1520792
1587921
1597996
1527058
1387925
1360792
