1567922
1569782
1557921
1306419
1323761
1302726
1569792
1315571
1321792
1567925
1324702
1311792
1557922
1320792
1560792
1306418
1567924
1315573
1300729
1323762
1557923
1324782
1325792
1325702
1315572
1300727
1323702
1309725
1567926
1309702
1321702
1326392
1303727
1313363
1550792
1324785
1557023
1324772
1303726
1300726
1306416
1324792
1320702
1313365
1306417
1557022
1567921
1323792
1303725
1315598
1567927
1313364
1567928
1306415
1309727
1557021
1567920
1326302
1560702
1860702
1313392
1567929
1557020
1557024
1557920
1567923
1313401
1311782
1313366
1303729
1309729
1860792
1315570
