1584343
1520449
1520445
1504345
1350473
1374342
1510434
1363096
1350096
1513449
1384445
1359665
1514443
1524314
1500441
1504449
1588605
1584349
1583442
1389440
1500446
1369444
1359660
1514342
1380447
1374343
1584441
1588601
1394441
1583443
1514440
1374348
1588604
1369439
1350474
1520446
1583448
1359664
1359661
1384446
1504344
1389448
1524315
1389441
1500440
1368971
1594346
1513444
1514449
1588603
1363095
1514442
1598168
1514343
1504441
1360434
1394346
1514348
1374341
1584341
1524319
1583440
1504440
1513447
1359662
1594344
1583445
1363098
1594345
1598169
1363093
1598159
1598167
1359663
1594446
1394348
1389447
1504446
1394447
1369449
1363094
1504343
1514448
1350444
1394440
1514445
1504443
1374349
1584344
1500443
1513445
1384347
1598150
1588602
1500448
1524316
1520442
1594445
1584446
1384444
1594343
1504342
1584342
1520440
1350084
1374340
1390434
1590434
1598158
1514349
1380434
1384443
1504448
1583444
1384345
1598166
1584447
1504341
1513442
1514447
1363091
1514341
1584345
1520441
1504348
1594342
1594349
1368973
1520434
1580434
1594348
1598165
1384344
1384346
1513443
1514444
1374346
1500444
1514346
1598156
1598157
1524317
1594449
1583449
1504340
1350435
1384340
1394331
1394444
1583447
1384442
1394449
1504349
1584340
1384449
1594341
1359669
1384349
1594347
1594448
1584346
1524311
1363092
1588608
1594440
1514446
1368972
1513448
1389444
1500447
1504442
1500434
1584444
1514340
1524318
1374347
1389445
1514347
1594443
1584445
1594447
1359668
1598155
1583446
1384447
1524310
1500445
1384341
1390435
1369434
1584347
1588607
1584348
1500442
1584442
1598152
1584449
1594444
1389442
1384348
1389443
1598154
1504346
1394442
1513440
1504445
1514441
1594442
1588606
1514344
1520447
1520443
1363434
1504347
1359667
1594340
1524312
1384342
1583441
1374344
1363097
1369440
1384448
1513441
1504447
1374345
1594441
1350434
1359666
1384343
1598151
1500449
1598153
1513446
1368974
1524313
1584443
1504444
1363090
1584440
1588600
1584448
1394443
1520448
1520444
1389449
1588609
1514345
