1566265
1566209
1327434
1564346
1566203
1329889
1312583
1327808
1325880
1324408
1566267
1327807
1559069
1569952
1315978
1300902
1329434
1327813
1566208
1303902
1552658
1552659
1324409
1308928
1566202
1321434
1315434
1322434
1327806
1564340
1327805
1327844
1325878
1327842
1325870
1566268
1564348
1327814
1324407
1554344
1320434
1566205
1564341
1300903
1327843
1566269
1566204
1324434
1327850
1566207
1322444
1315962
1319434
1325873
1327800
1327804
1864300
1864301
1302903
1327812
1306928
1564343
1327840
1327851
1303903
1564345
1310434
1560434
1566206
1327841
1324444
1325184
1308923
1327803
1327854
1327802
1327809
1564344
1325879
1327852
1306903
1564342
1308922
1325871
1324406
1327801
1306922
1566201
1327853
1325872
1314434
1564347
1569434
1306902
1566266
1324405
1322441
1322440
1860434
1323434
1566200
1324424
1321444
