1508136
1507537
1373138
1503034
1590313
1383130
1383139
1512739
1513233
1583237
1513238
1393238
1583230
1583139
1363087
1393231
1502832
1383137
1373032
1503340
1503136
1502831
1393375
1583323
1508143
1583235
1523313
1512836
1583132
1508133
1583034
1523135
1523131
1390313
1378459
1593036
1502833
1513230
1512731
1512839
1523138
1500313
1502850
1583138
1363088
1358241
1513330
1508135
1513336
1513339
1523134
1593233
1383332
1593132
1510033
1513239
1364313
1502838
1503138
1370313
1378532
1393378
1583231
1507534
1512730
1583234
1523030
1378533
1393230
1593030
1593238
1503037
1583133
1502841
1507643
1583032
1393239
1383331
1380313
1512837
1383132
1378408
1383133
1373043
1372231
1508134
1512732
1503137
1503143
1393377
1513338
1523137
1512834
1583137
1502839
1523133
1507535
1523302
1502830
1513337
1593031
1503132
1583134
1375443
1358244
1383330
1513332
1383135
1593130
1502840
1393399
1503360
1351313
1503036
1513341
1378534
1510333
1500333
1513331
1523031
1583233
1350313
1393131
1520313
1523032
1503038
1358298
1583033
1583042
1372230
1513236
1502851
1507532
1523303
1512835
1512832
1378535
1512735
1502837
1593032
1393233
1503367
1593333
1503031
1507543
1593235
1593033
1513231
1503365
1580323
1378407
1513340
1583232
1351347
1373133
1503366
1383337
1583136
1520323
1583135
1593098
1583269
1372233
1378529
1360313
1507533
1378455
1512838
1580333
1523139
1523033
1393232
1512734
1513333
1583131
1364333
1378536
1378054
1513237
1502836
1503030
1383134
1512737
1523038
1393235
1593237
1513335
1372232
1383336
1358297
1358283
1373132
1503139
1583038
1372235
1383335
1510323
1512830
1520333
1513234
1503032
1393133
1593135
1373323
1373131
1351323
1583313
1378457
1502852
1393234
1503134
1507530
1583039
1378545
1583238
1502835
1508139
1593134
1503364
1523034
1523037
1363339
1378454
1373031
1593303
1513334
1523130
1580313
1503133
1507531
1513235
1364334
1512833
1393130
1593234
1513232
1583036
1583030
1383334
1393132
1523036
1503033
1512736
1583239
1593035
1503363
1378530
1502834
1508130
1373030
1523323
1503035
1393236
1593133
1583059
1512738
1512733
1593236
1378456
1512840
1583130
1390323
1373130
1508138
1507539
1358243
1593313
1583031
1508131
1593034
1583236
1523132
1383136
1393237
1503135
1507536
1383131
1378023
1351346
1383138
1370033
1503313
1500323
1593131
1378531
1507538
1583037
1510313
1383333
1593239
1503361
1378458
1523136
1508137
1512831
1593232
1523039
1508132
1503362
