1313136
1323135
1325312
1569042
1313135
1553130
1308183
1303197
1551230
1328334
1551231
1313132
1553232
1329043
1553038
1553031
1325311
1553037
1563131
1561234
1329407
1313139
1561233
1313133
1553239
1323134
1329406
1553313
1551234
1561232
1329408
1569059
1563313
1328333
1563130
1553036
1325314
1313138
1561239
1569058
1553238
1325315
1563133
1553231
1309131
1325313
1329063
1308458
1553237
1560313
1329401
1329331
1551232
1329334
1860313
1325316
1563136
1561238
1313130
1553230
1553132
1553033
1323136
1563132
1563134
1553137
1329338
1313131
1323130
1553236
1553235
1329402
1329333
1329337
1323131
1303193
1329400
1329332
1553136
1563135
1860323
1309132
1553133
1310323
1563137
1303194
1551235
1553034
1553039
1329336
1561237
1553030
1563138
1329403
1860333
1551233
1329335
1310303
1569493
1328330
1553139
1310313
1303195
1329409
1328332
1323132
1325310
1553134
1329404
1561235
1553032
1563139
1561236
1323133
1313134
1329339
1329405
1308043
1329330
1553135
1569057
1561230
1303196
1313137
1561231
1553234
1308182
1553138
1553131
1308457
1310333
1328331
1553233
