1394934
1589042
1520384
1522567
1589351
1513778
1359827
1583774
1523609
1522485
1383872
1356926
1508343
1520380
1523775
1583847
1518846
1393776
1513666
1529032
1503873
1593888
1374978
1378216
1583996
1509011
1523819
1593778
1508334
1589041
1583876
1529039
1508332
1378178
1383879
1589087
1589352
1583846
1359821
1383775
1583877
1513667
1393773
1593641
1378206
1394936
1370341
1513906
1378177
1593779
1589339
1583841
1589330
1394939
1356929
1394931
1523601
1529037
1394935
1523776
1523608
1593843
1589335
1372300
1378217
1583848
1513779
1378210
1372182
1509010
1359828
1503773
1522488
1508333
1503870
1523811
1522565
1522568
1522487
1503879
1513907
1350390
1513863
1513772
1503626
1593613
1593849
1513843
1583778
1593775
1350387
1518845
1523817
1508340
1503871
1583994
1360763
1503620
1593642
1523607
1374970
1593842
1518824
1522561
1583878
1393779
1523810
1589089
1520387
1503775
1372183
1580377
1394938
1359829
1589085
1599313
1508330
1378219
1372301
1523602
1593886
1356928
1513908
1373313
1378176
1372180
1393774
1583849
1500377
1509013
1503627
1513776
1513903
1378204
1509300
1372302
1351377
1523771
1508341
1373310
1589354
1523818
1503878
1523606
1593840
1383776
1350377
1583840
1509012
1383870
1589359
1583995
1593885
1370377
1508339
1589336
1356923
1522569
1374971
1523777
1508331
1529034
1593616
1513665
1529031
1518822
1503876
1503774
1523772
1599318
1393771
1393770
1593643
1513841
1370077
1589040
1523603
1523816
1394937
1518821
1513909
1513777
1378218
1503628
1583879
1583843
1523605
1378212
1520388
1503776
1520377
1352568
1513774
1370763
1359822
1383875
1359823
1583997
1513864
1390377
1372304
1383774
1523773
1384979
1593845
1508338
1529033
1593883
1523778
1374979
1509301
1360845
1503625
1583992
1513900
1356922
1593772
1503624
1583779
1372303
1529036
1503877
1589358
1393772
1510377
1599315
1378211
1509302
1378213
1589333
1523815
1513844
1518823
1373311
1383874
1522564
1378202
1590377
1593615
1593644
1360341
1599310
1593884
1583873
1508337
1356925
1523774
1384978
1378377
1589334
1509014
1370345
1529030
1393896
1523604
1513902
1593846
1593889
1503777
1508344
1352569
1393899
1503875
1378175
1393777
1522562
1513861
1523779
1352567
1589357
1583776
1378203
1520389
1593610
1583993
1503623
1523814
1509303
1356921
1599311
1513862
1513668
1374977
1589338
1503770
1529038
1599314
1593847
1589044
1589331
1593619
1583872
1356924
1509304
1378209
1583998
1589088
1393895
1384970
1583845
1599317
1383779
1503779
1593881
1599312
1383876
1522560
1593640
1583991
1583777
1513860
1583772
1522566
1503622
1520386
1520382
1373314
1378214
1503874
1508336
1513771
1380387
1352566
1369384
1359824
1518849
1383895
1383772
1593848
1520383
1593611
1383778
1503621
1593777
1589337
1583874
1518848
1523813
1513904
1593618
1593882
1583844
1522486
1378201
1513842
1503778
1378215
1394933
1583775
1583770
1583875
1513775
1503872
1513901
1513669
1383877
1593887
1508335
1529035
1383873
1503771
1593841
1520381
1589086
1508342
1513770
1503629
1593771
1522563
1356920
1589332
1393898
1378208
1589043
1583999
1356927
1523770
1359826
1378179
1583870
1583990
1589355
1589350
1520385
1383898
1513773
1393778
1373312
1523600
1583842
1518847
1523812
1599319
1513905
1583771
1513840
1503772
1384977
1383878
1593612
1522489
1593844
1518820
1593776
1583871
1593617
1352565
1378207
