1320375
1551894
1863779
1327379
1327131
1553773
1551410
1551896
1553770
1321375
1563898
1303767
1551773
1553771
1553878
1327134
1326205
1553776
1569070
1564939
1551419
1566425
1327178
1553772
1313707
1551897
1321372
1553847
1564938
1328379
1563899
1327377
1563770
1303764
1553777
1326206
1551418
1551898
1327133
1563771
1553997
1551411
1569069
1326200
1551417
1554438
1863778
1326204
1567263
1321378
1551412
1313779
1566427
1321379
1564935
1321373
1308703
1863777
1567067
1553991
1310174
1553872
1553998
1863774
1554439
1303761
1553996
1564937
1553844
1563775
1553999
1551771
1553990
1303768
1327135
1313708
1553875
1324312
1320376
1566426
1326203
1551416
1320377
1551414
1553992
1551899
1553877
1554436
1321371
1328377
1551772
1553846
1303760
1564936
1560377
1308377
1313778
1567068
1303769
1326202
1553849
1321370
1327136
1567066
1551415
1563779
1553874
1567264
1320379
1313709
1324315
1326209
1554437
1327137
1551413
1326201
1327130
1551893
1324314
1563774
1553775
1863776
1314051
1553841
1303763
1321377
1551770
1553993
1303762
1327179
1313777
1863775
1321376
1553994
1320378
1310377
1563778
1310368
1327138
1553840
1553879
1303765
1553774
1553995
1324313
1563896
1310177
1326207
1551895
1553843
1553779
1567069
1553778
1563772
1327139
1303766
1860377
1314052
1553876
1321374
1327132
1310367
1553848
1563773
1553873
1553845
1563776
1553842
1563777
1326208
1563897
1563895
