1598027
1505914
1506005
1396071
1598018
1505949
1506012
1528013
1588016
1595914
1885913
1528004
1595900
1598063
1598071
1580609
1586080
1390591
1370590
1580602
1588006
1372081
1379936
1586084
1506040
1396074
1595912
1355913
1585912
1379996
1585913
1396087
1500591
1520502
1585911
1385900
1598012
1506043
1500506
1395912
1525914
1596005
1598019
1390590
1585940
1885910
1390693
1380501
1885914
1386066
1395024
1598026
1380504
1588046
1395046
1370505
1505945
1528019
1359941
1528008
1528001
1370593
1520503
1580600
1500509
1386060
1350934
1505917
1598029
1515964
1508001
1528044
1580608
1363524
1396073
1370595
1598056
1598579
1598055
1598074
1386069
1351500
1379937
1588045
1525917
1885915
1528018
1360084
1377455
1598072
1390044
1359940
1598020
1580601
1386063
1885916
1377456
1500500
1595905
1585919
1506002
1585914
1598011
1506016
1596017
1380500
1376385
1528017
1506011
1588008
1595919
1528007
1380953
1506042
1598064
1500596
1500507
1378888
1376383
1525912
1588049
1385906
1385011
1359937
1508048
1598054
1396097
1395048
1386068
1395045
1506065
1505916
1528043
1596019
1363523
1505943
1596010
1596003
1585942
1598057
1386061
1385901
1528016
1379997
1506003
1588007
1395027
1506010
1379998
1506017
1351408
1586028
1500598
1377454
1586029
1595901
1585906
1390692
1379933
1505912
1505944
1598028
1520505
1585902
1385902
1885917
1508006
1598022
1500599
1596009
1378889
1376384
1396081
1525919
1390691
1379935
1598571
1515962
1395040
1585941
1588019
1525915
1506018
1505915
1380954
1588048
1595917
1500504
1500597
1395915
1598010
1359938
1885912
1585905
1585916
1363526
1520504
1505942
1528000
1598016
1598053
1506044
1585907
1525913
1595907
1390050
1596004
1528009
1395910
1385903
1528002
1598059
1585903
1379932
1500505
1506009
1508049
1359907
1588010
1379972
1506001
1525918
1396080
1580607
1596001
1508004
1598050
1586026
1520506
1395028
1380951
1395042
1598574
1595903
1390045
1588047
1598023
1528015
1515963
1598073
1588042
1520507
1585917
1506019
1596012
1377453
1377458
1395033
1588009
1376388
1505910
1508046
1500594
1596018
1585904
1598024
1500502
1385013
1588017
1598051
1376382
1505946
1377459
1363527
1588002
1885919
1386064
1379991
1598066
1528010
1396083
1506008
1380952
1505918
1359944
1595908
1395917
1585908
1506015
1598052
1506006
1588018
1528005
1505919
1500595
1505941
1598058
1528012
1372083
1585918
1595909
1506067
1376389
1580606
1585944
1585943
1588003
1598573
1395034
1885918
1377452
1395047
1525910
1378887
1380506
1396088
1508047
1377460
1379992
1390502
1385905
1396093
1385014
1376381
1505913
1500592
1505947
1395044
1377451
1598069
1525916
1508005
1359996
1885911
1379939
1506000
1580605
1586081
1595916
1363528
1350930
1506014
1586027
1395037
1370599
1520509
1585915
1585910
1395038
1598068
1508002
1595910
1390500
1350937
1505940
1390043
1588004
1515960
1588011
1395026
1345942
1520500
1505948
1598576
1351501
1380955
1379999
1528006
1596008
1395049
1506007
1396089
1588000
1508009
1379994
1595918
1379993
1586082
1598014
1506066
1588044
1528011
1588005
1359943
1596007
1500508
1508045
1377450
1385904
1595911
1390069
1596014
1595913
1598061
1528040
1598060
1598575
1377461
1372082
1500501
1588041
1598577
1385015
1598017
1598570
1360595
1376386
1595906
1580604
1595915
1528041
1396085
1379931
1376380
1588014
1508008
1515961
1520508
1506013
1506041
1376387
1396099
1363522
1586025
1586083
1360954
1385017
1598015
1390046
1520501
1508003
1396098
1377462
1500593
1528014
1585909
1395035
1598070
1506004
1506069
1351409
1386067
1377457
1528042
1588043
1505911
1525911
1506068
1395022
1500590
1508000
1598578
1395043
1380503
1390592
1359942
1359997
1385016
1385909
1386065
1396084
1370592
1588015
1588013
1380509
1528003
1395914
1385019
1598013
1363525
1395032
1596013
1598062
