1361500
1368501
1365502
1364503
1364506
1364502
1355943
1362502
1598572
1366502
1362506
1364507
1367502
1385907
1365505
1369683
1364500
1362509
1367503
1360952
1355919
1360088
1364501
1362505
1368503
1365504
1365507
1366504
1367506
1355918
1355935
1355993
1365501
1596000
1362508
1362504
1367507
1361503
1367500
1355917
1365506
1368504
1369688
1361505
1364509
1366507
1355934
1367508
1395025
1366501
1508007
1355995
1366506
1360951
1355945
1355992
1361502
1355916
1369686
1355994
1367509
1366503
1364508
1366509
1365500
1364505
1369681
1367504
1366508
1355915
1368500
1360953
1500503
1364504
1355912
1355944
1367505
1355914
1366500
1355911
1355946
1362507
1362503
