1896074
1890692
1895044
1895029
1896090
1890591
1330693
1534504
1331394
1332864
1895911
1332821
1335823
1895035
1334824
1330691
1339508
1895032
1895042
1332822
1337699
1530697
1896075
1335829
1333841
1335820
1895040
1895910
1895049
1890693
1334825
1896076
1332827
1896098
1895918
1332869
1334042
1890501
1331375
1335828
1331490
1896096
1895024
1330692
1332823
1890690
1330590
1895027
1895041
1530699
1895048
1895043
1896095
1335821
1334040
1334041
1895025
1896077
1895030
1333829
1890500
1335827
1895038
1895919
1896072
1337591
1330591
1332820
1895022
1534597
1332867
1334822
1895046
1334823
1896079
1331491
1896086
1895039
1895033
1896085
1339591
1334821
1895915
1331397
1334827
1896094
1331378
1896093
1890691
1338591
1335825
1332846
1335826
1895914
1331492
1332868
1339590
1896087
1334826
1339504
1895023
1530607
1896073
1896099
1334828
1332886
1895045
1530602
1534500
1331377
1890592
1896084
1331398
1330690
1339400
1334820
1896078
1330592
1530691
1331376
1895031
1896091
1336591
1331494
1896088
1896081
1890502
1333827
1335824
1895028
1895036
1896083
1337598
1896080
1334829
1895917
1896070
1895047
1332826
1533751
1896089
1896092
1895913
1333844
1332865
1331495
1331493
1895020
1333828
1337500
1896082
1332885
1332824
1530591
1332847
1895037
1895916
1332825
1330500
1333826
1330501
1896071
1895026
1530590
1890590
1895912
1332866
1333843
1895021
1530501
1333825
1896097
1333842
1895034
1330502
1333840
1339500
1335822
