1307593
1328502
1311063
1315943
1566579
1860606
1560607
1311054
1860699
1311590
1566597
1566504
1307584
1319446
1305529
1565944
1565975
1317450
1310766
1566588
1307591
1306724
1565910
1320590
1565919
1327604
1325505
1306736
1329073
1301573
1319445
1566587
1301038
1305527
1560693
1566594
1311076
1310794
1327591
1307594
1565989
1565977
1315940
1321598
1560591
1305540
1306731
1310793
1310765
1301571
1860607
1565916
1315941
1560694
1310140
1305526
1310141
1860693
1300381
1311075
1306741
1307586
1560606
1317451
1329594
1565992
1311089
1301572
1327590
1322591
1311592
1310767
1300389
1565973
1319447
1327699
1307599
1305591
1565942
1569590
1560691
1305590
1310760
1566500
1565993
1306726
1320501
1311088
1322599
1306740
1565913
1306711
1320591
1306739
1307580
1306734
1329093
1307592
1311591
1323591
1569591
1300383
1300388
1311050
1565943
1311078
1565979
1310768
1307589
1325504
1307598
1301575
1305552
1565976
1307587
1327601
1311087
1301577
1560508
1325599
1306727
1306732
1310769
1310762
1327608
1306733
1321597
1307590
1565912
1311077
1566591
1320503
1565915
1560602
1306728
1321500
1323590
1566576
1329072
1306737
1300380
1329098
1306720
1301578
1307582
1860602
1565902
1310761
1327691
1560699
1307596
1327501
1307588
1860601
1320500
1311051
1565903
1306710
1560601
1565999
1311052
1329080
1307595
1328591
1328598
1329591
1311079
1300387
1565914
1329501
1306730
1305528
1306735
1310142
1860694
1860591
1565937
1325591
1565978
1565917
1307581
1329089
1322594
1311053
1310792
1310763
1565938
1329095
1321504
1328594
1566507
1310764
1860508
1565918
1306744
1565941
1566502
1329597
1565997
1307583
1301576
1305542
1306743
1860691
1317452
1317453
1311064
1565911
1329074
1320502
1328500
1329081
