1359908
1359903
1385908
1396091
1369685
1369682
1396096
1350698
1351406
1379995
1359904
1360959
1396078
1370504
1385010
1361501
1598065
1368502
1390501
1379944
1595902
1585900
1370594
1588040
1395030
1359905
1598021
1380508
1370508
1379934
1379943
1396095
1359906
1369689
1395039
1348999
1598067
1365509
1588001
1367501
1365503
1585901
1370500
1379942
1595904
1359995
1379940
1369680
1396092
1396082
1360955
1359939
1588012
1348918
1380950
1596002
1598025
1396075
1360080
1596011
1395041
1369687
1396070
1363529
1360957
1360594
1596015
1380502
1360081
1396072
1361504
1395031
1396076
1370591
1359909
1360950
1351407
1369684
1580603
1596006
1355910
