1348902
1340594
1340591
1340059
1345913
1345949
1345945
1348997
1348992
1348912
1348914
1340054
1348919
1348900
1348906
1340599
1345946
1345910
1345918
1340053
1345919
1340056
1348905
1345911
1340593
1345947
1345940
1348994
1348908
1348907
1348991
1345912
1340055
1340596
1345948
1340598
1340050
1348903
1340595
1348915
1348993
1348909
1379941
1340590
1348904
1348916
1348910
1345941
1348901
1348996
1340058
1345915
1340052
1348990
1596016
1348917
1348913
1340057
1379938
1345944
1366505
1340597
1348998
1345916
1340051
1340592
1345943
1348911
1348995
1345914
