1379212
1509479
1516984
1586600
1356177
1596604
1526538
1358389
1385485
1395387
1526969
1506582
1585480
1506538
1516538
1388475
1594980
1526982
1505480
1525482
1596538
1379380
1356382
1385382
1526988
1509282
1506980
1356178
1388476
1506984
1385385
1395484
1351548
1395480
1506418
1351538
1526309
1356286
1586477
1502081
1506548
1358113
1506583
1526489
1356283
1385481
1527538
1585383
1525481
1595380
1506417
1526981
1395385
1519438
1585487
1527548
1509281
1385484
1594982
1525383
1526482
1358386
1515387
1516383
1516983
1594979
1506981
1356280
1502080
1505382
1585486
1395389
1590809
1502083
1506584
1526987
1356179
1370538
1525484
1580538
1506983
1390538
1379381
1356284
1526484
1506416
1525386
1516982
1586538
1379210
1509280
1356176
1515386
1385383
1590538
1505383
1358387
1385387
1500538
1351868
1395380
1358384
1379383
1506982
1385386
1525487
1526985
1395486
1585382
1356281
1515385
1385380
1525385
1516384
1590548
1395482
1360538
1516548
1516989
1356175
1505389
1506989
1379213
1526483
1525483
1505380
1358385
1506674
1509477
1595385
1525388
1526986
1585381
1395485
1385489
1516386
1350548
1585485
1395481
1385381
1596548
1515384
1516385
1586475
1525486
1526486
1506673
1526983
1505381
1596315
1525389
1505388
1594981
1356289
1510538
1519439
1385389
1395382
1509480
1526306
1506988
1586604
1358382
1516387
1379211
1516987
1526485
1385488
1395388
1525485
1502082
1585484
1358114
1526488
1586476
1525387
1595382
1360548
1586601
1525380
1395384
1599874
1516981
1505387
1385388
1596601
1506987
1373440
1526984
1516988
1395487
1506672
1595381
1526480
1379384
1525489
1506671
1509285
1585482
1395488
1595384
1356288
1373441
1505386
1515380
1519437
1516388
1585386
1515389
1526980
1356383
1516986
1395386
1526989
1358380
1516380
1585387
1585483
1516980
1506580
1525480
1515382
1505385
1585388
1509481
1526307
1516381
1380548
1373442
1595383
1596602
1526968
1580548
1525382
1596600
1506986
1370548
1509284
1525381
1516389
1516382
1585481
1356384
1526308
1385384
1395489
1596603
1586603
1502084
1515388
1506581
1515383
1525488
1526548
1358383
1585380
1595476
1509283
1516648
1506419
1510548
1356381
1526487
1506985
1356285
1395383
1390548
1385482
1379214
1373443
1520548
1515381
1525384
1526481
1509478
1358388
1520538
1516985
