1566608
1860548
1329013
1301177
1305387
1865359
1305386
1327538
1329538
1569813
1318177
1305384
1561538
1315385
1561558
1321061
1561564
1561568
1317338
1328548
1566676
1310548
1321062
1305385
1315384
1555380
1305381
1310538
1555381
1560548
1300277
1561574
1561548
1322548
1315697
1566693
1566659
1318178
1328762
1561554
1328734
1317348
1566625
1325548
1320538
1315389
1322061
1308277
1328760
1328538
1314538
1561578
1328761
1300177
1565380
1328764
1322062
1329012
1325538
1305380
1315388
1301274
1322538
1305388
1321069
1305389
1566694
1323538
1308147
1301178
1315386
1327548
1329548
1305383
1328763
1860538
1560538
1569812
1315387
1305382
1324538
