1551845
1564995
1551816
1313746
1551809
1327160
1310387
1563801
1325378
1314826
1327116
1553867
1551446
1324346
1327164
1313769
1551847
1551674
1321332
1551844
1563948
1553869
1551808
1308428
1551818
1303392
1327300
1314821
1563945
1553947
1553864
1863772
1551803
1553946
1313745
1327117
1308429
1551673
1567084
1325379
1551743
1553862
1553865
1551748
1553868
1551463
1551672
1314065
1563947
1563940
1327167
1566433
1303393
1863771
1551749
1566434
1551811
1564998
1551817
1551810
1314820
1551846
1553944
1551440
1551746
1314823
1314824
1314064
1327161
1560394
1327166
1327394
1551671
1327168
1314066
1564999
1324337
1551819
1303394
1551441
1321330
1328300
1563941
1553945
1314822
1567089
1551806
1567083
1553860
1327169
1860394
1569081
1553943
1313765
1321331
1303395
1563809
1551675
1328394
1563949
1551747
1551813
1563942
1551676
1860388
1563805
1551840
1324338
1551801
1563808
1325376
1553863
1325375
1314825
1303390
1563944
1563802
1328301
1564996
1313747
1551442
1863773
1563804
1551800
1551841
1563943
1327163
1860387
1551742
1551842
1551804
1303396
1563803
1553861
1551677
1551744
1551444
1313744
1551812
1310394
1553942
1551849
1553941
1551462
1551670
1551843
1564997
1322394
1313768
1551807
1327162
1551741
1325377
1327301
1313767
1551443
1553948
1551815
1551678
1303397
1551445
1569082
1321334
1553940
1551805
1563800
1563946
1563807
1553866
1551814
1553949
1551679
1551461
1551745
1551460
1327165
1551434
1551848
1314828
1321333
1551740
1314829
1313766
1322395
1551802
1563806
1863770
1314827
