1593946
1513943
1513834
1393940
1583625
1593864
1583620
1513827
1589365
1589673
1523883
1384945
1593943
1378124
1513948
1513821
1383865
1593692
1503942
1593602
1583864
1523946
1513820
1394996
1383945
1589367
1374946
1593865
1593945
1523888
1583944
1529062
1589679
1583863
1503681
1593944
1503641
1503992
1593607
1523846
1351387
1522499
1378125
1523845
1523947
1513826
1523875
1522579
1523882
1583942
1383944
1384946
1589056
1589360
1384944
1589671
1593691
1513829
1359220
1599323
1513835
1589672
1500394
1522570
1383862
1523889
1583622
1503991
1513832
1593861
1503680
1383943
1583865
1503948
1593860
1513825
1374940
1583862
1593694
1599417
1360394
1593867
1523847
1599415
1393804
1583866
1589670
1383863
1583860
1513838
1593698
1583947
1359221
1393949
1390394
1393947
1393945
1593949
1523941
1589363
1593608
1580394
1523948
1593948
1599326
1593942
1503941
1589677
1522497
1513946
1523881
1590394
1523848
1523949
1374941
1529060
1503990
1593605
1593868
1508316
1599416
1583869
1593862
1513949
1593697
1393946
1599418
1513833
1503947
1508315
1529067
1523876
1359222
1589678
1383866
1583946
1583949
1374942
1383860
1383942
1593941
1589364
1593606
1599419
1359229
1383947
1583940
1593947
1589369
1583861
1523940
1589054
1359225
1593696
1503945
1583867
1383869
1513824
1522572
1599321
1523877
1503946
1350394
1589361
1589058
1393943
1508317
1513823
1393948
1583626
1583943
1589675
1513839
1374943
1513830
1529069
1370387
1383941
1393808
1593699
1589055
1383867
1359228
1350768
1383940
1523943
1599324
1523849
1370762
1513941
1522498
1383868
1599329
1503682
1513947
1589059
1593600
1523942
1599322
1593869
1359224
1589052
1383861
1374944
1508318
1503643
1378121
1383946
1583868
1378128
1378129
1513822
1523878
1370394
1593695
1522571
1583627
1529061
1529064
1599327
1383949
1359227
1593940
1503943
1522495
1503994
1583621
1370082
1513831
1593603
1359223
1383948
1390387
1394995
1393806
1503644
1522496
1378120
1523886
1513944
1523879
1589362
1503683
1378126
1589366
1522576
1393941
1589676
1380394
1593690
1359226
1384943
1374945
1522574
1529063
1508319
1589057
1503944
1583941
1583948
1503640
1593609
1503684
1583629
1360842
1522575
1378394
1503642
1593604
1529066
1523885
1384940
1393942
1589674
1599325
1513836
1589053
1513945
1523944
1583623
1589050
1394998
1378127
1513940
1593601
1522573
1378123
1352570
1503993
1523880
1523884
1360387
1503940
1522578
1523945
1513837
1383864
1583624
1503949
1513942
1393805
1583945
1593866
1593863
1529065
1589368
1513828
1589051
1522577
1384941
1583628
1529068
1523887
1599328
