1500738
1378687
1507382
1357451
1590738
1517384
1587388
1587382
1597386
1378738
1519786
1507389
1387384
1587387
1370738
1519785
1397384
1387546
1527383
1511580
1517387
1378925
1519780
1390738
1378689
1597309
1527389
1511583
1387544
1387549
1507381
1527381
1397385
1378924
1378688
1387545
1387548
1376228
1397386
1517382
1387387
1511584
1397389
1519783
1376284
1397388
1527382
1589738
1378683
1587389
1378680
1508084
1387382
1517385
1527388
1376283
1376229
1597388
1507388
1587384
1597308
1519784
1587381
1507387
1378681
1508083
1597380
1387380
1397380
1527380
1376282
1387385
1511589
1387383
1378682
1519781
1527387
1597387
1351738
1376281
1517389
1508082
1507386
1360738
1350738
1587386
1397381
1511582
1378685
1507380
1517386
1511581
1519782
1376280
1517383
1517381
1510738
1397382
1397387
1387541
1387386
1378684
1587383
1527386
1519788
1508081
1507384
1507385
1597381
1350844
1372381
1520738
1597389
1511587
1517380
1380738
1587385
1527385
1580738
1519787
1387540
1597382
1387542
1511588
1387388
1507383
1519789
1597383
1527384
1597385
1511586
1378686
1397383
1508080
1387381
1511585
1517388
1387547
