1557389
1557083
1304363
1302738
1323738
1567386
1557638
1303481
1557388
1321738
1329738
1557633
1300738
1567388
1567383
1303480
1325738
1860738
1557387
1569738
1320319
1557635
1303738
1317428
1557631
1308548
1557380
1567389
1557381
1557080
1304369
1304364
1321267
1320318
1567381
1304367
1561697
1560738
1557632
1303483
1567382
1567380
1303482
1561696
1557382
1311748
1310036
1304368
1310718
1303484
1561693
1557630
1311758
1567385
1557634
1561694
1557082
1557383
1557384
1557637
1557081
1867348
1561695
1320738
1310738
1308738
1313524
1310728
1557385
1557636
1567384
1320494
1313538
1308549
1311738
1557084
1567387
1557386
1557639
