1390392
1350392
1393923
1523924
1513929
1356963
1513920
1593921
1503921
1384923
1590392
1378304
1374920
1384922
1503920
1513926
1513921
1374923
1513928
1503926
1356965
1523923
1393922
1583922
1500392
1360392
1374922
1393928
1593924
1583923
1523922
1393929
1593923
1583928
1583920
1580392
1393920
1503927
1380392
1503925
1523921
1513924
1583925
1593926
1384920
1384921
1378301
1503928
1393926
1583921
1383920
1503924
1593925
1583924
1513925
1523920
1593920
1503929
1583926
1356966
1383923
1383921
1393925
1583929
1503923
1378303
1503922
1513922
1583927
1513927
1593928
1378392
1393800
1378300
1374921
1593927
1378302
1393924
1513923
1593929
1593922
