1356821
1592831
1588387
1528387
1528282
1518100
1588382
1528149
1588368
1518365
1399025
1528288
1598491
1519633
1528283
1598293
1355064
1588386
1398011
1398109
1589286
1528148
1588343
1377843
1377824
1518102
1389023
1588426
1588425
1399029
1377840
1589246
1518389
1519632
1528287
1588344
1518380
1519636
1379590
1588380
1355063
1588385
1518386
1518105
1389024
1598292
1588367
1377827
1528388
1518381
1398107
1355065
1399024
1388106
1390810
1589285
1588363
1398102
1355062
1598490
1518107
1518104
1528389
1528280
1388103
1588381
1379591
1388108
1589248
1519637
1500836
1518388
1528289
1500837
1398101
1399023
1518383
1598380
1398108
1390902
1370810
1500839
1389022
1598294
1522849
1518101
1388105
1389021
1388109
1528380
1528146
1598384
1500834
1589287
1589247
1528383
1377828
1377821
1399022
1389029
1519634
1355061
1528386
1528285
1388104
1518109
1588147
1500835
1398104
1500838
1350801
1518382
1377829
1588428
1519635
1388100
1589288
1399021
1588146
1528286
1528145
1351826
1377820
1588364
1518368
1589289
1528384
1370090
1518106
1588389
1518367
1592830
1588362
1351827
1528284
1598383
1354825
1360810
1380810
1500832
1377826
1356840
1398103
1598493
1588429
1388102
1356822
1588340
1598494
1518385
1522848
1598382
1519638
1399028
1389027
1355060
1528385
1399020
1368960
1528382
1389020
1518366
1588384
1356823
1398010
1356841
1377841
1377823
1356820
1350800
1350802
1598291
1528381
1518387
1398105
1588366
1588341
1398106
1389025
1588388
1518108
1377842
1588383
1399026
1598492
1519639
1399027
1370091
1528281
1598381
1377822
1500833
1518384
1377825
1518369
1588360
1580838
1388101
1598290
1588365
1518103
1588342
1588427
1528147
1588369
1398100
