1320838
1311812
1315867
1309643
1325846
1315866
1306012
1309645
1328137
1310822
1303825
1322833
1568102
1308834
1567699
1567698
1315448
1328138
1568101
1315447
1310821
1310841
1301819
1321986
1328135
1311810
1315844
1309644
1860811
1308818
1321989
1568010
1309610
1321988
1860810
1303827
1311813
1328139
1328136
1309286
1568011
1321987
1303824
1309629
1300644
1569297
1309628
1308438
1310838
1308820
1300645
1860838
1315868
1560810
1315869
1311811
1321947
1303829
1322841
1325847
1560902
1306011
1321985
1303826
1315449
1568100
1306010
1300643
1303828
