1323328
1313346
1313316
1304445
1320987
1313306
1563564
1553560
1552552
1551337
1553565
1553464
1563565
1553562
1322356
1552551
1552553
1313466
1551338
1310006
1300805
1551356
1860356
1323327
1552550
1563562
1301535
1323346
1569851
1309755
1553463
1563563
1863560
1311116
1551339
1309665
1323333
1301545
1553568
1310356
1553462
1553567
1329456
1320346
1553569
1553564
1563569
1550356
1303805
1313337
1863561
1308036
1329389
1323332
1320356
1302805
1569845
1313336
1311114
1323330
1553561
1563568
1553460
1863562
1310016
1329376
1322367
1309655
1315296
1315286
1563561
1323331
1560356
1553566
1863563
1563566
1553461
1552554
1863564
1309765
1310346
1315276
1329464
1323356
1323329
1553563
1306805
1563560
1311126
1563567
1328356
1329356
