1399472
1520356
1359334
1393567
1383493
1593506
1366366
1350356
1393406
1593560
1583561
1583560
1359335
1523562
1375362
1393568
1593416
1375369
1383565
1513568
1583568
1500356
1513560
1383564
1383566
1399470
1523563
1393569
1359332
1503463
1383492
1583421
1375368
1513561
1523560
1375363
1359333
1580356
1390356
1383432
1583420
1593417
1383563
1503462
1590356
1375367
1359331
1393564
1513566
1375364
1351356
1523561
1393560
1383491
1593418
1513562
1513569
1593419
1370056
1375366
1510356
1362356
1583433
1503460
1583569
1513565
1383569
1370356
1366346
1375365
1393563
1359330
1513563
1383561
1383490
1383562
1383560
1393566
1503461
1399473
1399474
1383406
1393562
1383431
1513564
1393565
1593507
1393432
1513567
1523564
1393561
1393431
1583562
1593406
1399471
1375360
1383568
