1510779
1387795
1387895
1397791
1520780
1355839
1355849
1500779
1397797
1351759
1380779
1387898
1527896
1522451
1397897
1355829
1522452
1387896
1500780
1387790
1527891
1580779
1517701
1355779
1370779
1527897
1507890
1387796
1397892
1520789
1397893
1387798
1397790
1376829
1397891
1387797
1522453
1517700
1527899
1527898
1350789
1522450
1360789
1590779
1355809
1387899
1397894
1387893
1387894
1527890
1522455
1387793
1376809
1520770
1587898
1387799
1360779
1522456
1376819
1387891
1380789
1397794
1350779
1527893
1397890
1397796
1370789
1355789
1387791
1387892
1397793
1397795
1590789
1397896
1527892
1397798
1520779
1390779
1387897
1397792
1387792
1397799
1390789
1387794
1397895
1500789
1522454
1587899
1351789
1527894
1397898
1397899
1387890
1527895
