1309170
1554664
1310463
1554500
1315986
1310401
1325161
1860460
1567274
1310093
1301971
1326351
1326369
1554669
1554609
1554631
1554510
1301900
1303004
1309145
1312591
1564507
1860451
1564566
1303001
1319451
1560366
1554642
1563632
1322450
1554614
1560365
1326350
1554602
1311450
1311461
1324467
1554636
1311541
1315451
1554617
1564501
1310158
1307452
1307459
1310096
1554515
1564519
1321290
1314460
1325151
1554652
1323497
1320674
1319951
1554525
1563614
1563682
1311551
1306987
1313665
1564567
1554603
1300971
1564518
1554638
1310095
1303009
1322451
1563602
1323495
1311561
1324454
1327463
1563633
1321291
1309171
1310087
1564508
1301901
1563608
1554639
1301970
1564506
1312598
1310151
1554501
1554514
1554667
1306972
1311460
1314960
1560361
1554645
1324450
1563609
1320461
1303003
1563601
1554666
1554559
1325150
1324462
1554545
1303997
1569960
1320652
1554605
1311451
1326363
1554596
1554517
1864514
1864513
1312590
1567277
1563603
1321293
1324457
1310084
1315984
1324468
1554630
1310466
1305903
1860365
1308972
1328460
1310150
1560360
1328463
1309186
1323499
1328450
1326362
1564503
1301972
1564505
1328401
1860450
1320658
1563600
1320653
1325160
1554604
1303996
1554544
1554597
1324455
1554558
1307451
1327462
1564512
1313451
1320676
1564517
1313668
1305902
1554633
1320659
1554615
1310465
1310085
1310160
1559085
1305427
1864511
1554516
1306989
1321292
1303005
1554640
1325867
1320463
1320465
1310097
1554534
1300999
1329870
1554643
1324465
1320460
1563617
1569450
1319450
1309187
1554547
1554598
1324463
1312592
1554661
1327461
1321281
1554612
1564504
1307457
1564516
1311550
1326354
1323466
1309189
1300984
1554607
1310166
1313450
1315987
1310461
1564511
1321450
1554618
1307456
1554651
1324452
1554641
1303008
1564568
1323451
1563611
1311530
1326360
1320668
1320451
1554519
1327450
1324460
1567291
1860360
1320656
1323465
1324466
1554533
1554505
1554646
1864512
1303999
1320654
1303006
1311555
1554632
1563610
1300980
1301098
1303998
1320457
1313666
1864518
1554660
1321280
1314951
1305900
1554599
1564563
1321461
1328461
1308998
1313669
1320462
1569451
1326355
1313674
1321460
1554556
1313676
1864519
1327460
1564515
1560480
1325866
1554613
1563616
1320666
1303000
1324458
1554546
1554649
1563613
1306970
1564569
1303007
1320669
1554648
1309188
1314950
1314450
1323450
1560481
1554557
1320655
1554518
1310090
1860366
1320450
1320657
1300985
1554504
1554606
1310083
1554543
1554620
1326367
1554511
1564500
1310405
1564564
1554526
1860361
1314451
1308999
1308971
1563631
1563670
1554610
1306986
1554621
1564509
1563606
1322460
1315450
1315985
1300972
1554663
1554634
1864517
1300986
1310091
1323496
1310462
1313664
1554512
1554635
1564514
1563612
1559089
1563681
1328451
1554549
1554600
1563630
1310451
1314961
1311560
1314461
1559086
1313675
1567287
1554554
1554662
1554595
1326366
1320665
1564565
1324453
1563604
1563618
1320667
1554653
1554611
1564510
1563615
1560450
1309172
1320466
1310460
1560460
1564513
1554647
1554513
1300987
1563680
1864510
1329878
1554644
1569961
1310156
1306988
1313667
1312451
1310081
1324461
1322461
1563607
1554616
1328499
1321451
1324451
1328400
1569966
1554608
1554665
1563683
1554622
1860461
1560461
1554548
1327451
1314462
1324464
1560466
1323498
1554619
1311531
1310080
1311545
1559087
1310407
1563605
1310408
1311540
1554668
1320675
1326361
1559088
1300970
1326368
1554637
1554601
1310088
1554650
1328462
1563619
1324456
1312450
1560451
1310400
1560364
1564502
1307453
1320664
