1383602
1389570
1368455
1594576
1360450
1510455
1504563
1379673
1380046
1514515
1369455
1504505
1524585
1524519
1580460
1384516
1524506
1376696
1379664
1504502
1594506
1393661
1584615
1504608
1389581
1374505
1594515
1504673
1584603
1504614
1512464
1504538
1584602
1390360
1584604
1393631
1394519
1394608
1376341
1514605
1512461
1368466
1508460
1379603
1508469
1510456
1513452
1393656
1504619
1393602
1393609
1393639
1584652
1594602
1379610
1379679
1360364
1380461
1393651
1504616
1510462
1504609
1504513
1394617
1394612
1512456
1584662
1508468
1524667
1379672
1584500
1350368
1383610
1524671
1594593
1376697
1510465
1884510
1513457
1584633
1376681
1524678
1510466
1584651
1584680
1584673
1513464
1580450
1394511
1511454
1511461
1384508
1384503
1380453
1504548
1379607
1520460
1394500
1374514
1514512
1360451
1594511
1376342
1389572
1524505
1512453
1369465
1500469
1374511
1511452
1504581
1524516
1520450
1514684
1394607
1383619
1393660
1524501
1350451
1594638
1584608
1514641
1393669
1374519
1504503
1383611
1524668
1594578
1514500
1514662
1376698
1394507
1594607
1584653
1594609
1504670
1504512
1376691
1508462
1513454
1511466
1594502
1393610
1514642
1504549
1512465
1584661
1350367
1512455
1380460
1379617
1594566
1524666
1520465
1594596
1510464
1510457
1394600
1524672
1350480
1500451
1376680
1390465
1884511
1394609
1379618
1514607
1590450
1584681
1524502
1514660
1514640
1584632
1594604
1594577
1379608
1511453
1394615
1369462
1514626
1393640
1584609
1524570
1379616
1383616
1594512
1512462
1514604
1580451
1384507
1514514
1513455
1504671
1594518
1374506
1393604
1500463
1524680
1584504
1384504
1393666
1524561
1594639
1510467
1504611
1360361
1513463
1584650
1524504
1504601
1383609
1504542
1504508
1504514
1884517
1393667
1514606
1594514
1513450
1394513
1511467
1394619
1510450
1584635
1504507
1394564
1390036
1394515
1370480
1500466
1514625
1584502
1594599
1524560
1514508
1504668
1369451
1370366
1594501
1394610
1524503
1500461
1380455
1884519
1360481
1512454
1376699
1584659
1514661
1584654
1514517
1380462
1374516
1513462
1508463
1393641
1379619
1376690
1504535
1384514
1510459
1379605
1390460
1504568
1394569
1594504
1390450
1376340
1584606
1393632
1504665
1524517
1384519
1584660
1584511
1510453
1393618
1514639
1514627
1511460
1374509
1504536
1504529
1374500
1524571
1513460
1383615
1504610
1504500
1379677
1590451
1590460
1504562
1389583
1520463
1504676
1512463
1520451
1524665
1376693
1380454
1379606
1393665
1379601
1584501
1379668
1383600
1350366
1393624
1584634
1394604
1513453
1390463
1504506
1394505
1389584
1594546
1370367
1514612
1510458
1370481
1584611
1504534
1594519
1524679
1379620
1594509
1584510
1393653
1594594
1584513
1360368
1504583
1350360
1514646
1504618
1379614
1504543
1514511
1508464
1394516
1584610
1504537
1511468
1380456
1504509
1376682
1394618
1370488
1504515
1514603
1370364
1514518
1393654
1584503
1513461
1511450
1393606
1594600
1504613
1510452
1504528
1594579
1508465
1594569
1511459
1584630
1383614
1524664
1594503
1514647
1514602
1383607
1584655
1500468
1393617
1379674
1584637
1393647
1379683
1380045
1514516
1380457
1390466
1389574
1390048
1884515
1584605
1380364
1504604
1594605
1500465
1379676
1379669
1504566
1513458
1390361
1383604
1524515
1376692
1514628
1504582
1524510
1379612
1374518
1514638
1379621
1374502
1504677
1594597
1524676
1376683
1594510
1393664
1393625
1511469
1390365
1511458
1393616
1379600
1379682
1394510
1504564
1514503
1390461
1374501
1514645
1514509
1504666
1394503
1350365
1512450
1524514
1500454
1520469
1504516
1376695
1379675
1594608
1511451
1513451
1360367
1379622
1504669
1500452
1393655
1393605
1514610
1594603
1512469
1504545
1510451
1584657
1584514
1584631
1370361
1393634
1514601
1524513
1504679
1584682
1511462
1884516
1514689
1360362
1504612
1374507
1510469
1390480
1350450
1524663
1500450
1389580
1394508
1394616
1370484
1514506
1390366
1504527
1394518
1393615
1383605
1379613
1368465
1513459
1594545
1504605
1514502
1360363
1504585
1584612
1580466
1524677
1504565
1369461
1513465
1393663
1370451
1380463
1514629
1379623
1504615
1594516
1393611
1524509
1384517
1389576
1504526
1394606
1374510
1511456
1511465
1594508
1512458
1514501
1374503
1584607
1510460
1370360
1580463
1379671
1376689
1504569
1584600
1384511
1514611
1510468
1379680
1584639
1384518
1512452
1504517
1508466
1514600
1594595
1524512
1514513
1584656
1524669
1360366
1500462
1394517
1393612
1524673
1504674
1504602
1394613
1520461
1512459
1379660
1594598
1510461
1884512
1580462
1594513
1370362
1380459
1383612
1350364
1524662
1514507
1390451
1504678
1374515
1512468
1500460
1376694
1393614
1504584
1504544
1504511
1511463
1504558
1504504
1350363
1504546
1379670
1504675
1520462
1374504
1394512
1390464
1394501
1584613
1514608
1374513
1504672
1504603
1389579
1394605
1584601
1512467
1511457
1504518
1514643
1594507
1504580
1390481
1370450
1524508
1376343
1384500
1394568
1393637
1514663
1524660
1594505
1504607
1504600
1520466
1584636
1393658
1520467
1514505
1514519
1594606
1393627
1524674
1379681
1511464
1350361
1380451
1504539
1524511
1374512
1524670
1379663
1370365
1393649
1584512
1379678
1584663
1594567
1389582
1504681
1394567
1584638
1884513
1394614
1594500
1512451
1368457
1524507
1504586
1380458
1524661
1504567
1580461
1884514
1512460
1360365
1379609
1524518
1500467
1524675
1376686
1510454
1389578
1504617
1508461
1384513
1504680
1512457
1379604
1514609
1504559
1594568
1513456
1374508
1504667
1514510
1584614
1510463
1394509
1350362
1512466
1393650
1594517
1500464
1393638
1504606
1384502
1504519
1384501
1393662
1514679
1384515
1370363
1514664
1379611
1504547
1360360
1374517
1394602
1376344
1514644
1884518
1380452
1504510
1368451
1524500
1514504
1511455
1379602
