1367468
1361364
1363461
1370368
1365469
1366457
1363450
1365455
1367467
1364451
1368461
1363481
1364458
1365452
1365466
1363367
1362451
1363368
1363480
1383618
1366451
1367466
1365457
1365463
1364456
1368460
1367460
1366460
1365462
1368462
1363369
1365467
1361450
1361366
1366450
1363362
1367461
1363451
1364464
1379615
1364457
1361361
1368463
1361451
1365465
1365454
1361360
1367462
1365460
1361367
1365464
1365451
1380450
1376688
1367463
1365461
1363488
1361363
1364461
1365456
1363361
1369450
1367464
1365458
1367451
1361362
1367465
1362460
1365468
1363365
1364460
1361365
1366461
1365450
1363460
1368450
1365459
1362461
1365453
1367450
1367469
1364450
