1530466
1338450
1890360
1331450
1890465
1890481
1331363
1335450
1335986
1335180
1332940
1335128
1894508
1330461
1890361
1339450
1331368
1335160
1894502
1335985
1530460
1530364
1530451
1334931
1890365
1335198
1530465
1532662
1890450
1335178
1530480
1330364
1533198
1330451
1333941
1331360
1331461
1890488
1532661
1335970
1334930
1331361
1530360
1330360
1533111
1894504
1894509
1339460
1335987
1335998
1338451
1533188
1330480
1333940
1890366
1335971
1335131
1894507
1332931
1894506
1335121
1530450
1334941
1330366
1534450
1335250
1330365
1335951
1331367
1533180
1334951
1335111
1332930
1333951
1335972
1335140
1890460
1335168
1335127
1335191
1335984
1332941
1335251
1331369
1335141
1335161
1331366
1335130
1335110
1339451
1330466
1332951
1339461
1338461
1330481
1530361
1894501
1532664
1331451
1330460
1335190
1335171
1335100
1331364
1330484
1330465
1338460
1331365
1534451
1530481
1335181
1335451
1530464
1894503
1530365
1894500
1333931
1335101
1330463
1330361
1533194
1335170
1890451
1530461
1890463
1890461
1335188
1530484
1330450
1338465
1331362
1333930
1890466
1335999
1530463
1530366
1890480
1331460
1338466
1330464
1894505
1334940
1532666
1335120
