1554090
1302047
1559885
1303478
1564885
1554786
1556059
1321478
1314248
1564785
1564840
1554782
1554080
1301958
1308478
1554783
1554830
1315478
1559888
1321489
1556051
1312684
1554787
1323478
1327478
1554780
1554784
1323488
1559887
1556058
1564843
1556052
1554827
1329699
1328478
1564787
1564842
1329478
1308028
1327031
1556057
1314247
1559886
1302048
1564786
1554785
1569478
1315099
1313478
1323489
1308847
1554091
1329697
1314178
1322488
1564780
1554781
1323487
1564789
1322478
1308156
1327488
1556053
1564783
1308846
1554829
1324592
1322489
1313480
1321488
1564781
1564788
1302958
1860478
1328479
1564844
1560478
1321497
1314245
1302045
1564886
1554790
1313481
1329698
1300958
1308849
1556054
1301508
1556055
1564782
1564888
1554081
1564784
1308848
1554789
1324593
1314246
1302046
1301528
1554828
1564887
1564889
1556056
1860489
1320478
1329488
1564841
1554788
