1519640
1398134
1589283
1528335
1399066
1354194
1389063
1588438
1589280
1518227
1398138
1398139
1518336
1351822
1528336
1389062
1519641
1588435
1528196
1528191
1354193
1528245
1399069
1519643
1398130
1398137
1380813
1528337
1389065
1518226
1389069
1370813
1588436
1588338
1350815
1389064
1389068
1356844
1399060
1388133
1528199
1528338
1518337
1528198
1518229
1354195
1519642
1528193
1388132
1398135
1350814
1388131
1528333
1518339
1522819
1398026
1508224
1518225
1598437
1518335
1399068
1518228
1519644
1588439
1588339
1528334
1399062
1528192
1508223
1388138
1589282
1598436
1588336
1598339
1518338
1398131
1528339
1398027
1390813
1598336
1588335
1580833
1528194
1399061
1354191
1508222
1399064
1354190
1528331
1528195
1589281
1389060
1598338
1398132
1598435
1370093
1508221
1528330
1588437
1522817
1528243
1598439
1399063
1398133
1522818
1589284
1528332
1388134
1528190
1399067
1508220
1389061
1598337
1598335
1351823
1388135
1528244
1360813
1598438
1528197
