1320833
1552875
1552098
1300640
1308646
1552093
1552035
1328133
1328132
1309605
1568026
1305640
1860833
1552099
1303813
1552876
1315884
1568027
1552877
1303812
1569292
1860806
1568131
1552034
1315885
1303645
1303658
1310833
1552878
1303657
1321968
1568130
1568137
1552091
1303659
1328134
1321969
1552090
1568132
1310823
1315499
1309640
1568138
1321944
1860807
1569409
1321970
1305663
1552095
1308835
1568133
1552092
1552036
1552031
1568136
1310824
1311839
1305662
1568134
1322838
1322848
1308645
1552096
1321971
1552037
1315498
1311838
1300642
1328144
1552033
1568135
1552097
1552030
1328131
1560813
1552094
1311837
1328130
1309642
1315497
1301064
1321967
1308839
1315883
1321972
1552032
