1563918
1553895
1306947
1300765
1310361
1328391
1569062
1551475
1308384
1308367
1553911
1567087
1322391
1320397
1553918
1553892
1553897
1320391
1324304
1301751
1863990
1569063
1563910
1313791
1313717
1563917
1560391
1306946
1563912
1860391
1551774
1310391
1320394
1320392
1553919
1551476
1551474
1322392
1553910
1306945
1329846
1324303
1553890
1310389
1553893
1313716
1308383
1306943
1551775
1306944
1563911
1310399
1302758
1320395
1553916
1551477
1567082
1320390
1551473
1329070
1567260
1325386
1563919
1320399
1313793
1551472
1551478
1553898
1306948
1553917
1329839
1325388
1320393
1313792
1553899
1320396
1860389
1308368
1563915
1329847
1563916
1313718
1306941
1553915
1566430
1306949
1553896
1567088
1312405
1551776
1301750
1325387
1551850
1567085
1551471
1314043
1327391
1306942
1551479
1863991
1553891
1553914
1328390
1306940
1314044
1553913
1329837
1320398
1327390
1551408
1553894
1551779
1551407
1551778
1563913
1567086
1551470
1553912
1329838
1324345
1325389
1551777
1563914
