1360389
1523874
1384959
1393916
1350347
1378269
1378267
1599378
1583913
1378276
1583891
1503912
1393912
1374959
1523973
1522582
1593815
1522580
1580391
1583890
1583915
1383892
1513913
1589301
1513918
1393817
1522587
1523911
1356910
1393819
1599379
1380039
1383917
1503914
1523873
1372146
1390391
1378266
1509371
1383891
1378284
1589302
1599372
1370389
1589300
1513805
1356911
1513884
1378391
1523679
1593913
1378261
1583912
1378285
1359854
1589307
1597875
1513912
1523972
1513807
1360344
1593814
1523978
1372147
1589308
1513910
1593816
1383890
1383918
1583897
1356916
1378282
1599371
1503915
1394966
1513885
1523914
1503919
1372319
1509372
1597876
1522585
1378275
1523913
1523971
1356919
1378274
1360391
1378260
1599374
1359853
1378272
1599375
1590391
1383919
1374951
1513911
1513806
1513804
1394968
1394965
1359852
1599373
1378288
1503916
1523901
1513882
1513803
1523979
1378281
1593919
1522586
1503918
1372318
1522588
1383911
1372317
1523970
1378263
1356918
1523678
1378283
1503913
1503653
1593912
1593819
1523904
1597879
1523916
1374950
1583917
1593914
1384952
1351382
1372149
1394967
1583896
1513917
1378273
1593810
1597872
1378280
1513809
1503917
1523902
1393917
1384951
1593911
1523919
1583894
1523677
1589306
1523976
1383910
1599376
1503652
1374953
1378262
1509374
1359851
1523977
1597878
1393814
1513886
1503651
1513808
1350767
1583916
1523917
1523910
1593818
1350391
1513802
1523915
1378270
1522583
1513916
1513881
1356914
1513880
1393914
1523872
1593811
1503910
1583892
1372148
1374952
1503650
1583910
1597871
1583895
1383914
1378265
1523974
1378279
1583898
1583919
1522584
1359850
1360849
1593916
1522589
1370768
1597877
1589303
1509370
1378289
1593910
1372145
1593917
1583911
1593812
1500391
1383894
1372315
1513800
1372316
1513915
1370391
1394969
1593813
1383912
1523871
1593817
1583899
1393918
1597870
1523900
1593918
1393910
1523918
1378278
1513801
1522581
1593915
1378268
1393915
1589309
1597873
1393911
1356913
1583918
1589304
1378271
1513883
1583893
1503911
1383915
1513914
1378277
1599370
1523903
1378287
1583914
1523912
1378264
1523975
1383893
1383916
1599377
1509373
1523870
1393816
1513919
