1372797
1597638
1581268
1361244
1581655
1371573
1591718
1581656
1597635
1599232
1350261
1382830
1581654
1587685
1591308
1363102
1599234
1382902
1508977
1501651
1581493
1581619
1591950
1587688
1521853
1599239
1591953
1372794
1382831
1581653
1591305
1382836
1382738
1597636
1591716
1510768
1371571
1599499
1382736
1382731
1371578
1520768
1591649
1597633
1582015
1371580
1382834
1369004
1501650
1591645
1382832
1367143
1591648
1382904
1599236
1371579
1591301
1350263
1581490
1382737
1591956
1350989
1581266
1382730
1591304
1382739
1382833
1582014
1501810
1371570
1581491
1382835
1588981
1350010
1355374
1591959
1591952
1367142
1599497
1597634
1390309
1360012
1353464
1350250
1521856
1582013
1587682
1599233
1508976
1353466
1371576
1599238
1392472
1369000
1355379
1581657
1581659
1591954
1382734
1392350
1363104
1372793
1581495
1363204
1380230
1591951
1591957
1597658
1382733
1501457
1587681
1591646
1371582
1590767
1355378
1382735
1382732
1372790
1581267
1591302
1581615
1591309
1581658
1390279
1371575
1591955
1372792
1350011
1581614
1597630
1355376
1353469
1580768
1599235
1581616
1581494
1372799
1511399
1581496
1587684
1508978
1367071
1590768
1355370
1587680
1599496
1392352
1581617
1597659
1372791
1372798
1350255
1581265
1371574
1599498
1500768
1350262
1587687
1508816
1591306
1587683
1350142
1382839
1365283
1521854
1521855
1597637
1355371
1581618
1382838
1392351
1353460
1363202
1591300
1597632
1587686
1511374
1581269
1591303
1581492
1591647
1599237
1363100
1382901
1591958
1599495
1597639
