1374617
1373454
1584697
1379636
1384549
1594656
1374685
1374699
1374690
1383668
1360486
1374545
1584518
1524643
1504541
1504645
1383662
1351265
1394548
1390368
1594655
1384615
1374611
1360469
1351263
1524544
1584543
1584545
1594658
1369454
1374693
1394646
1594542
1384542
1524644
1504540
1355542
1376363
1374614
1370469
1374682
1384543
1374547
1524562
1514549
1594589
1524545
1394645
1374619
1383663
1350454
1524645
1504642
1584517
1394540
1384612
1351264
1394547
1384544
1514548
1374692
1584544
1383664
1524540
1350369
1584516
1384613
1584515
1524546
1360369
1394546
1524646
1594659
1504643
1374684
1514547
1370454
1383665
1384619
1394644
1374616
1351268
1374540
1524647
1373453
1516451
1594587
1594653
1524541
1594654
1394643
1514546
1504648
1374695
1524542
1384545
1520454
1504649
1384547
1355543
1374613
1394641
1374546
1516450
1373452
1524547
1374686
1594588
1394543
1384610
1524648
1374618
1374549
1374681
1360454
1584698
1524563
1374689
1374694
1594543
1384618
1350469
1594540
1383667
1380365
1394649
1504646
1384616
1524642
1374680
1374542
1524649
1384548
1524548
1380367
1374548
1390454
1374541
1374615
1584699
1514545
1351266
1394544
1394642
1374687
1374610
1370486
1374697
1374683
1384546
1384617
1524549
1383666
1590454
1351269
1584519
1504647
1584540
1594586
1504644
1351260
1351267
1374543
1355558
1394648
1374696
1383660
1394541
1383669
1514544
1379635
1384540
1374691
1380366
1394549
1584541
1390364
1374612
1374698
1351261
1384614
1514542
1355559
1394542
1514543
1594657
1580454
1374544
1584542
1383661
1394640
1374688
1351262
1394647
1524543
1594544
1384541
