1564547
1301976
1319914
1320842
1311534
1309165
1313698
1559095
1563645
1300976
1303960
1564548
1554575
1327468
1563644
1321284
1309164
1308965
1327454
1315997
1314966
1559094
1563647
1564542
1563646
1554540
1311535
1303963
1308964
1300978
1320840
1860364
1313699
1563648
1321299
1320698
1560454
1303962
1559093
1311536
1315998
1564543
1320699
1567299
1322454
1564546
1329873
1308967
1559090
1554541
1320454
1310454
1554542
1564545
1559092
1320841
1305436
1564540
1560368
1328465
1329876
1308966
1860454
1303965
1559091
1564544
1323454
1315454
1313697
1306976
1310165
1564541
1320697
1303964
1325860
1311454
1567294
1301975
1322466
1328407
1860368
1864527
1325154
1328491
1312454
1309163
1864528
1564549
1314954
1322464
1308968
1306975
1325862
1328454
1319454
1569454
1321454
1313454
1567275
1311554
1309162
1563649
1554576
1308963
1321298
1306993
1325861
1303961
1300977
1314454
1308969
