1370638
1396348
1506634
1526349
1356170
1386342
1396349
1360544
1356347
1516341
1526342
1356171
1502088
1520634
1526344
1351634
1516343
1396345
1502089
1516349
1500681
1516344
1386347
1502086
1506340
1596560
1586634
1500634
1386344
1586340
1396347
1526343
1396343
1386346
1596385
1516634
1502087
1516345
1502085
1526346
1516340
1386341
1356349
1396346
1516346
1386349
1500680
1526348
1356174
1526345
1390634
1356340
1396341
1350634
1506341
1516347
1356173
1356172
1510634
1356342
1386340
1500682
1356346
1515409
1526340
1516348
1506342
1590634
1396340
1580634
1526634
1356345
1500683
1356341
1356348
1396344
1526341
1386345
1516342
1526347
1356344
