1561984
1561982
1559167
1328916
1860916
1306046
1569160
1306045
1561983
1300845
1559148
1860926
1566749
1308487
1323916
1559162
1569161
1559166
1566746
1559169
1559165
1309820
1566748
1569162
1559168
1320916
1559145
1303846
1311039
1559479
1559164
1325926
1308489
1325929
1325916
1320926
1561979
1569163
1310846
1569164
1559163
1559144
1559478
1309391
1314916
1302642
1559192
1566745
1308488
1560916
1552916
1309390
1320927
1300846
1559147
1328960
1311037
1561980
1309393
1303847
1328945
1327916
1561916
1325928
1311038
1328944
1328962
1310919
1559146
1561981
1325925
1311036
1320924
1309392
1559161
1566747
1559160
1309821
1325927
1320925
1303845
1321977
1328961
1569165
1310918
