1389264
1519162
1399265
1399161
1399267
1389162
1357167
1510916
1509173
1512954
1370916
1529165
1589167
1377283
1377282
1377221
1519161
1599196
1390916
1399268
1589162
1389163
1502946
1522916
1389161
1357260
1522994
1519160
1529166
1589106
1357165
1389268
1357164
1509146
1377284
1377220
1375980
1502954
1520916
1357160
1399260
1389267
1529163
1509161
1389165
1599183
1522946
1502936
1380916
1592942
1357161
1529164
1592959
1512916
1502979
1502916
1589146
1357147
1529162
1389269
1389260
1599146
1399160
1389164
1592950
1357162
1509179
1587730
1511496
1502977
1587753
1509187
1512986
1350916
1502956
1500916
1389261
1399261
1357148
1587759
1370026
1529161
1375981
1587736
1399162
1519192
1502986
1389167
1389262
1529146
1389263
1399264
1377280
1519165
1580916
1589163
1357169
1509165
1363027
1599186
1357163
1389160
1399263
1512958
1529158
1389168
1587747
1512969
1519164
1519166
1502966
1590916
1377281
1589116
1512976
1357168
1599106
1363026
1357166
1502949
1509124
1389265
1582986
1399262
1502976
1389169
1512946
1363020
1522966
1529160
1519163
1522978
1519167
1522956
