1520784
1507811
1517765
1387849
1370774
1376824
1517744
1517741
1360784
1397745
1373745
1507743
1387743
1370784
1355834
1507745
1397842
1397849
1587808
1527741
1507816
1390784
1387749
1397844
1527847
1527846
1387848
1527745
1397747
1527747
1397740
1387748
1517768
1527845
1376804
1527740
1363509
1507742
1376814
1527744
1363510
1390774
1500774
1373784
1527848
1373749
1397749
1373787
1587807
1527742
1387843
1507817
1517742
1397843
1387840
1517769
1507748
1507741
1363511
1373786
1373785
1587806
1397741
1397846
1351754
1587846
1387842
1387746
1397748
1387841
1378804
1387745
1517764
1373748
1363508
1355774
1517766
1527746
1397840
1387845
1517745
1373747
1580784
1507749
1507740
1387747
1527749
1587805
1373782
1351774
1360774
1587845
1373740
1387740
1397845
1587809
1397742
1517767
1355824
1520774
1507814
1378824
1378834
1355734
1387847
1373783
1387844
1527840
1507815
1507813
1397744
1373741
1587840
1510774
1527748
1373746
1507746
1363506
1527849
1350774
1527841
1373788
1587843
1373742
1373781
1380784
1387742
1517743
1397743
1507747
1587841
1351764
1387741
1350784
1355764
1355784
1507812
1527842
1351784
1373789
1363507
1373743
1373780
1378814
1527844
1527743
1397847
1587844
1397848
1590774
1507744
1355804
1527774
1510784
1517740
1380774
1387744
1397746
1355794
1527843
1397841
1373744
