1507445
1587446
1380744
1357447
1397440
1357442
1378797
1397449
1376218
1378796
1580744
1517442
1507446
1587445
1590740
1351744
1597442
1507447
1370744
1357444
1517441
1587444
1517448
1397444
1376219
1517443
1507441
1517449
1507448
1378744
1390744
1597440
1507449
1517440
1510744
1397443
1587443
1500744
1589744
1507440
1376217
1587440
1517446
1517444
1597444
1357449
1587441
1507443
1587442
1357441
1590744
1520744
1517445
1397446
1597443
1517447
1507442
1357446
1357443
1587448
1357440
1397445
1587449
1378934
1397441
1397448
1378795
1587447
1397447
1357448
1507444
1357445
1378794
1597441
1397442
