1555315
1327640
1325671
1307538
1569237
1315313
1306406
1328775
1310541
1315316
1320542
1322056
1315315
1314540
1565310
1325614
1555311
1561551
1325611
1325676
1315644
1325541
1300017
1315302
1325673
1569231
1329033
1321055
1306504
1315600
1865316
1301174
1315617
1329029
1306407
1315615
1303171
1328773
1865315
1315301
1325665
1325569
1325675
1328774
1315601
1560644
1566697
1325678
1328778
1321054
1307530
1569800
1555314
1566677
1303170
1566641
1566601
1325612
1865314
1318174
1860531
1325666
1328002
1327541
1322055
1315318
1555317
1306506
1315614
1307536
1300657
1325641
1566640
1320640
1555318
1306503
1325619
1307535
1566696
1328000
1300170
1327649
1328001
1328777
1321053
1569801
1327531
1555319
1560541
1320541
1560531
1555310
1328771
1306505
1306502
1314547
1325615
1325668
1325677
1322059
1318171
1325640
1324531
1865313
1307533
1328531
1315317
1325644
1325667
1321052
1325617
1329010
1329541
1303173
1322058
1561577
1555316
1322531
1329531
1300659
1329024
1321051
1561561
1301170
1318172
1300171
1300173
1307531
1324541
1321056
1566666
1306409
1566632
1317600
1325618
1865319
1561524
1324530
1315312
1328779
1328772
1307534
1561531
1306501
1308275
1324547
1306402
1315612
1318173
1300172
1325669
1306509
1321057
1322057
1325616
1561571
1306600
1320531
1317300
1865310
1315640
1325610
1327641
1566644
1325674
1314531
1325679
1315618
1303174
1310531
1307539
1306500
1315319
1308142
1306403
1329644
1865311
1328770
1322541
1328541
1329640
1555313
1306507
1315311
1315613
1324540
1315300
1323531
1325613
1301017
1308274
1325568
1306405
1325531
1314541
1555312
1321050
1320540
1325670
1315314
1865318
1865312
1301173
1560641
1865317
1329641
1321059
1307537
1300174
1315303
1329032
1300658
1327644
1325672
1569804
1560640
1306404
1328776
1315616
1306508
1561541
1315304
1321058
