1339640
1333513
1895316
1895411
1334510
1531556
1337640
1895410
1533127
1531411
1534531
1332513
1337541
1530541
1890641
1531559
1333516
1895413
1337051
1533541
1336102
1333515
1533996
1895311
1895317
1531410
1531513
1531885
1333512
1895314
1337059
1339531
1336108
1530531
1533641
1890541
1895412
1337052
1336104
1335669
1895415
1895319
1339641
1337053
1333518
1890640
1336109
1530644
1531531
1895315
1531511
1330541
1336106
1333511
1333517
1890644
1895313
1890531
1335667
1337054
1334513
1895318
1337050
1895414
1330644
1330531
1337644
1335541
1332512
1339644
1338640
1531884
1531883
1337055
1336107
1895310
1335531
1336531
1530641
1531510
1337057
1531512
1333510
1531557
1895417
1335668
1895418
1337058
1336541
1531882
1332511
1337056
1337641
1336101
1531881
1531558
1332510
1339541
1330641
1895416
1338644
1533124
1895419
1337531
1338531
1531541
1338641
1334512
1531555
1333514
1533640
1335666
1336105
1533128
1895312
1533995
1331061
1531412
1335665
1333519
1336100
1530640
1330640
1336103
1533531
1338541
1334511
1531880
