1396418
1516906
1386401
1515318
1585416
1596662
1370644
1386405
1585313
1506611
1526417
1506337
1596606
1355319
1365860
1396903
1596969
1386414
1586316
1509888
1516887
1360893
1586679
1526415
1505418
1526915
1580664
1526914
1357313
1386403
1357377
1505316
1515316
1516502
1509891
1386408
1379111
1506912
1506905
1526414
1509881
1395312
1506614
1500531
1516531
1506401
1350640
1585412
1516880
1525411
1358908
1506531
1505414
1585411
1509896
1396907
1527518
1379313
1586668
1885312
1596668
1516912
1390640
1596454
1516907
1509878
1520531
1505415
1585310
1519416
1380892
1582001
1596669
1357312
1516512
1596605
1380531
1516503
1385316
1595478
1506613
1585314
1355318
1525312
1386919
1586377
1585417
1527513
1396904
1516886
1506906
1509873
1358909
1509897
1365862
1516916
1525319
1515315
1506334
1596661
1596450
1358914
1365861
1509883
1505317
1360637
1509886
1596455
1358905
1500541
1594970
1506612
1506667
1505419
1526912
1506410
1395313
1595310
1358318
1590531
1385410
1516507
1509872
1585316
1525414
1510693
1596400
1519415
1516915
1396902
1525419
1506900
1385417
1585311
1596631
1506907
1585419
1585315
1396400
1506908
1510694
1515314
1516881
1502000
1509875
1580666
1380893
1585418
1510692
1586670
1586319
1519410
1525311
1370541
1885314
1516914
1516909
1506407
1527512
1358316
1505417
1516917
1506668
1516513
1520541
1596311
1506919
1586660
1385315
1379312
1506335
1527531
1596660
1370531
1506400
1589891
1396419
1586667
1396413
1526531
1386406
1358906
1509894
1525317
1510695
1516889
1506909
1370640
1596402
1596632
1596310
1506610
1580667
1516903
1509889
1596312
1525310
1516510
1516519
1586403
1591008
1506665
1365864
1595313
1396401
1355317
1505310
1506615
1596634
1526913
1516506
1390641
1586673
1515313
1506408
1360892
1510691
1595316
1586662
1396901
1395418
1515412
1379314
1396402
1509874
1350541
1505416
1506541
1586400
1386416
1380641
1596401
1885317
1358317
1515414
1586450
1509885
1506918
1506415
1596563
1358907
1502001
1386914
1390541
1585410
1370540
1357316
1519414
1505411
1350641
1516901
1509880
1506902
1525314
1595411
1509892
1515415
1586379
1385318
1355315
1527515
1506338
1586317
1596630
1510690
1526419
1505311
1395419
1506917
1505313
1510696
1515413
1516900
1591009
1516902
1509895
1390064
1396900
1580663
1580668
1519418
1527514
1596967
1586676
1506910
1351861
1586529
1525413
1586674
1515312
1516888
1386410
1396410
1358902
1527519
1506414
1369860
1586525
1525417
1506666
1580640
1390644
1390531
1516511
1510531
1386912
1595317
1515311
1589890
1385412
1596665
1526919
1395415
1526918
1525313
1885316
1509882
1885311
1516885
1516509
1357311
1525416
1506406
1509887
1596564
1357319
1395412
1586675
1385311
1505312
1510697
1599099
1525316
1380541
1386404
1580662
1591010
1595491
1385317
1378981
1509877
1396414
1505319
1585317
1506916
1516500
1516516
1386411
1515416
1379319
1595318
1360640
1358901
1516508
1396403
1586401
1586526
1506901
1505410
1360540
1580541
1379317
1516501
1506904
1395318
1526410
1506405
1509879
1379106
1396912
1506911
1390063
1500651
1586663
1510698
1395417
1526416
1596561
1527541
1525415
1351541
1358912
1595412
1516908
1395310
1516911
1586669
1506336
1885319
1516918
1515410
1586313
1509876
1358314
1379318
1516517
1586672
1385319
1586452
1390054
1585318
1596971
1580531
1357318
1585415
1357317
1386911
1596313
1586531
1885318
1515417
1505318
1885313
1510541
1379105
1350531
1599090
1396417
1580661
1380544
1519413
1516884
1596562
1596667
1519411
1510699
1358913
1385413
1386407
1506915
1526911
1527517
1586677
1506914
1386419
1516504
1396404
1358900
1516518
1396913
1505314
1385312
1595319
1385414
1358315
1396910
1526412
1515411
1525315
1516919
1385419
1516910
1595410
1345512
1520666
1395319
1519419
1509893
1500641
1516883
1519412
1525418
1590808
1506903
1386917
1516904
1595490
1395311
1586528
1526916
1505315
1515418
1358910
1386910
1506339
1516514
1506411
1586451
1885310
1596664
1505413
1396916
1586664
1509884
1396416
1586678
1506404
1396905
1586314
1396909
1516541
1386402
1596452
1586671
1516905
1386412
1585319
1525318
1509871
1509890
1585414
1395414
1396405
1515310
1506412
1357376
1586479
1582009
1527510
1357375
1527516
1396407
1506669
1369861
1515319
1506913
1596666
1385418
1526418
1526411
1586527
1596577
1386916
1580641
1580665
1516882
1516641
1596531
1519417
1385313
1525410
1396411
1509899
1582000
1516913
1515317
1585312
1515419
1350540
1500640
1396917
1509898
1506403
1526910
1595312
1596453
1596970
1506402
1527511
1516505
1526917
1509870
1586478
1595314
1586661
1395411
1505412
1596451
1386413
1379114
1526413
1586453
1388498
1358911
1885315
1586315
1516515
1525412
1378982
1596968
1585413
1580660
1396908
