1582712
1397121
1397128
1351723
1880276
1592707
1398613
1880277
1370712
1370715
1587235
1527182
1580715
1590278
1398627
1387101
1597207
1370714
1379709
1507128
1592629
1597221
1587174
1510712
1517242
1350713
1599745
1580271
1520715
1507104
1507117
1500711
1507246
1507103
1390863
1517233
1520710
1520711
1507236
1592731
1388604
1527181
1592768
1582755
1597144
1580273
1597213
1597212
1597294
1500275
1592754
1592724
1520274
1582753
1592720
1590710
1592764
1592703
1599423
1507135
1379703
1517142
1527183
1592722
1597204
1510713
1582762
1372012
1582742
1507142
1580714
1582734
1582727
1587146
1372019
1582737
1380027
1507136
1397120
1507149
1520277
1397108
1599748
1582708
1507247
1582733
1397169
1507122
1517145
1590279
1380715
1582768
1387115
1510278
1397129
1500710
1397115
1582715
1517147
1360718
1590717
1507102
1592706
1597142
1507141
1587182
1507127
1592741
1374071
1507237
1387139
1517247
1520270
1372011
1388611
1507109
1507242
1387112
1580713
1592755
1510273
1587169
1592631
1582754
1587241
1582702
1592621
1582726
1507137
1355463
1580711
1517234
1387159
1500274
1520273
1507112
1592702
1592713
1587148
1592730
1355431
1527190
1582763
1379702
1360717
1500717
1582761
1379701
1360713
1399556
1507238
1597205
1580272
1517144
1360712
1387120
1397133
1380865
1507110
1520272
1597141
1507130
1582760
1372025
1507147
1592714
1590272
1517235
1398616
1592638
1592649
1592742
1390717
1507248
1592643
1387129
1517240
1590718
1507111
1592728
1372010
1592729
1582735
1517241
1388616
1597291
1507101
1380714
1599427
1517253
1507231
1372026
1592701
1592705
1590711
1360716
1397104
1597148
1507119
1520279
1527180
1507140
1592751
1592632
1510714
1520713
1380717
1500718
1350715
1399550
1582709
1580275
1510715
1507230
1592700
1580710
1587147
1592762
1350714
1587242
1510272
1510275
1507138
1580712
1507241
1597219
1397110
1374072
1590277
1597215
1520714
1592740
1590276
1387128
1507100
1500277
1387138
1592736
1592721
1370718
1520712
1597220
1592712
1582745
1592715
1597206
1599746
1582740
1592743
1880278
1372017
1372037
1592760
1399568
1592648
1592750
1582764
1599425
1592634
1582750
1582743
1520271
1582700
1507249
1397146
1379700
1592761
1360715
1590714
1582757
1351712
1880279
1527185
1582706
1507120
1517252
1599743
1582720
1507129
1360711
1507240
1597299
1510716
1507148
1342980
1351728
1582731
1390071
1366723
1597149
1380860
1372023
1517251
1582707
1388606
1597292
1587149
1387132
1507108
1397103
1517239
1397124
1880272
1587240
1582717
1390864
1397102
1372027
1350712
1390719
1587139
1507107
1500715
1587135
1372016
1599426
1517237
1582765
1507114
1507139
1380716
1517244
1587178
1397160
1582721
1592753
1580277
1592711
1399558
1880271
1520278
1592735
1372028
1527184
1599428
1592726
1592739
1597200
1592626
1355443
1398607
1592745
1587176
1507232
1582751
1500276
1599420
1597216
1597150
1397162
1354590
1582730
1527187
1372022
1582703
1390715
1582756
1370719
1354587
1360710
1582744
1380869
1592716
1507146
1372021
1397166
1597214
1507239
1597293
1590270
1510717
1592641
1527186
1500278
1592717
1597209
1390714
1510277
1380719
1355466
1582716
1507113
1397161
1500716
1599742
1587177
1592769
1582748
1580718
1399565
1587239
1582729
1387127
1507116
1597217
1397126
1592633
1517236
1372015
1380868
1388618
1599749
1592759
1398617
1592744
1397116
1370710
1379706
1520718
1592646
1500714
1354536
1587140
1590713
1580719
1360714
1587136
1399552
1517238
1590274
1517250
1582704
1507233
1527194
1592636
1592709
1390865
1587141
1592727
1597201
1507131
1390718
1380710
1380711
1507105
1350716
1372035
1500270
1500719
1592710
1517245
1390713
1507145
1592765
1592627
1582738
1510710
1592738
1387102
1372024
1390862
1351711
1372029
1517150
1587173
1590271
1527192
1387125
1397118
1590716
1880273
1592733
1580276
1592647
1582705
1507132
1592752
1379707
1354588
1398611
1582728
1380718
1587180
1510274
1372014
1582747
1370711
1599741
1372013
1507123
1582759
1597218
1592732
1507234
1347624
1592723
1507118
1397125
1350710
1880270
1390712
1582766
1597297
1351727
1380867
1590275
1517148
1592758
1592737
1387116
1587137
1599747
1507115
1517248
1507144
1582722
1582749
1587238
1510276
1582719
1592766
1510279
1398622
1372038
1510719
1527193
1500713
1592624
1580279
1599422
1387103
1351710
1507245
1500271
1397100
1398629
1379705
1372034
1582758
1363869
1582741
1592635
1592628
1587144
1387100
1372031
1370716
1399554
1520717
1582767
1592746
1398624
1397119
1510711
1517249
1590719
1520716
1580270
1582723
1597296
1592756
1580716
1387124
1507133
1582711
1582739
1387117
1592639
1592725
1880274
1587143
1397167
1527189
1880275
1517254
1599421
1582718
1582701
1599744
1507126
1592757
1510718
1590715
1587179
1500273
1507106
1587237
1520275
1597202
1582746
1500712
1517231
1380074
1587243
1388602
1592718
1517243
1387118
1350718
1517232
1582725
1597143
1597145
1372039
1517246
1520719
1379708
1587168
1592708
1398628
1507244
1380864
1580278
1390711
1370717
1507143
1597298
1592623
1500279
1592630
1582713
1587236
1399553
1387114
1510271
1372030
1597222
1398614
1387111
1507124
1387123
1397101
1379704
1517149
1351725
1592747
1527191
1597146
1398619
1590273
1582752
1517141
1597208
1597295
1587138
1599424
1517143
1599740
1510270
1520276
1507235
1355468
1527188
1582769
1582736
1582724
1597210
1592719
1597203
1592748
1398606
1592749
1354539
1372018
1360719
1380713
1390710
1372033
1370713
1592645
1397109
1592644
1388603
1592767
1507243
1592640
1507134
1517146
1587171
1507125
1592704
