1365729
1355425
1397106
1354524
1355451
1361863
1354507
1355467
1369734
1369732
1363867
1355412
1398626
1592622
1354519
1363864
1354504
1355430
1354503
1362868
1355441
1362729
1362727
1355408
1362724
1354506
1355423
1354529
1363866
1366729
1355411
1355438
1365987
1362720
1365726
1365984
1369735
1355432
1361860
1355448
1397105
1355422
1354523
1363863
1354505
1355401
1355439
1365985
1355410
1363862
1362867
1362721
1363861
1355402
1354520
1397150
1365727
1365721
1354525
1354512
1355427
1362710
1355462
1355426
1362861
1355420
1354534
1355400
1354535
1361865
1364722
1364723
1355453
1355421
1354500
1365720
1366724
1354513
1355403
1354591
1355435
1362714
1362722
1361866
1362866
1355442
1355429
1354511
1361862
1354526
1362711
1354586
1365982
1354514
1366715
1366710
1366716
1355405
1362725
1366713
1364721
1355437
1355416
1365724
1355404
1355418
1362864
1355409
1355452
1365989
1354527
1355434
1380861
1380862
1362869
1365980
1365983
1362865
1362712
1363860
1364720
1354509
1355415
1354515
1366717
1355419
1362728
1355445
1355444
1355413
1354518
1365725
1355428
1366722
1354528
1363865
1365981
1354589
1354538
1365986
1362713
1366712
1354522
1355436
1366719
1354516
1354510
1366726
1355465
1361864
1361861
1362723
1355449
1354502
1354537
1365723
1355414
1355450
1362862
1366718
1355447
1354517
1355417
1355424
1354508
1354521
1355407
1355406
1355440
1363868
1380863
1365728
1365988
1362860
1354501
1366728
1369733
1362726
1599429
1355464
1355433
1362863
1355469
