1554908
1327706
1300710
1314717
1311434
1552735
1300714
1308063
1323719
1326066
1562363
1329708
1329793
1562917
1300612
1316418
1562321
1329415
1312519
1314712
1326069
1562345
1301647
1316412
1554905
1329664
1307272
1308068
1552753
1316415
1560719
1860717
1552707
1316321
1562905
1301649
1552760
1552750
1323710
1329702
1567165
1552752
1552746
1562360
1567162
1312509
1552733
1569718
1567156
1860713
1320714
1321277
1552787
1562310
1552774
1324718
1562320
1313569
1324713
1562317
1327790
1312998
1308065
1552724
1562385
1552747
1307275
1308062
1312500
1316329
1326062
1552737
1301803
1552709
1562381
1562338
1552782
1310069
1552797
1300618
1560718
1329795
1321270
1562337
1860273
1310067
1323711
1562359
1321273
1860271
1329798
1316326
1562904
1316328
1314711
1301641
1860718
1316413
1329707
1323718
1562372
1314718
1316419
1329666
1329652
1329661
1552761
1552718
1562903
1562910
1301800
1560716
1312501
1552710
1562309
1552748
1329700
1562380
1312517
1552734
1320717
1552723
1316335
1323712
1552738
1562382
1552773
1562332
1310068
1562346
1567157
1327791
1326050
1569716
1569715
1329651
1327709
1860716
1562330
1562387
1552788
1326061
1307274
1329654
1300715
1552751
1552745
1329413
1329709
1562916
1300619
1552717
1329791
1860710
1560862
1324715
1329658
1562373
1316411
1321278
1860274
1567158
1552789
1307120
1316325
1562907
1326064
1567168
1567164
1324712
1562336
1860715
1562333
1310070
1303512
1562386
1562361
1327704
1327708
1312993
1562902
1316327
1860272
1309888
1316336
1326056
1552775
1310063
1308067
1562322
1329669
1552758
1311438
1300639
1329663
1562388
1552721
1312991
1329414
1562347
1316334
1554907
1562318
1562911
1312990
1562919
1314714
1320716
1552767
1326068
1562358
1552796
1307278
1552762
1326059
1301640
1312514
1562319
1329790
1552730
1552786
1316410
1316324
1307279
1560863
1552790
1860275
1554941
1567167
1562308
1552712
1552791
1567166
1554945
1326055
1562371
1562366
1324719
1560717
1301071
1552700
1562348
1562394
1316337
1329660
1562906
1552780
1552727
1327792
1329792
1560710
1562343
1329418
1562376
1552764
1320719
1310071
1552740
1312992
1313565
1552703
1567169
1552739
1312503
1329656
1562913
1552755
1562396
1554904
1552704
1567159
1562353
1312505
1560715
1329412
1562313
1562397
1860276
1562908
1562349
1562304
1324714
1329667
1300713
1314716
1316339
1562918
1326065
1312515
1552722
1552785
1301643
1562901
1308064
1321275
1562303
1552728
1860270
1562370
1312502
1320718
1554944
1554940
1326057
1562352
1562302
1301642
1327793
1316333
1562377
1562900
1309886
1562342
1329653
1562328
1562325
1562312
1312995
1567161
1329797
1312512
1562395
1562389
1329417
1552783
1311439
1562323
1327794
1316330
1552781
1552711
1310072
1552705
1552798
1329799
1552769
1316322
1552715
1314713
1552701
1552763
1552756
1562305
1329411
1329662
1562331
1321272
1569714
1552714
1562909
1307276
1562367
1552779
1323714
1552729
1560714
1310064
1552778
1311436
1329657
1562341
1316332
1562355
1320712
1312504
1327795
1329410
1860711
1562399
1327799
1327705
1562324
1314715
1552793
1552743
1326474
1552771
1326053
1562392
1552742
1562315
1301644
1308066
1309887
1562350
1312513
1552720
1316338
1308069
1324711
1560711
1301807
1562306
1324717
1312518
1552784
1562329
1554947
1562912
1311437
1562378
1552792
1552741
1554943
1552757
1329665
1307270
1562390
1554906
1552706
1326473
1326470
1562364
1552768
1562369
1313566
1560713
1300614
1567160
1316323
1552766
1562340
1552713
1300718
1307277
1301077
1301645
1860719
1562354
1320710
1326067
1313567
1326060
1312997
1552702
1562307
1552719
1312994
1552772
1562379
1552744
1560865
1329703
1312510
1562300
1329794
1308061
1327798
1301804
1316416
1552799
1323716
1326054
1316331
1562351
1552716
1562327
1320713
1562915
1562398
1562334
1554946
1567154
1316320
1329659
1552776
1300071
1567163
1562365
1326472
1314719
1562368
1554942
1316414
1562362
1562391
1560712
1327796
1329655
1309884
1329416
1562356
1562374
1329419
1562301
1312511
1310066
1552731
1562314
1329706
1321274
1329668
1562383
1312516
1552765
1310060
1312507
1554949
1562393
1552754
1552726
1562914
1321279
1552749
1326063
1562326
1316417
1301648
1312996
1327797
1312506
1329650
1552759
1560864
1562384
1300717
1320711
1301646
1309885
1326058
1329704
1307273
1327703
1562335
1326051
1326052
1320715
1552708
1310065
1329796
1312508
1313568
1311435
1860714
1308060
1326471
1562311
1307124
1327707
1562316
1309883
1562375
1324710
1552795
1552732
1569717
1860712
1562339
1329701
1552770
1312999
1552725
1554948
1562344
1552777
1567155
1324716
1329705
1562357
1552794
1552736
1310061
1321271
