1347612
1398602
1587181
1507121
1387122
1397158
1372032
1387151
1347626
1347618
1587172
1346998
1347610
1398625
1399555
1592637
1347685
1347611
1343719
1397130
1590712
1397112
1343717
1343710
1388605
1398600
1597290
1592763
1597211
1347601
1398615
1397122
1399567
1347619
1582714
1347628
1397156
1347704
1347609
1388601
1397157
1388612
1399557
1587170
1387121
1398608
1397123
1347613
1387131
1592625
1355454
1397159
1387153
1397117
1587175
1580274
1592620
1347607
1388617
1347614
1387140
1351719
1350717
1388609
1350711
1347621
1398621
1398612
1348709
1397111
1340716
1592734
1351729
1387152
1387126
1387143
1397131
1343713
1397152
1347615
1340711
1399566
1399560
1372020
1351721
1580717
1347606
1388615
1387113
1399551
1347623
1347708
1387137
1387155
1387145
1397142
1351726
1343728
1398623
1399563
1582732
1397148
1351722
1346996
1387142
1397114
1350719
1582710
1500272
1399562
1587145
1347625
