1334344
1897160
1532718
1338756
1331713
1897137
1337786
1534710
1897108
1532728
1331712
1899565
1899552
1533710
1532737
1532711
1339605
1339604
1897140
1330862
1337787
1533725
1532729
1339716
1898618
1897121
1533727
1890862
1336728
1533720
1897149
1334995
1530714
1897112
1890714
1533718
1334992
1334343
1899562
1330714
1897126
1338755
1898624
1338763
1897162
1532722
1897161
1533782
1897142
1898619
1899555
1890718
1334990
1897107
1897136
1330710
1532736
1532743
1533715
1332970
1334347
1333999
1330719
1338757
1331715
1897127
1339718
1337788
1899554
1897167
1334342
1897120
1898610
1533712
1338754
1890719
1530711
1339715
1897135
1898601
1898611
1334346
1899563
1897169
1530863
1533716
1334989
1532733
1339607
1897148
1897154
1532724
1532744
1898627
1897143
1897134
1532735
1334341
1899557
1330712
1338762
1897147
1530712
1897106
1897133
1532716
1339717
1890864
1331710
1532742
1530717
1898600
1533589
1334988
1334996
1331716
1898625
1897113
1897104
1533719
1533713
1339606
1532745
1899560
1330716
1532725
1533728
1330717
1334349
1334997
1898608
1334340
1530719
1532732
1898617
1533722
1897114
1532727
1898603
1338761
1897146
1897141
1339608
1338753
1330711
1532717
1897155
1530864
1897164
1338750
1897144
1897123
1334987
1333998
1899561
1898616
1331718
1898622
1533714
1532719
1339710
1897153
1532726
1334998
1898609
1336724
1330715
1897115
1897163
1334348
1338760
1533721
1897103
1534711
1897145
1897105
1338751
1898602
1330718
1532740
1331717
1897166
1897122
1898623
1899551
1530718
1897131
1899558
1897156
1532741
1898615
1530715
1897125
1334984
1533724
1532714
1897152
1899564
1897116
1334999
1890863
1898606
1899550
1533711
1339719
1332971
1339711
1890710
1897157
1532721
1898607
1897158
1336725
1898628
1890717
1338759
1334986
1532734
1897132
1330865
1337789
1338752
1897130
1532715
1330864
1898620
1899559
1897138
1532730
1533729
1530716
1336726
1334983
1532713
1897117
1532739
1331719
1890711
1897124
1897102
1898614
1897151
1898604
1338766
1339712
1332972
1533723
1532738
1897100
1339609
1897109
1339714
1532720
1898613
1897110
1532731
1338758
1334985
1890713
1530710
1899553
1897119
1897139
1332973
1899556
1897150
1897128
1897165
1334358
1530862
1897159
1334991
1337785
1338764
1530713
1890716
1338765
1532710
1530865
1334993
1897168
1532712
1890715
1533717
1533726
1334994
1898621
1890865
1338528
1897118
1897101
1334345
1330863
1330713
1336727
1897129
1898612
1890712
1898605
1897111
1331714
1898629
1532723
1331711
1339713
1898626
