1341963
1341964
1342984
1343715
1347680
1347604
1343716
1597147
1341956
1347679
1347684
1343729
1342986
1341965
1341952
1347620
1341957
1343718
1342985
1340713
1347627
1348708
1347600
1340719
1347683
1341958
1342988
1347602
1347686
1346999
1343711
1341966
1342981
1347622
1341950
1341951
1347703
1340718
1340715
1347616
1387104
1347706
1341959
1346995
1343726
1347629
1340712
1347702
1346997
1343712
1340717
1341968
1341967
1341960
1342987
1351720
1347608
1343725
1342983
1348707
1341961
1347705
1341953
1342989
1347700
1347681
1347701
1342982
1387119
1340710
1341969
1347709
1341954
1343714
1347605
1341962
1347707
1341955
1347603
1340714
1343727
1347617
1347682
