1568114
1328151
1321994
1567681
1552059
1306018
1328154
1568198
1310815
1552857
1308448
1552056
1552853
1311816
1328155
1568122
1567686
1308641
1321948
1568111
1568197
1552852
1567688
1568112
1315845
1568119
1568121
1568196
1311817
1308826
1568110
1310816
1303568
1552855
1567687
1552058
1321993
1308449
1325844
1309604
1328140
1309623
1321998
1568124
1322823
1568194
1568117
1315446
1568123
1328153
1311818
1300649
1315886
1325845
1321999
1560826
1308827
1860815
1325843
1860808
1552055
1567684
1552054
1560825
1300648
1860816
1308810
1568115
1860809
1552854
1310814
1568013
1315887
1568195
1311819
1310811
1568118
1315445
1328157
1552053
1567682
1567685
1309612
1315889
1303569
1568190
1328152
1560901
1303567
1325842
1322839
1309649
1301814
1315888
1568193
1306019
1560811
1320827
1320829
1315444
1309648
1301813
1303566
1552859
1308640
1568192
1568116
1568012
1328156
1328150
1328159
1567680
1568113
1322824
1568191
1303563
1320828
1568120
1321997
1567689
1568014
1321995
1552850
1306017
1569295
1303565
1567683
1552057
1552851
1552858
1310819
1568199
1309617
1569294
1860814
1308811
1308825
1310810
1328158
1303564
1552856
