1399014
1588165
1588284
1389011
1379576
1377814
1588461
1389014
1377805
1354843
1518237
1588378
1500816
1598366
1528162
1350810
1377810
1380811
1522841
1588466
1528113
1589264
1519626
1508216
1588379
1598460
1518240
1588467
1518238
1351831
1355084
1598462
1590822
1518234
1588164
1377813
1528169
1522840
1500817
1592820
1598469
1588465
1398110
1518241
1398929
1598365
1398111
1588460
1350812
1518235
1598468
1377816
1588143
1518232
1518244
1508217
1589249
1589267
1588166
1589263
1528161
1598440
1598368
1398117
1377802
1390901
1528163
1389013
1528117
1399011
1522839
1598295
1598361
1398116
1398114
1398012
1519624
1519625
1598461
1588282
1588163
1377808
1522838
1518162
1598369
1518165
1500818
1399012
1522845
1377803
1518168
1588142
1598367
1518144
1399017
1588281
1598360
1528118
1500819
1355082
1518239
1528115
1528164
1528160
1528110
1355899
1522831
1590824
1390811
1508218
1589262
1528167
1598362
1389017
1355081
1377800
1588280
1518169
1522837
1588287
1518242
1377811
1518230
1508219
1528168
1590821
1522833
1598465
1589266
1528165
1522832
1360811
1528116
1589261
1398113
1518247
1519622
1389010
1588288
1528166
1399015
1588169
1389019
1377801
1588279
1589265
1598296
1398928
1356842
1588375
1588289
1518245
1522830
1588468
1589260
1389045
1588278
1518166
1377806
1518233
1528112
1588285
1518145
1388119
1522834
1398927
1370812
1388118
1519623
1388111
1518167
1522844
1598441
1377809
1528119
1399018
1388110
1598364
1592821
1356826
1522843
1588463
1389015
1518164
1500815
1388113
1598467
1589259
1377812
1518231
1588277
1379595
1398119
1399016
1389016
1388115
1519629
1360812
1370811
1590823
1389012
1356827
1522842
1398013
1350811
1518243
1518249
1588469
1519628
1588464
1522835
1588377
1388112
1598464
1528114
1518161
1588286
1598466
1588167
1590820
1588162
1354844
1373070
1580816
1588462
1588168
1399013
1351830
1377817
1522836
1588161
1518248
1588283
1508215
1398014
1518246
1528111
1518160
1519627
1518236
1389018
1370096
1388114
1377804
