1335099
1339838
1337816
1334089
1334088
1899017
1898112
1330901
1898929
1899010
1533135
1338810
1898114
1898013
1335097
1899013
1335095
1898928
1332088
1530832
1898115
1899012
1898012
1335094
1898116
1339849
1530831
1339836
1530830
1532820
1330811
1335096
1890811
1335002
1899015
1333089
1339835
1898117
1899014
1333088
1333090
1530811
1339839
1530834
1335001
1334090
1532811
1338811
1898111
1530833
1898118
1899018
1332089
1532822
1890901
1337815
1899019
1532821
1898110
1530901
1332090
1898119
1899011
1335000
1335098
1898113
1899016
1898927
1339837
1532823
1898014
