1310338
1329227
1553184
1863181
1325324
1325329
1553187
1323184
1329058
1553183
1563285
1323183
1561280
1313182
1551267
1301014
1325321
1313181
1569048
1313188
1563318
1553186
1863186
1327331
1553182
1563181
1313180
1313243
1303185
1563186
1561283
1553181
1325327
1551265
1325322
1303184
1310308
1563289
1863185
1863180
1329229
1313189
1310279
1563189
1553185
1561282
1563287
1313242
1563286
1308454
1329226
1860318
1327330
1310328
1553180
1323181
1863188
1553318
1553383
1553384
1301209
1327333
1329220
1304318
1323189
1323182
1309119
1301327
1313240
1310278
1553188
1553382
1313186
1313187
1563183
1863187
1551268
1563184
1553189
1563187
1329222
1563180
1310277
1325328
1313184
1327332
1553380
1303183
1329228
1313241
1323187
1323188
1309118
1553381
1569018
1329221
1325325
1308180
1308181
1329223
1863183
1310275
1551266
1561284
1313185
1323180
1309117
1310318
1323186
1329225
1325326
1327334
1863184
1303182
1569492
1569019
1551269
1310276
1325320
1563185
1560318
1325323
1329224
1563182
1563288
1863189
1863182
1313244
1551229
1323185
1313183
1561281
1300147
1563188
