1393180
1503081
1512786
1512785
1383187
1378417
1378483
1358268
1378594
1513189
1510328
1593381
1513282
1583318
1502882
1513180
1507683
1519481
1378488
1580318
1393286
1517548
1593137
1583048
1593082
1373052
1513087
1517581
1503184
1513287
1378588
1383383
1383184
1378028
1503087
1593382
1512789
1593138
1393287
1512780
1507584
1507548
1517580
1372283
1512788
1503183
1502877
1500338
1593039
1512782
1513086
1593083
1580328
1378583
1583287
1583384
1513286
1517584
1517583
1383387
1351308
1513280
1393289
1393288
1580338
1507685
1503086
1512781
1593037
1513083
1510318
1503180
1590328
1512783
1380318
1517582
1393280
1507583
1500318
1583284
1383386
1502876
1513184
1593380
1519480
1513289
1383380
1517585
1509749
1372281
1503182
1378586
1383188
1507586
1360318
1378486
1503084
1513082
1583281
1502878
1383381
1523308
1383181
1378589
1390318
1513185
1390328
1513281
1593086
1513288
1383389
1517586
1378487
1378484
1583328
1350318
1507585
1502879
1378448
1523318
1513085
1378587
1583286
1383388
1523300
1393283
1510338
1507581
1520318
1583180
1378584
1393182
1372282
1593136
1513182
1523329
1507682
1503085
1502880
1513285
1513187
1517587
1375458
1583283
1383186
1513084
1503082
1513284
1510038
1508148
1520338
1507587
1393284
1517588
1593385
1383183
1503181
1593230
1593318
1393183
1393281
1383385
1513186
1373053
1383189
1383180
1593243
1593231
1593383
1393282
1503083
1583382
1370318
1507681
1513181
1507580
1373135
1502881
1513283
1583285
1378582
1583383
1517589
1590318
1513183
1393285
1507588
1351318
1503080
1513089
1383182
1378585
1378048
1393181
1383384
1593242
1378485
1383382
1593087
1513088
1512787
1378418
1520328
1358248
1503318
1373136
1512784
1500328
1372280
1503185
1593038
1373137
1383185
1507582
1593384
1507589
1375444
1523328
1507684
1513188
