1580904
1389915
1390998
1519980
1357932
1509901
1510998
1356537
1589404
1529952
1580998
1357907
1519985
1519933
1377984
1389911
1527613
1389914
1389918
1356538
1377948
1519982
1500146
1357933
1370998
1357906
1519984
1502633
1389917
1527606
1529951
1377971
1519983
1527603
1589405
1502632
1356539
1357934
1357905
1510905
1527612
1527605
1502631
1527604
1527611
1500994
1509902
1529953
1588688
1502634
1377972
1510904
1589406
1589400
1377962
1527609
1589407
1377949
1527645
1519986
1500307
1399909
1509939
1500149
1377973
1509900
1389910
1500998
1589408
1377988
1502630
1527610
1399964
1399963
1519987
1527644
1589401
1527607
1520998
1377989
1519930
1599923
1519934
1357909
1527602
1519931
1588689
1500309
1590904
1357930
1399908
1500999
1520906
1500147
1589402
1590998
1519988
1356566
1519935
1356565
1389912
1357908
1527608
1519981
1527601
1389916
1500308
1357931
1519989
1519932
1356567
1599924
1500155
1589403
1389913
1500148
