1503584
1583439
1523586
1513586
1375389
1583582
1383475
1593583
1390358
1513580
1503535
1593588
1583437
1513589
1359340
1399483
1383401
1513581
1359339
1399482
1590358
1523589
1513548
1383583
1503582
1583438
1583422
1583436
1503534
1513584
1372093
1383436
1583586
1359338
1383584
1583583
1523583
1375382
1380348
1583589
1503427
1375334
1393401
1399484
1593587
1503583
1500358
1383476
1351358
1523588
1373416
1593580
1503538
1503428
1375381
1350358
1383585
1503537
1583588
1503425
1503581
1593586
1513587
1375339
1399481
1375384
1513527
1393589
1510358
1393580
1593519
1503580
1513546
1583517
1503536
1503539
1513582
1383435
1580358
1583516
1503426
1593518
1359343
1393588
1375338
1383580
1393581
1375337
1513585
1593509
1583424
1513549
1375383
1523582
1593585
1359336
1593517
1583519
1393582
1373415
1393587
1593516
1503586
1513588
1583585
1513544
1583435
1513526
1393583
1503429
1366368
1375387
1513583
1372092
1359337
1583580
1520358
1393436
1383582
1393586
1383474
1375380
1375359
1375385
1359342
1503587
1593508
1523580
1393584
1593581
1513529
1375386
1513547
1583434
1375335
1583518
1583581
1503588
1583584
1523584
1399480
1393435
1503585
1383581
1523587
1375388
1393585
1513525
1593584
1513545
1375336
1503589
1583423
1372090
1583587
1523585
1593582
1513528
1359341
1523581
1593401
1372091
