1552575
1553438
1563580
1569868
1553437
1329394
1553588
1328367
1569867
1553580
1563581
1552580
1329378
1311118
1328358
1552581
1863585
1863584
1553649
1863583
1553585
1553581
1553436
1329367
1313464
1552579
1553435
1553645
1552578
1553644
1313324
1303707
1553584
1553434
1329384
1563583
1863582
1322358
1323358
1309757
1563582
1863581
1553647
1551358
1553642
1863580
1860358
1552576
1553433
1315298
1310008
1309758
1553648
1309667
1329458
1553587
1553643
1315278
1552577
1563587
1553646
1550358
1311121
1563588
1303709
1310358
1553432
1308038
1563586
1320358
1329465
1553586
1563589
1552584
1553641
1553589
1553640
1303708
1553430
1329358
1863586
1553582
1552583
1313348
1560358
1552582
1303347
1553439
1313338
1563584
1313308
1563585
1329366
1553583
1553431
