1598091
1598085
1885923
1377994
1385998
1885928
1580593
1571065
1585926
1586071
1595922
1360603
1585925
1525921
1515926
1390060
1526024
1595944
1571156
1377998
1885922
1390600
1598092
1395018
1596080
1515924
1525928
1588021
1386045
1525923
1528028
1528025
1598077
1390605
1508032
1525924
1580591
1598084
1506077
1595920
1385008
1598093
1395001
1360602
1377993
1380602
1580594
1586070
1571062
1372088
1580592
1885929
1386019
1516071
1596022
1585923
1595939
1506071
1885925
1379974
1515920
1380603
1571061
1528026
1598586
1395006
1515929
1372087
1386040
1395019
1516004
1525927
1598585
1395017
1571154
1516072
1588027
1386011
1508033
1598580
1395002
1360608
1595929
1380062
1570591
1525929
1598582
1585929
1885926
1390602
1598094
1386010
1377465
1598080
1598082
1515923
1588022
1595924
1506074
1379979
1516073
1598083
1585920
1508034
1596039
1885924
1359950
1598075
1585924
1528023
1386041
1571060
1385006
1598081
1506070
1515928
1586076
1506075
1596025
1395003
1516005
1571155
1360609
1510595
1885927
1515922
1379925
1506073
1588020
1386044
1351597
1516002
1595923
1571063
1380605
1598581
1360607
1571068
1598095
1595937
1395004
1385993
1571152
1571069
1516074
1588025
1595945
1515921
1386018
1386016
1596037
1525922
1385004
1395000
1395009
1528024
1395925
1510596
1379927
1596084
1379978
1506072
1377467
1385005
1386046
1571150
1598584
1571153
1379977
1596021
1510597
1586075
1360097
1385994
1380607
1595926
1585922
1598587
1360606
1380601
1385003
1596038
1385999
1528022
1526020
1395014
1588028
1395924
1516003
1516009
1528029
1585921
1377469
1385000
1586077
1596029
1385997
1395010
1526022
1588026
1516000
1359992
1571066
1598078
1571159
1598089
1380606
1359954
1586074
1571151
1596083
1525920
1885921
1508030
1516008
1528021
1516001
1340071
1586078
1598098
1385009
1386048
1598589
1586073
1596081
1506078
1598097
1595936
1516006
1377996
1386014
1595938
1395016
1598087
1596035
1585928
1595927
1379929
1571067
1516070
1526021
1571158
1571064
1598088
1586072
1360600
1598090
1595928
1596023
1385002
1379984
1525925
1588023
1372089
1380608
1516007
1515927
1596020
1380600
1596036
1395008
1598079
1595935
1588029
1585927
1596027
1571157
1586079
1588024
1528020
1528027
1506079
1596082
1885920
1598099
1510598
1598076
1570592
1510599
1508031
1598588
1379973
1515925
1580590
1506076
1390603
1525926
1380059
1526023
