1565925
1306306
1307480
1305524
1306305
1306308
1303084
1565946
1301595
1565983
1307487
1565982
1565929
1323500
1565927
1301594
1321592
1325598
1312445
1566592
1301592
1315922
1860592
1306243
1860502
1565928
1327500
1321501
1301593
1315923
1560609
1307486
1565926
1325506
1300394
1322507
1305543
1327602
1305521
1322596
1560692
1305520
1303089
1315920
1322508
1303087
1565998
1307485
1315925
1319408
1300393
1566583
1560697
1329078
1305551
1327592
1311059
1320592
1319407
1327502
1315921
1322503
1329592
1566598
1307484
1319409
1307488
1315926
1860609
1328597
1328592
1560690
1860692
1307482
1300398
1306304
1565945
1315927
1565981
1305592
1306303
1325594
1307489
1569592
1300397
1566506
1560592
1305550
1301039
1322592
1303088
1305587
1325590
1321594
1307483
1321502
1327696
1311093
1327504
1305523
1306244
1300399
1300390
1560695
1301591
1560600
1323592
1307481
1310143
1321591
1566589
1311092
1560502
1860600
1565980
