1895927
1895016
1334838
1332878
1336592
1895019
1530609
1335838
1334043
1331385
1330602
1890605
1338592
1339503
1895002
1895921
1895928
1332830
1895926
1890602
1895011
1534592
1339404
1330603
1332879
1895003
1895010
1895929
1530504
1895920
1335839
1339502
1890601
1336590
1339406
1337692
1890604
1895004
1339599
1332876
1895013
1339405
1332832
1890600
1336504
1895922
1895012
1895005
1330601
1333846
1534598
1331384
1333836
1337698
1895009
1895923
1332840
1895014
1895000
1332841
1533752
1334837
1332877
1339507
1333845
1895015
1895001
1895924
1330600
1530592
1890603
1530502
1339505
1530692
1332875
1895018
1337592
1330604
1330605
1332831
1895007
1530600
1331370
1895925
1331386
1895008
1334839
1530698
1895006
1895017
1339501
1335837
