1509070
1397212
1350726
1387228
1592772
1379731
1379754
1587209
1597158
1398667
1502713
1397232
1592795
1502714
1592782
1379750
1388656
1354566
1379744
1350862
1592651
1397239
1399762
1597274
1502707
1387231
1597159
1582777
1509083
1502715
1517115
1592659
1379737
1379751
1582775
1387225
1597275
1527245
1509074
1527172
1387239
1502700
1592791
1388664
1354542
1582663
1379730
1527232
1592774
1398664
1592650
1379748
1359385
1527249
1398670
1590721
1354582
1397211
1397231
1379739
1502706
1509075
1582651
1397215
1517116
1359380
1517114
1592660
1398673
1397234
1527246
1509082
1527231
1597160
1388657
1397214
1527173
1582658
1359389
1527247
1517118
1502701
1388659
1354541
1354581
1399756
1592784
1354580
1387221
1502716
1592773
1390861
1379729
1592790
1502709
1387238
1387233
1379738
1592788
1517117
1592797
1379728
1592775
1397216
1399763
1397213
1527248
1370721
1597273
1509076
1502717
1387230
1350725
1582660
1592662
1387236
1502708
1379755
1527235
1527244
1582653
1592798
1592656
1387241
1398668
1399755
1387223
1397233
1355460
1592789
1399764
1397210
1387227
1527234
1354565
1388658
1592776
1582773
1587211
1379746
1387240
1359382
1379749
1502703
1398665
1517120
1592783
1587214
1509077
1379727
1592661
1502710
1582650
1592796
1387237
1582662
1527243
1509084
1502711
1379740
1359386
1592664
1582656
1397238
1582664
1527233
1379747
1527236
1379741
1592799
1399758
1592778
1502702
1388661
1582772
1387235
1379726
1592655
1582659
1354578
1587213
1527241
1597161
1582655
1582665
1582778
1509073
1387232
1390721
1582771
1359381
1509078
1387242
1387220
1517111
1587212
1592786
1397237
1502705
1527230
1592777
1387224
1387234
1379734
1388660
1388663
1500721
1399757
1387229
1502712
1592770
1592663
1398671
1379752
1379735
1360721
1592787
1399760
1379733
1527242
1592658
1582657
1582652
1592793
1387243
1520721
1379753
1397236
1582770
1509079
1517110
1380721
1587215
1379743
1509072
1517119
1582779
1398672
1527238
1350861
1592652
1502704
1387226
1527239
1359388
1398669
1509081
1592785
1359384
1397235
1350721
1359383
1399761
1388655
1379736
1387244
1592771
1517112
1517113
1359387
1580721
1592780
1388662
1510721
1379745
1399759
1509071
1592781
1592794
1587210
1592657
1379732
1379742
1582654
1527240
1509080
1397230
1582774
1527237
1582661
1592779
1582776
1592654
1387222
1592792
