1898671
1897239
1897232
1338719
1534724
1332977
1897211
1898665
1331059
1333974
1339722
1897234
1330721
1534722
1533587
1534723
1898670
1897233
1330861
1333973
1897212
1338720
1899586
1898673
1898667
1899585
1898672
1897236
1339600
1336716
1890861
1334973
1532779
1897210
1534725
1338768
1897235
1331058
1898664
1897238
1334974
1890721
1897230
1337790
1530721
1897215
1534726
1532776
1899583
1334975
1331722
1532769
1897237
1898666
1331758
1897214
1533417
1899584
1339721
1334350
1897216
1532777
1898669
1533416
1331721
1334351
1532768
1897213
1532778
1338718
1533415
1898668
1897231
1332976
1530861
