1326466
1567143
1309422
1562946
1867164
1557161
1560721
1327732
1557208
1313578
1304094
1320728
1304092
1310079
1562984
1326463
1560861
1557214
1554900
1562982
1557207
1557145
1322765
1557218
1320729
1557162
1860721
1557200
1557163
1326464
1327731
1557144
1557219
1554903
1313576
1304091
1562983
1321726
1562985
1557215
1567146
1557201
1557206
1311431
1322764
1860861
1557164
1557167
1557202
1327716
1313579
1304090
1326461
1322762
1327737
1326468
1562980
1325721
1557212
1557216
1554901
1303533
1311430
1327733
1557205
1304710
1325716
1323560
1562987
1557166
1303532
1567138
1557165
1326462
1304711
1327738
1557203
1867168
1308510
1326460
1322763
1557217
1557211
1562981
1562986
1326467
1557213
1321716
1567139
1327734
1320727
1327735
1569721
1329420
1557168
1311719
1567144
1313577
1322768
1557204
1323561
1303531
1308511
1309830
1329711
1562945
1314721
1309424
1309421
1567136
1303530
1567147
1311718
1326469
1562944
1327736
1567141
1557169
1313575
1557210
1567137
1322767
1557146
1562988
1324729
1309831
1309420
1326465
1557160
1322769
1554902
1567140
1311717
1567145
1309423
1567135
1567142
1557209
1327730
1557147
1322766
1321729
1304093
