1523898
1384984
1523980
1363986
1378104
1394976
1503983
1593985
1383984
1394975
1393989
1597831
1523987
1393812
1589029
1597833
1513985
1583980
1503648
1593982
1597834
1374981
1593987
1583984
1393981
1593986
1593687
1384981
1374984
1503984
1589028
1503647
1513984
1360381
1394977
1597832
1523897
1523982
1583987
1363987
1593981
1593988
1383982
1380398
1583981
1370764
1523896
1523840
1583986
1384980
1378398
1393811
1503645
1523988
1393987
1390398
1384982
1363988
1583989
1593984
1593989
1583982
1523895
1393810
1597830
1513980
1513982
1593688
1394978
1378102
1503646
1360340
1503989
1513815
1393983
1393988
1503982
1523890
1523989
1393985
1363989
1383981
1523842
1378103
1593983
1383987
1583983
1393986
1523891
1513816
1513981
1513983
1589025
1593686
1523983
1523894
1503981
1378100
1503987
1363982
1356960
1383980
1370381
1523893
1593685
1523841
1513817
1363984
1513989
1378101
1356961
1513988
1523899
1503980
1523892
1580398
1503649
1523984
1583988
1513987
1523981
1374980
1393980
1503988
1523844
1363983
1370074
1394979
1503986
1513818
1589027
1523985
1503985
1383985
1384983
1589026
1374983
1513986
1513819
1590398
1523843
1500398
1593689
1523986
1393982
1583985
1374982
1593980
1356962
