1325392
1308707
1325399
1328398
1860398
1551620
1560398
1564975
1551629
1316384
1551634
1564979
1553988
1563987
1313798
1303037
1553989
1551621
1551628
1310398
1554427
1325398
1325397
1551788
1551627
1314056
1563989
1554426
1325395
1313748
1563985
1551622
1329849
1551625
1554425
1327308
1303034
1553985
1329848
1563981
1324323
1325396
1563986
1553981
1551626
1551631
1327309
1569080
1563864
1324324
1563980
1329091
1325393
1553980
1563982
1553984
1564976
1325394
1329828
1560397
1303036
1327398
1329827
1551633
1313749
1553983
1563983
1303035
1329084
1551624
1553987
1863978
1564977
1563984
1553982
1329829
1553986
1551632
1566439
1551623
1303038
1563988
1551630
1313797
1564978
1863979
