1300924
1566328
1564135
1554277
1300925
1323810
1305013
1305010
1315413
1313035
1305019
1320425
1325275
1313413
1860423
1328413
1319413
1569894
1564138
1564134
1560493
1320413
1305018
1313032
1566329
1300926
1308131
1305012
1313036
1323813
1305016
1564137
1554132
1308130
1303070
1860413
1305014
1305015
1564136
1569893
1305017
1301966
1313034
1569413
1320424
1323695
1313031
1322413
1327423
1566326
1301965
1564131
1560413
1315423
1566327
1321413
1310413
1313037
1564130
1325274
1564139
1313030
1312413
1303071
1327413
1569423
1554131
1308134
1560423
1313033
1564133
1323413
1308133
1308227
1310423
1305011
1308228
1325276
1554130
1564132
1308132
