1394137
1594137
1374130
1589830
1524134
1584233
1514136
1594130
1374230
1384139
1384133
1524234
1584232
1589832
1390493
1504134
1513410
1359155
1513411
1594138
1394130
1514133
1384132
1504080
1384239
1374233
1350423
1504238
1504133
1584234
1524237
1514139
1504138
1389834
1370413
1524235
1513413
1514132
1384238
1394139
1374138
1374232
1390413
1500413
1350043
1589833
1584131
1389831
1394135
1370013
1514138
1594136
1359154
1394231
1584235
1504139
1374132
1584130
1384134
1394235
1504239
1580413
1374135
1384233
1589834
1384237
1394234
1374234
1350413
1590413
1384135
1504237
1589835
1384138
1513412
1394238
1594135
1584132
1584138
1524232
1584237
1374237
1584230
1359153
1389833
1384236
1514130
1524130
1374235
1394233
1384235
1524233
1504132
1514131
1584139
1384136
1380413
1524238
1510413
1504130
1504236
1584133
1394237
1384137
1584134
1584236
1524131
1504131
1514135
1584231
1589839
1394133
1374236
1504084
1374134
1384230
1584136
1524132
1524230
1370493
1589836
1584135
1394239
1384131
1380423
1514134
1360413
1584239
1504235
1380493
1504137
1374137
1524231
1594133
1524133
1594139
1589837
1594132
1394132
1374238
1589838
1374136
1374239
1374139
1384130
1589831
1524236
1359157
1390423
1584137
1524239
1584238
1394131
1504136
1594131
1394138
1594134
1514137
1374231
1384232
1394232
1384234
1359156
1504081
1504083
1504135
1504082
1374131
1389832
