1892735
1339202
1899810
1892360
1339200
1339255
1892736
1336088
1899813
1332264
1899811
1533821
1331636
1335267
1532308
1892361
1336087
1892834
1892737
1899812
1331635
1336089
1890262
1330262
1335261
1532307
1338068
1533820
1534747
1336086
1338065
1335279
1892739
1330265
1331634
1335268
1892730
1335262
1330266
1331637
1339256
1336041
1336042
1892364
1337752
1892836
1892473
1892731
1335263
1530752
1338066
1892365
1336040
1892835
1890266
1331633
1335265
1335278
1532309
1892732
1534745
1336085
1892833
1336084
1331679
1892738
1892838
1892474
1339203
1331638
1335264
1892733
1332262
1335277
1335266
1892837
1892832
1532213
1331639
1336083
1892362
1338069
1339204
1331678
1892363
1532306
1890265
1892831
1532214
1892734
1331677
1534746
1339201
1338067
1335260
1335269
1892839
1892830
