1355621
1581541
1511328
1350225
1501807
1508929
1372508
1350228
1392833
1591776
1591389
1355620
1581257
1500752
1382424
1511327
1508933
1379452
1597611
1382547
1597617
1522060
1522074
1580752
1382998
1382991
1511891
1581198
1511898
1355342
1581254
1598652
1390266
1392730
1522063
1511329
1581540
1581256
1581633
1591937
1352803
1591637
1392835
1501860
1508924
1372500
1511904
1581642
1382992
1591387
1501609
1372506
1392364
1591775
1581195
1501600
1582073
1392735
1353217
1508930
1501603
1511330
1511897
1597623
1522071
1508927
1379454
1522059
1353215
1511903
1501495
1352804
1522066
1581250
1581641
1581190
1350017
1581639
1511892
1371961
1522062
1501749
1581259
1371968
1501748
1501606
1352801
1581648
1501868
1581539
1581634
1372507
1382999
1390265
1581253
1392830
1591938
1350018
1355626
1392734
1511322
1392831
1591779
1501607
1371965
1511902
1382993
1380983
1392474
1511906
1522072
1501869
1392365
1522065
1597618
1392838
1522069
1371969
1598653
1587525
1522056
1597615
1581258
1392837
1598659
1581647
1581538
1371960
1581196
1597616
1501497
1352802
1522061
1351669
1382990
1581630
1581545
1581536
1598654
1581640
1355623
1581251
1597619
1355629
1501866
1355628
1379456
1581649
1522070
1581191
1508932
1501980
1508925
1597621
1371962
1581193
1392473
1587524
1501605
1587520
1501747
1522068
1511907
1351668
1392832
1511900
1375156
1380969
1581535
1591639
1511324
1587526
1581537
1508922
1350907
1511331
1511909
1598656
1598658
1350223
1581252
1511323
1581985
1355624
1587523
1511899
1501494
1350243
1380247
1591385
1501867
1379076
1392739
1581199
1581631
1591388
1597620
1589952
1581194
1598657
1501981
1501604
1581544
1582070
1351667
1392363
1581546
1501602
1353211
1511325
1511321
1379458
1350908
1581986
1371963
1598655
1508928
1379455
1522058
1379457
1511908
1522067
1363195
1350242
1508923
1590752
1510752
1582071
1363191
1501888
1589951
1390262
1392834
1350222
1587522
1379078
1587528
1587527
1352807
1581547
1511901
1392839
1382994
1501864
1501399
1372503
1350229
1392738
1597613
1379450
1375155
1353214
1350257
1520752
1508931
1350221
1392731
1511320
1501865
1508934
1511326
1589954
1501808
1363194
1511894
1352809
1380235
1581987
1372502
1352805
1581192
1597612
1392732
1501398
1591641
1587521
1581548
1591638
1582074
1598699
1598650
1589950
1392362
1382995
1380286
1372501
1508920
1581543
1363197
1501809
1511893
1350226
1589953
1352800
1392737
1508921
1355625
1581638
1587529
1363193
1350220
1501887
1382996
1511895
1591386
1501862
1598695
1508926
1522073
1581637
1382541
1353212
1581635
1392361
1355341
1350227
1380966
1501397
1581542
1581255
1501861
1581644
1379451
1392733
1380287
1581549
1372509
1392360
1382997
1581988
1581197
1597624
1363192
1598651
1501806
1511896
1511905
1591935
1379459
1363196
1501601
1591640
1597610
1591939
1522057
1581989
1501608
1522064
1598698
1582072
1598696
1501863
1591777
1501982
1392736
1392836
1591936
1371967
