1353218
1369270
1368072
1353164
1368077
1365275
1369284
1366953
1369285
1368076
1353170
1353627
1354278
1353168
1354272
1369273
1368083
1353210
1368073
1369280
1369282
1369275
1353630
1368085
1354274
1343764
1597622
1369272
1366952
1353629
1361040
1368070
1369274
1368086
1361041
1369281
1369283
1354279
1353632
1368087
1368071
1369289
1353634
1353165
1581632
1341477
1365279
1366954
1352808
1353167
1581636
1353626
1353216
1581645
1365278
1353174
1361042
1353631
1368088
1353920
1361043
1369288
1342299
1362299
1343761
1369276
1353171
1362279
1368081
1369287
1362049
1353219
1353628
1362048
1368082
1360010
1353921
1368080
1368079
1369277
1362278
1353172
1353166
1365277
1361044
1368089
1353163
1369286
1353625
1353161
1353160
1353922
1366958
1354275
1368078
1353169
1369271
1368074
1369278
1352806
1368084
1365276
1366950
1354276
1353633
1354270
1368075
