1581643
1366959
1342803
1342296
1343772
1341454
1343765
1348056
1342162
1341301
1341469
1366956
1343354
1342169
1343775
1341452
1341312
1354273
1343188
1342802
1341319
1343353
1341462
1354277
1375158
1342290
1343187
1341309
1379453
1366957
1342168
1342295
1341457
1343773
1341470
1341460
1353162
1343344
1341451
1341479
1343774
1363198
1341314
1348059
1348058
1343348
1375159
1341461
1343341
1355627
1343186
1341304
1342167
1341450
1341458
1341310
1341478
1342160
1342298
1341313
1353173
1341307
1343342
1342804
1355622
1342297
1343356
1341471
1343185
1342240
1363199
1342165
1341463
1597614
1343350
1343766
1348055
1341472
1371964
1353923
1341302
1375157
1343357
1355344
1372504
1342166
1343767
1355343
1341473
1343340
1366955
1343779
1342243
1341456
1354271
1341466
1501496
1342294
1343347
1343778
1341465
1342806
1343768
1591636
1341464
1341455
1343349
1341474
1342163
1363190
1342801
1341308
1341300
1343769
1343760
1342164
1348053
1591635
1341305
1343777
1342809
1341468
1341306
1342241
1343345
1353924
1341475
1343352
1343763
1366951
1371966
1341459
1355340
1342800
1341453
1343346
1341476
1341303
1343770
1342161
1342244
1343762
1343771
1341311
1343351
1341467
1343189
1343343
1591778
1342293
1343776
