1301845
1328623
1324936
1307520
1324931
1324656
1324235
1312637
1566043
1305952
1313838
1316071
1322630
1301057
1311263
1306827
1305956
1316078
1312639
1321752
1301846
1326793
1314361
1562731
1566018
1328629
1324613
1326790
1311262
1314305
1306820
1313839
1328624
1316077
1305950
1324617
1326794
1314347
1314362
1562730
1307521
1328621
1325752
1316076
1324614
1324618
1306824
1320233
1301843
1307529
1314306
1867608
1313836
1312635
1860752
1311261
1300574
1313837
1324612
1328814
1322632
1322915
1306823
1307522
1305951
1560262
1562737
1311260
1316075
1312634
1301844
1314307
1566041
1301842
1562733
1328627
1306825
1320232
1325062
1311267
1313830
1313834
1300575
1312633
1314303
1316074
1311268
1314300
1562732
1867578
1566019
1328628
1562735
1324611
1328816
1314309
1328815
1322916
1325061
1312632
1300572
1313835
1305955
1313831
1328620
1320234
1307523
1569752
1301841
1320230
1322633
1566042
1562739
1325060
1314308
1316073
1313832
1324236
1311265
1305954
1306821
1560265
1328625
1320231
1324610
1301840
1312636
1324930
1311340
1566017
1562734
1312631
1324932
1562736
1319280
1316072
1328818
1300573
1313833
1325063
1322634
1324615
1322958
1560266
1307525
1326791
1306829
1311266
1311341
1328626
1312630
1311264
1328817
1307524
1300570
1319281
1307528
1322631
1307527
1314360
1305953
1867577
1306822
1316070
1566040
1324616
1328622
1300571
1306828
1326792
1562738
1324619
1322959
1316079
1306826
1312638
