1351350
1593427
1383502
1393443
1393509
1375306
1513503
1513500
1360350
1503443
1511057
1399415
1399412
1593505
1593502
1511058
1583429
1399410
1359321
1513502
1523501
1593432
1383400
1399419
1583507
1399409
1523500
1511050
1593503
1345300
1393400
1375303
1503444
1510350
1383449
1583506
1375304
1393507
1593504
1511055
1583566
1503445
1500350
1503446
1393506
1354676
1520350
1583567
1399417
1523503
1366360
1503447
1511056
1583508
1583427
1593430
1511054
1393505
1399406
1590350
1375301
1380035
1375302
1383505
1383508
1593428
1593429
1593431
1380344
1580350
1583509
1511053
1503448
1393444
1375307
1399416
1359322
1399405
1383500
1393500
1393504
1375300
1383504
1513501
1583428
1583501
1583408
1383507
1354677
1503501
1393501
1583500
1503449
1350970
1359323
1383501
1523502
1393503
1399411
1399408
1593426
1399413
1583426
1583409
1593500
1503500
1393502
1593501
1354670
1511051
1383509
1511059
1399414
1383503
1399418
1511052
1399407
1375305
1593400
1359320
1359324
1390350
