1311110
1863504
1315284
1323350
1551316
1304441
1863501
1313310
1552567
1304442
1551350
1329393
1552566
1863502
1303702
1551319
1863503
1313340
1563504
1329350
1551320
1313334
1322350
1563501
1320340
1569864
1328350
1552569
1309903
1553501
1563505
1553505
1329362
1308030
1328365
1315270
1551321
1303701
1560350
1553500
1551322
1329361
1552568
1309657
1329463
1551323
1553503
1552563
1328360
1563506
1553504
1863500
1569863
1551318
1329360
1563507
1315290
1552562
1563500
1309767
1860350
1563503
1553507
1551317
1323340
1329450
1563508
1311120
1310010
1553502
1552565
1329461
1553506
1310350
1563502
1553508
1322360
1550350
1552564
1551315
1313320
1320350
1553509
1303340
1313460
1329460
1563509
1551324
