1503452
1393556
1372095
1500355
1513550
1590355
1393430
1583559
1383557
1583552
1359327
1513559
1593436
1523555
1359326
1590345
1399462
1399469
1593589
1359325
1583515
1503554
1583553
1510345
1503556
1583558
1593553
1393550
1393429
1393405
1399465
1520355
1503451
1523554
1593554
1503555
1580355
1366365
1593439
1593551
1510355
1399461
1513553
1399466
1393555
1350975
1593438
1393558
1383559
1372096
1383550
1593405
1523550
1399464
1593555
1383477
1399463
1383556
1523553
1513552
1593552
1366345
1373425
1399468
1383558
1513556
1393557
1372094
1373424
1523552
1383478
1583551
1503558
1520345
1383405
1390355
1383479
1513557
1354675
1523551
1383554
1523558
1593550
1503553
1399467
1393554
1383552
1503559
1393559
1359329
1583550
1503552
1513554
1593435
1500345
1523559
1383553
1383555
1373423
1593434
1503551
1593437
1390345
1583557
1513555
1583554
1503450
1523557
1583555
1359328
1393552
1523556
1383429
1503550
1513551
1350355
1513558
1583556
1399460
1580345
1375350
1503557
1583514
