1553452
1553417
1553552
1553458
1553414
1552537
1553467
1552516
1553616
1552531
1553619
1553468
1553455
1553418
1553610
1329355
1563554
1301546
1553419
1553457
1551314
1552539
1563557
1551355
1315295
1553413
1323335
1309756
1553454
1313305
1322365
1553465
1553618
1552532
1320345
1553611
1323339
1306806
1860355
1323334
1553557
1323338
1552518
1313465
1553456
1310345
1320985
1323345
1551313
1311125
1310355
1553411
1552515
1553412
1323337
1552533
1313315
1552517
1313335
1560345
1553551
1551312
1309656
1553556
1329395
1553410
1313345
1309666
1553554
1563553
1300807
1301536
1320355
1323336
1563555
1563558
1552534
1863552
1300806
1551311
1310005
1553550
1329385
1563550
1303346
1560355
1863555
1553559
1310015
1553614
1863554
1553555
1550355
1313325
1552536
1303806
1329375
1563551
1553450
1563552
1553617
1553615
1319115
1552598
1315285
1329455
1553558
1552535
1863553
1309766
1302806
1569860
1860342
1553612
1311115
1553451
1552519
1563556
1860343
1569861
1551310
1863551
1553613
1315275
1553453
1553469
1552538
1553459
1569846
1553415
1553466
1569852
1553553
1552599
1563559
1323355
1302807
1553416
1863556
1308035
1863550
1322355
1329370
1552530
