1307948
1566358
1564076
1554179
1324394
1307943
1305066
1307940
1313417
1564075
1300931
1564178
1554176
1566357
1554172
1323827
1305060
1564177
1310420
1313055
1312417
1307941
1314793
1566359
1554173
1564074
1323673
1564174
1569871
1564171
1305061
1310417
1305069
1554177
1301985
1313057
1305062
1307945
1564172
1560497
1305068
1322417
1315417
1566355
1564176
1301984
1554287
1305063
1554170
1307944
1554171
1314977
1313059
1566354
1554103
1312429
1564079
1566353
1564072
1860497
1564070
1321417
1307947
1554286
1569428
1313056
1566360
1328417
1560407
1564073
1564170
1307946
1564071
1308173
1564175
1569872
1560417
1564078
1554285
1308170
1305065
1323824
1323672
1308229
1327417
1323417
1308172
1305064
1323699
1300932
1564179
1566356
1860417
1308171
1323826
1313058
1564077
1319417
1314971
1307942
1307949
1554178
1554174
1554102
1324393
1305067
1300930
1569417
1320417
1554175
1860407
1564173
1301093
