1584172
1524138
1510417
1512420
1384077
1584179
1504176
1584078
1374076
1370407
1389875
1580417
1500983
1584079
1350417
1384070
1513425
1514074
1384076
1594071
1594173
1584175
1504175
1584178
1584174
1504178
1360417
1594074
1394071
1594174
1394075
1518415
1594072
1584076
1514075
1500986
1374175
1384075
1594179
1374074
1594073
1384073
1394072
1374170
1513422
1520418
1380417
1524178
1584176
1584077
1584177
1504174
1504274
1394076
1590248
1590241
1389821
1518417
1514079
1514077
1374178
1390407
1514175
1524177
1520417
1394073
1594170
1584075
1514173
1384072
1594079
1504272
1384074
1394077
1374176
1512423
1514174
1514172
1504170
1513424
1394074
1394078
1518416
1514076
1389781
1374075
1374179
1514078
1594078
1584171
1504179
1504273
1389874
1500987
1390497
1374173
1514177
1584074
1584073
1500985
1504171
1514070
1594172
1514171
1374171
1350047
1514178
1512424
1370417
1504172
1500417
1504270
1584072
1590417
1584071
1500984
1520419
1513420
1594171
1514170
1514071
1514072
1594175
1390417
1514179
1513423
1584070
1513421
1370497
1374174
1594178
1512422
1374078
1524139
1351417
1384078
1384079
1369417
1584173
1504173
1594070
1504177
1504271
1389876
1590497
1594076
1594177
1584170
1514073
1594077
1374073
1594176
1512421
1374172
1389877
1374177
1394070
1514176
1594075
