1308761
1327914
1561960
1320196
1566739
1559227
1302646
1306032
1309395
1315236
1315235
1860923
1559130
1569139
1327961
1308763
1559133
1559242
1559137
1306033
1559245
1559248
1320198
1300852
1325920
1552913
1559224
1320918
1308762
1566732
1569132
1561961
1311034
1303843
1325906
1868196
1559249
1327964
1310910
1566738
1309813
1559237
1328141
1327913
1559193
1569133
1559630
1561913
1559633
1320199
1322003
1303840
1561966
1327960
1559233
1860924
1566735
1309398
1327963
1314913
1311033
1559240
1328942
1559226
1559229
1309812
1561967
1559632
1315237
1569134
1561964
1569131
1327965
1322829
1310911
1303841
1569136
1560918
1325909
1309814
1309399
1325913
1559243
1311032
1559131
1559221
1569135
1561969
1300853
1559238
1566730
1559235
1327966
1559241
1310913
1559199
1559134
1306043
1311030
1310912
1315238
1860925
1559231
1561968
1561965
1315239
1566733
1311031
1559220
1559634
1306031
1559631
1309396
1566731
1559246
1327967
1321982
1559232
1559223
1322005
1320195
1569138
1561963
1322004
1559228
1322793
1559138
1302641
1566737
1559225
1559222
1309397
1559247
1306030
1327968
1559236
1320194
1569130
1559139
1561962
1569137
1559239
1325907
1310847
1566734
1310965
1327915
1320197
1559135
1309394
1308760
1559230
1860913
1560913
1325908
1310964
1566736
1559132
1327969
1320913
1328913
1327962
1311035
1559234
1559244
1300843
1323913
1559136
