1582983
1389146
1350913
1357273
1509127
1582919
1377272
1529134
1592966
1389132
1389250
1519137
1519138
1399169
1375969
1592988
1592926
1589153
1522993
1522983
1399168
1502943
1580913
1357234
1582943
1357274
1500923
1389133
1375964
1519139
1377276
1509113
1599139
1357232
1399237
1399234
1357270
1357154
1529193
1587764
1377275
1363678
1599113
1519183
1357237
1363677
1389130
1372074
1592908
1512989
1529133
1592923
1512991
1589103
1357153
1372067
1372056
1520913
1389144
1511493
1389231
1399231
1389138
1582942
1502953
1399167
1522996
1599130
1380913
1589158
1389131
1529132
1399166
1357271
1357135
1375962
1512981
1363685
1389230
1357152
1589104
1377278
1599129
1512984
1372066
1389259
1522964
1375966
1529131
1589133
1592943
1522953
1357235
1592971
1389237
1389238
1389255
1357134
1399235
1389145
1509139
1529139
1500913
1512973
1589108
1377271
1399233
1375965
1399165
1357137
1377277
1529135
1512913
1390913
1357230
1509130
1399238
1389233
1389137
1389256
1509103
1512992
1399236
1519131
1589132
1592933
1389254
1357238
1502971
1370913
1522913
1389235
1587768
1399154
1357136
1509164
1502933
1599117
1389136
1502983
1519193
1389257
1512943
1357233
1519130
1357151
1529143
1590913
1357150
1519134
1592927
1509123
1502963
1592984
1522973
1399163
1375968
1389232
1370923
1510913
1509168
1509182
1357239
1357236
1372057
1599149
1529137
1512933
1389258
1372078
1522963
1502958
1389135
1357138
1519135
1599193
1512967
1389253
1375967
1377274
1529138
1399232
1592913
1582915
1529136
1360923
1357132
1357131
1587743
1592903
1399164
1519133
1357231
1529130
1357139
1592967
1592904
1357130
1389234
1389252
1389134
1377273
1502965
1502913
1357272
1399239
1519136
1389251
1509143
1522943
1592975
1512955
1587733
1589154
1357133
1375963
1589143
1519132
1509116
