1591823
1591346
1368012
1368021
1342700
1365221
1354983
1364048
1361046
1368019
1342003
1368013
1354982
1354988
1368020
1352821
1368011
1353176
1364047
1362038
1597607
1580013
1354980
1361049
1365222
1368010
1352820
1364046
1364045
1354981
1353201
1354986
1362039
1353175
1361048
1353206
1365220
1368025
1591463
1341609
1368016
1364041
1342557
1362037
1362270
1354992
1368017
1368026
1354991
1353185
1364043
1368027
1353178
1368024
1364040
1353205
1365223
1343578
1368023
1353177
1364044
1368014
1354990
1368028
1353184
1342147
1353209
1364042
1353180
1353187
1354989
1342002
1368015
1364049
1368029
1368022
1353179
1368018
1361045
1354987
1361047
