1591728
1352824
1353207
1597602
1352815
1382399
1356062
1591462
1363110
1501801
1511338
1392533
1591341
1581319
1591336
1522089
1392812
1591331
1379417
1501615
1501954
1520761
1352817
1508999
1392335
1380076
1382277
1501734
1382271
1392495
1509989
1352713
1580018
1372610
1591344
1370235
1587605
1508991
1379072
1522090
1379418
1591725
1591345
1588988
1580010
1511911
1581999
1392532
1352716
1353203
1511335
1591827
1392450
1382274
1392813
1501882
1501611
1371568
1372611
1382279
1382477
1379416
1591727
1392531
1392334
1371557
1591729
1354380
1356065
1501450
1359098
1501500
1379070
1501955
1591461
1501614
1581998
1501617
1590764
1501883
1511337
1392451
1359087
1354382
1581939
1591348
1370237
1352814
1511336
1511912
1382275
1508998
1591828
1581317
1379419
1380269
1591469
1392494
1587608
1501453
1392537
1590009
1591826
1382476
1591464
1510761
1511332
1356066
1380968
1508997
1352715
1359088
1581316
1501802
1591821
1352822
1590001
1580014
1370304
1363118
1392819
1392530
1380265
1522091
1591335
1587602
1591825
1510760
1380987
1392493
1591343
1359086
1382393
1587607
1591332
1370236
1508994
1352813
1511910
1580012
1582053
1501616
1392814
1352718
1392330
1581933
1581938
1370303
1591824
1392333
1501952
1581934
1501979
1587609
1591347
1581315
1501991
1590002
1392538
1587678
1588989
1597605
1581572
1522092
1356060
1382276
1591822
1392491
1371558
1590765
1372600
1356067
1597608
1501612
1371562
1581310
1591466
1392818
1390259
1352717
1580760
1501619
1353204
1392492
1359094
1382394
1392332
1392815
1580015
1382392
1501733
1582052
1501978
1508996
1370253
1370246
1591340
1353208
1501613
1590003
1581314
1382395
1511339
1588920
1392535
1359091
1370238
1382473
1511915
1392817
1511334
1590007
1597606
1581311
1587600
1392499
1591724
1587604
1359099
1581995
1352811
1392539
1581937
1382397
1370252
1522093
1501800
1352710
1392331
1382391
1352825
1591337
1582051
1580761
1363116
1501732
1501803
1501610
1372609
1501451
1590006
1501618
1392810
1370245
1508992
1591723
1372614
1382273
1581313
1392536
1372607
1392498
1380266
1511916
1501950
1370239
1392816
1591726
1581936
1581570
1359092
1353200
1354383
1379074
1382396
1591468
1370251
1508995
1581312
1382479
1356064
1590004
1501951
1522087
1581571
1353202
1356069
1501730
1382272
1520760
1371561
1370278
1511333
1587601
1590761
1382390
1597603
1390282
1591334
1591465
1587606
1522086
1591820
1501990
1580019
1379415
1511913
1392497
1597609
1359097
1360034
1511914
1580017
1590005
1508993
1370250
1352823
1501956
1591460
1382398
1352827
1382278
1500760
1582050
1591342
1591467
1522088
1370230
1501731
1587679
1356063
1590000
1581318
1597604
1501452
1581997
1372612
1392490
1392534
1371566
1372603
1360033
1590760
1392811
1382270
1392496
1508990
1372613
1581996
1359082
1587603
1591829
1359089
1370279
1597600
1352714
1580016
