1562531
1322912
1325008
1301874
1322609
1867602
1324900
1324223
1328635
1322608
1311297
1326764
1323259
1323255
1562536
1301875
1311393
1314854
1314402
1300554
1324605
1326763
1307864
1314404
1300550
1867603
1306815
1306813
1326760
1308585
1560282
1306816
1324606
1323238
1321760
1311392
1324904
1322910
1323237
1860760
1307867
1328691
1867601
1301872
1328639
1566003
1560259
1562533
1311394
1562530
1328634
1324938
1311294
1323257
1308588
1323239
1566008
1324901
1323253
1324601
1301873
1300555
1307866
1314400
1324903
1318921
1867600
1307861
1311295
1307869
1566002
1328694
1569760
1328633
1323258
1323254
1307860
1314401
1325048
1562535
1306818
1324602
1325009
1308589
1328630
1301055
1300553
1308586
1326761
1324902
1324222
1566005
1306810
1562538
1311292
1314851
1307863
1306817
1314850
1323256
1562532
1328692
1326762
1311293
1328638
1324603
1300552
1306811
1322606
1307868
1324221
1311291
1307862
1306812
1325760
1301876
1314853
1311298
1318920
1324600
1323234
1311299
1569761
1307865
1328637
1324604
1566004
1562539
1323235
1323236
1311290
1325049
1566007
1314852
1321112
1324937
1562534
1311391
1322607
1324224
1306819
1311390
1314403
1562537
1308587
1328693
1328690
1328636
1328631
1324220
1566001
1566006
1328632
1311296
