1339290
1331840
1892492
1332690
1533827
1530761
1898856
1892534
1338045
1892499
1332699
1331842
1892535
1339291
1892493
1892815
1331829
1332695
1899878
1898859
1334647
1892491
1892814
1892819
1331841
1336015
1892536
1532392
1898858
1332697
1339293
1332696
1339292
1892490
1532365
1334648
1532395
1330259
1892818
1892817
1336014
1338044
1532394
1892530
1892810
1336013
1532393
1892496
1332693
1338088
1892539
1337760
1530760
1332694
1892816
1334645
1339257
1892497
1892330
1892811
1532391
1334649
1332691
1898855
1330282
1331826
1892531
1332291
1892331
1334646
1331825
1339294
1533826
1334644
1892532
1339258
1533825
1331827
1338089
1892332
1892494
1332698
1532396
1892451
1332290
1332692
1532390
1892538
1338087
1890282
1339259
1892813
1530764
1334643
1892333
1892334
1892450
1890259
1533828
1331828
1892812
1892495
1892537
1898857
1533829
1892533
1892498
