1352816
1341604
1342049
1342030
1342558
1341531
1341541
1353188
1342553
1359077
1342544
1342022
1371567
1352818
1342282
1343572
1352829
1359090
1359075
1372605
1580011
1342021
1343575
1345097
1353182
1581935
1341534
1341603
1342029
1345094
1343216
1341162
1342144
1343215
1341539
1342149
1342040
1342701
1342004
1342141
1356061
1342039
1342280
1597601
1343573
1342547
1359074
1591333
1345099
1342042
1342006
1342702
1341167
1342033
1341160
1345091
1342020
1356068
1342047
1371556
1342555
1353189
1341540
1371569
1342028
1501953
1342546
1359080
1342549
1341168
1343217
1342703
1359073
1343218
1342453
1342542
1371555
1352712
1343574
1342283
1352819
1359093
1343211
1342556
1354994
1352711
1359096
1342027
1342034
1359081
1341537
1342005
1359085
1342146
1342041
1342048
1345096
1341538
1354985
1342543
1343210
1345093
1341165
1342044
1342548
1342035
1341163
1359072
1342143
1359095
1372606
1342007
1352812
1342145
1354993
1341607
1341166
1352826
1341600
1354384
1342540
1342140
1345090
1342704
1342008
1341535
1341544
1371563
1342026
1343219
1359078
1359071
1342281
1342000
1591330
1343579
1341530
1342036
1342025
1341608
1342043
1354381
1359084
1342148
1342037
1352828
1342032
1341543
1354984
1342705
1342024
1345098
1359070
1342541
1342550
1342709
1342001
1341161
1353186
1342284
1359079
1352719
1372608
1341536
1591349
1371564
1342046
1359083
1352810
1343213
1343212
1341605
1341602
1342708
1343570
1343577
1342045
1345095
1341533
1342551
1345092
1371565
1342023
1342038
1342706
1353181
1341164
1342142
1371560
1341601
1342009
1350014
1342031
1341532
1341542
1342559
1342707
1343576
1341169
1342545
1343214
1359076
1341606
1371559
1343571
