1598305
1518259
1598308
1377870
1390906
1380082
1355897
1522869
1388258
1398259
1508255
1588250
1351836
1528259
1522866
1388250
1518257
1388257
1355077
1377871
1518191
1388259
1598254
1356870
1398251
1582887
1528254
1379575
1522867
1582899
1518253
1598306
1598250
1582886
1590840
1379588
1519692
1588190
1528256
1355079
1598251
1388253
1590830
1508254
1582898
1518256
1398254
1356871
1380826
1528253
1398256
1598307
1518255
1598256
1588194
1398253
1379587
1528257
1528252
1388252
1588253
1508253
1582885
1528250
1582895
1377874
1588193
1528251
1522865
1598258
1519693
1518254
1588254
1388254
1508258
1398018
1508252
1398258
1519694
1588192
1528255
1519690
1582889
1598259
1518252
1580825
1377872
1588191
1582888
1598253
1518192
1398255
1519691
1398252
1510811
1510810
1388256
1356873
1354743
1508259
1508256
1582897
1588252
1528258
1522868
1518193
1388255
1518258
1518190
1598257
1518194
1377873
1598309
1598252
1510812
1398257
1388251
1508257
1582896
1356872
1350821
1598255
