1525284
1516132
1599613
1386142
1585041
1518900
1385124
1370512
1589578
1515253
1595078
1396137
1586290
1390512
1516134
1381562
1506298
1526132
1505116
1586126
1515096
1595071
1377548
1506137
1500512
1391217
1506293
1370513
1515125
1589579
1516133
1525129
1518901
1516135
1373912
1396138
1360513
1381243
1525123
1396131
1586129
1596130
1506134
1596139
1590513
1586125
1595075
1381564
1385139
1519573
1525282
1510512
1360512
1505117
1515093
1506290
1596138
1377546
1358528
1515095
1381546
1525121
1589614
1377556
1596131
1525124
1515122
1518904
1526134
1515123
1526139
1377557
1595076
1385123
1505115
1519571
1599611
1377649
1519572
1377659
1515098
1599610
1586128
1506131
1377547
1506136
1526133
1506292
1596137
1515097
1525280
1596132
1589613
1515092
1385122
1595073
1518903
1586127
1381567
1519570
1380513
1515090
1515120
1506295
1586120
1599612
1396130
1526135
1515091
1506139
1525125
1596134
1358529
1505091
1515126
1515129
1518902
1505119
1589612
1525126
1506133
1505092
1505249
1516137
1590512
1595074
1385128
1377541
1589610
1515099
1596133
1580513
1595079
1515128
1515127
1595070
1506138
1506294
1377558
1381560
1526136
1505090
1526130
1526137
1595149
1525283
1381569
1515121
1589611
1395125
1525120
1385129
1586122
1505118
1381561
1377545
1516136
1385126
1586121
1506130
1506297
1377542
1520513
1596136
1506135
1580512
1377540
1381568
1595125
1586123
1385121
1381244
1396136
1516139
1506296
1525128
1516130
1395149
1506140
1515254
1525281
1520512
1380512
1516131
1506291
1525244
1596135
1599614
1525122
1526131
1396134
1595077
1595072
1516138
1500513
1515124
1525127
1510513
1586124
1515094
1519574
1505248
1381233
1381563
1506132
1377543
1385120
1526138
1385127
