1308253
1314152
1860518
1566839
1303352
1306496
1322521
1322518
1315144
1315173
1315137
1317958
1327040
1566838
1319683
1314150
1317957
1566837
1566831
1322520
1566846
1860154
1306497
1319684
1305604
1565149
1314151
1305605
1569518
1311515
1566836
1327060
1315172
1317959
1323631
1315139
1315175
1566835
1323630
1315138
1560512
1311514
1309239
1305606
1315174
1311513
1301691
1317419
1305608
1306494
1323632
1305609
1315176
1309245
1860153
1566833
1301692
1323633
1300346
1309237
1305607
1317418
1300347
1566834
1306495
1565125
1309238
1315177
1566832
1560513
1315171
1323634
1301690
1314153
1315170
