1569876
1564216
1554212
1564214
1313080
1554165
1315422
1560421
1554106
1566385
1313083
1566378
1554107
1310421
1305264
1325278
1566379
1554104
1313082
1560491
1569421
1328421
1554214
1566380
1860421
1564213
1325277
1327421
1554210
1313084
1305091
1552490
1323421
1566381
1554209
1320421
1564215
1554211
1550422
1313085
1305261
1566382
1552493
1566386
1305090
1323422
1566375
1308220
1564211
1552499
1550421
1552498
1314797
1319421
1554208
1308221
1305092
1860491
1554169
1552497
1552494
1554166
1313421
1566383
1323676
1305263
1327422
1566384
1301993
1564219
1564218
1564212
1305093
1552496
1554168
1313086
1552491
1323890
1305260
1554213
1566376
1315421
1554167
1552495
1322421
1554105
1566387
1313081
1566377
1552492
1323891
1564210
1321421
1305262
1564217
1300824
1305094
