1504287
1504214
1580421
1514215
1594216
1590428
1384211
1510424
1508422
1514213
1580496
1518420
1518423
1512409
1384219
1363495
1594219
1390421
1520420
1379503
1518424
1514225
1394215
1590491
1500421
1389823
1389809
1384212
1504088
1504286
1514216
1594218
1511424
1384218
1594215
1590421
1508424
1504215
1504288
1384216
1514217
1359189
1594217
1514227
1394217
1520423
1504089
1370421
1514218
1514211
1384215
1580428
1359194
1504289
1394214
1514226
1511425
1384210
1580495
1518422
1363492
1370491
1511422
1511421
1504216
1504281
1350421
1584211
1514219
1584212
1584218
1520424
1508421
1350041
1584210
1524215
1359187
1514210
1514229
1584219
1363493
1504282
1504086
1594210
1524216
1584213
1580494
1512406
1594211
1504218
1510423
1363490
1504087
1511423
1510420
1511420
1380042
1504217
1504283
1518421
1363491
1384217
1359188
1504280
1512405
1584216
1504210
1514228
1524219
1514093
1510422
1394216
1359186
1594212
1512407
1524217
1584214
1508423
1504284
1390491
1504085
1580493
1584217
1504211
1384213
1394213
1510421
1594214
1524218
1508420
1389808
1359185
1520422
1384214
1514212
1580492
1584215
1514214
1504212
1504213
1594213
1512408
1520421
1351601
1504219
1590244
1580491
1394218
1504285
1359184
