1561408
1553102
1553104
1313108
1308040
1328318
1311136
1551100
1323007
1329305
1553202
1563104
1563030
1563039
1554487
1310310
1563209
1329301
1313107
1323009
1300186
1308211
1304778
1563141
1328315
1553310
1328311
1300146
1551101
1563102
1553100
1311137
1304779
1563103
1863109
1551106
1304771
1561205
1323104
1563146
1563001
1554474
1303198
1569498
1563004
1553000
1553203
1563201
1329302
1323008
1551276
1304772
1561307
1553301
1563140
1551102
1563035
1561300
1551273
1563149
1308212
1308044
1313104
1323006
1554486
1553101
1860320
1553009
1553302
1561204
1323000
1863101
1863107
1563109
1328316
1863100
1328312
1553004
1561404
1309112
1329207
1553330
1329309
1329204
1553309
1323105
1561202
1563145
1563200
1322312
1561405
1554476
1563034
1561301
1554489
1328340
1311138
1563143
1551270
1311131
1563007
1553304
1553303
1569004
1563106
1569003
1311130
1310300
1329201
1553332
1553209
1560310
1304310
1313102
1860330
1551108
1561305
1553005
1301149
1323001
1553200
1553105
1553008
1328313
1313105
1863102
1554480
1554477
1553002
1329050
1323101
1311139
1563203
1553331
1554488
1563033
1309113
1553201
1561304
1553208
1554478
1863108
1563144
1561302
1322314
1563208
1301154
1329205
1860310
1308214
1569002
1563142
1554481
1554471
1561406
1563008
1328314
1563206
1323002
1554482
1311133
1308213
1551107
1561203
1328310
1313103
1553106
1563108
1329300
1303199
1329048
1329209
1563202
1863105
1563002
1561303
1563207
1553007
1561200
1551275
1563005
1561407
1863106
1863103
1329203
1323100
1308215
1554479
1322313
1301210
1553306
1309110
1563009
1569010
1863104
1310320
1313100
1329208
1329040
1554483
1311132
1551277
1328343
1301153
1553107
1329306
1323109
1322310
1563032
1323103
1553108
1554470
1553003
1561400
1553206
1553305
1328319
1311135
1323108
1309111
1554472
1561201
1569000
1563036
1310330
1303146
1561401
1553207
1554484
1301211
1563000
1563037
1328344
1561206
1563204
1553205
1553333
1323003
1322311
1313101
1329200
1551272
1323102
1323106
1554473
1561309
1311134
1329307
1304777
1551104
1303145
1563205
1551109
1561209
1553334
1329206
1569001
1323005
1301320
1563148
1329060
1551271
1563101
1563003
1328341
1563310
1553307
1561308
1563038
1553308
1563006
1561402
1561207
1329303
1304775
1563031
1551105
1551274
1328317
1553204
1551103
1553109
1304774
1323107
1553006
1328879
1304776
1554485
1329304
1561409
1329308
1313109
1561208
1313106
1563100
1553103
1563147
1561306
1328342
1328654
1303147
1329202
1553001
1553300
1563107
1569499
1561403
1323004
1329057
1304770
1554475
1563105
1308210
1304773
