1533330
1893162
1336302
1534310
1330310
1893160
1332320
1338310
1331320
1330320
1532431
1532410
1893100
1893105
1336308
1339310
1332300
1339300
1530310
1893107
1336310
1331506
1893106
1337340
1532421
1336309
1336303
1337320
1532430
1331500
1530326
1331505
1334320
1336301
1337350
1337310
1330330
1890330
1533310
1338330
1331508
1532420
1338320
1336300
1530320
1893103
1334330
1331330
1331507
1532436
1333300
1890310
1330300
1532400
1893104
1336305
1330308
1338300
1331504
1530330
1334310
1533320
1893101
1331300
1333320
1336304
1336306
1331503
1333310
1331509
1338308
1334300
1532401
1893109
1890320
1893102
1332310
1331502
1893161
1532411
1331310
1336307
1337330
1337300
1331501
1893108
