1510003
1393209
1517501
1513300
1593102
1522695
1380031
1351320
1512703
1583074
1590320
1508170
1517543
1373100
1383205
1350310
1373962
1593300
1583008
1502797
1513309
1378423
1583105
1510263
1522749
1512806
1513204
1523387
1583307
1508104
1378400
1517504
1523104
1502848
1510030
1523189
1583207
1593310
1593389
1522798
1373004
1512800
1512809
1517605
1370320
1593103
1373041
1522794
1518889
1528438
1393104
1378424
1523322
1523383
1523180
1502847
1360320
1509765
1513109
1583340
1370030
1510043
1523206
1507506
1508161
1517607
1580320
1523100
1510260
1523287
1590330
1500320
1518890
1517541
1518883
1517505
1593100
1502849
1508105
1513308
1522696
1378422
1508107
1393203
1383204
1378504
1510002
1522747
1513205
1512889
1517606
1522748
1523310
1502804
1510008
1373102
1583002
1373965
1523005
1583040
1523183
1503108
1503305
1523201
1512705
1508171
1502796
1510042
1510001
1518884
1583206
1507507
1513000
1523188
1378425
1522795
1517540
1517502
1523109
1583186
1583341
1393103
1503307
1372248
1508106
1510268
1503288
1583310
1507540
1583374
1518881
1378505
1593387
1508162
1513108
1512808
1373960
1500330
1583075
1390330
1508172
1523288
1503101
1502795
1523202
1512801
1583159
1383201
1593204
1523004
1512891
1512888
1522693
1393102
1517609
1518885
1517500
1360330
1393109
1393202
1372258
1583108
1513100
1502805
1508163
1523389
1503008
1503387
1503001
1517602
1522746
1510000
1503200
1512704
1503041
1510269
1523205
1502802
1378540
1509766
1523280
1378506
1513202
1583302
1517503
1518887
1583305
1583205
1583330
1513001
1523384
1503388
1393205
1523009
1583001
1593101
1510009
1513103
1523281
1503289
1503102
1593246
1593245
1502794
1583184
1523320
1508160
1393204
1593244
1503306
1378401
1390320
1583073
1593000
1523008
1523289
1503385
1503000
1523381
1523204
1513306
1513203
1393101
1509784
1380329
1500310
1373963
1383104
1510045
1510267
1523003
1522792
1517603
1508173
1593388
1513102
1517608
1507504
1593001
1593203
1512701
1523182
1510006
1383206
1522690
1508179
1503103
1512706
1508174
1503140
1503300
1372267
1503009
1593090
1522745
1518888
1503309
1593210
1510261
1393008
1372238
1518886
1593277
1503040
1522694
1583204
1523107
1522740
1593040
1502806
1383107
1375448
1503104
1508175
1503006
1583208
1593220
1509767
1583203
1502799
1502845
1510266
1583301
1583308
1378501
1523283
1513307
1583006
1583185
1523386
1523382
1372268
1522793
1373961
1583103
1580330
1373001
1523185
1512700
1583000
1373104
1373000
1507505
1517544
1593278
1513105
1510047
1510044
1393001
1508178
1383105
1380320
1580310
1523203
1383108
1510034
1528430
1517600
1503287
1513305
1510007
1523007
1523002
1383101
1373966
1393006
1593386
1502792
1378420
1508140
1517509
1523181
1512890
1372239
1375440
1583078
1373103
1593002
1523108
1350330
1518880
1378426
1583300
1512803
1503203
1522691
1520330
1380310
1522744
1503308
1393207
1383209
1508100
1393002
1507502
1373008
1513004
1522741
1583003
1510320
1517601
1583306
1593279
1510330
1522699
1507509
1583009
1513200
1503302
1583109
1583309
1523105
1513104
1383102
1390310
1393005
1503105
1502807
1503386
1372269
1583209
1510264
1393108
1522790
1523101
1503100
1502798
1523282
1583181
1512802
1509769
1523001
1523385
1528420
1373003
1583106
1583303
1508177
1383109
1503005
1508176
1513201
1378421
1513003
1512887
1522692
1503201
1593104
1393206
1508101
1378500
1523106
1509768
1523284
1593276
1513101
1517508
1523187
1512804
1503301
1383203
1513304
1522799
1517507
1383103
1508102
1518892
1522742
1373320
1583007
1510265
1372234
1370310
1373964
1393107
1522791
1523184
1503310
1503303
1513106
1517542
1520320
1510005
1507503
1583101
1373967
1523380
1523209
1593275
1503107
1502793
1383202
1512805
1393208
1513208
1523000
1512892
1523186
1502790
1523102
1507508
1507501
1528439
1510004
1502808
1393004
1583202
1513207
1522698
1522796
1523285
1503004
1522743
1583107
1383200
1378502
1523208
1373002
1503042
1513303
1510040
1583201
1593091
1502801
1583183
1503002
1508109
1358230
1583004
1518891
1503106
1583102
1513209
1583200
1508103
1510046
1513301
1393201
1583100
1513107
1351330
1502791
1583076
1393000
1517506
1522797
1510310
1520310
1393106
1523388
1512702
1512807
1583344
1373101
1593330
1593320
1593080
1370330
1503304
1523103
1383208
1583005
1372237
1583380
1583320
1513206
1393100
1503389
1373007
1523006
1523286
1583182
1583304
1507500
1373006
1373040
1378503
1583104
1393003
1510262
1523200
1502846
1503003
1510041
1517604
1508108
1513002
1373005
1513302
1383100
1583077
1522697
1510048
1393200
1360310
1502800
1518882
1523207
1503240
1503202
1590310
1503109
1502809
