1566308
1301936
1306650
1554157
1564052
1312420
1314981
1328426
1319007
1306659
1564026
1566302
1860243
1560403
1566301
1314985
1552429
1307247
1564027
1322426
1323883
1308077
1306667
1564038
1325284
1566303
1307923
1312423
1306674
1313024
1564013
1325271
1552411
1860244
1564002
1564047
1307244
1564041
1552412
1554193
1303247
1564039
1860245
1322423
1564016
1323401
1320400
1564001
1323882
1566300
1325281
1552430
1564053
1560402
1552451
1552437
1554222
1554215
1308075
1300248
1554156
1308244
1566309
1303240
1550261
1308082
1314984
1308240
1312422
1564019
1564046
1300249
1564054
1321425
1552428
1322425
1566314
1860400
1308085
1313027
1307246
1564014
1554154
1552452
1564042
1313026
1319422
1314982
1323663
1313029
1323402
1552438
1306661
1552403
1860402
1566306
1308070
1301938
1554159
1554228
1554223
1308074
1306669
1314983
1306660
1564024
1552406
1554192
1308083
1860246
1320401
1860403
1552436
1552413
1560983
1554216
1308073
1564018
1552404
1552427
1313424
1564043
1323662
1308084
1319423
1306679
1566307
1325282
1325287
1325280
1554158
1860982
1306662
1564025
1554199
1552453
1323881
1308080
1564015
1306668
1307241
1322424
1306670
1554226
1560982
1564044
1566334
1300242
1564030
1313021
1303245
1552405
1569884
1321424
1564036
1307924
1554229
1308242
1301937
1328424
1552414
1554155
1552435
1306655
1564021
1306652
1860493
1564037
1306676
1552454
1300244
1307240
1306663
1564055
1308241
1306654
1860247
1323660
1323888
1323661
1554153
1308081
1300245
1306671
1552419
1301930
1566304
1308248
1554152
1303246
1569880
1554217
1323887
1314783
1554198
1307925
1564009
1313020
1564007
1306653
1564058
1325288
1564000
1308243
1564035
1325270
1300243
1319003
1552443
1552425
1564045
1860981
1560404
1552407
1307248
1564031
1325289
1552400
1307926
1552418
1308072
1323400
1566305
1554224
1564020
1566333
1554219
1552433
1860401
1552408
1564049
1564006
1301931
1306677
1552442
1560981
1554197
1308086
1308079
1321426
1860248
1552420
1552447
1552426
1564008
1308249
1554194
1307243
1325285
1564048
1552448
1303248
1312426
1552444
1307927
1313022
1323886
1300240
1313023
1306656
1564034
1313420
1313028
1300247
1301939
1552434
1564059
1328428
1552417
1554150
1319420
1564010
1323667
1554191
1308247
1314782
1860241
1554218
1308078
1307249
1552421
1550260
1552445
1554227
1303249
1564028
1554195
1325286
1552402
1303244
1552409
1552441
1860405
1552416
1323889
1308087
1327424
1560405
1569881
1306673
1301932
1323666
1566313
1323885
1300246
1306657
1323880
1564005
1860249
1301024
1323884
1306672
1314980
1552449
1307242
1564011
1552423
1569882
1560401
1566332
1554196
1860983
1321423
1554190
1564022
1564056
1554220
1320404
1564033
1313423
1320402
1303243
1566310
1307245
1564004
1325273
1566331
1552410
1860242
1552424
1860240
1323404
1314781
1564029
1554151
1552401
1301933
1308246
1312424
1327425
1306665
1308089
1323403
1552431
1552422
1860988
1306658
1560988
1306675
1566312
1319424
1325283
1566311
1328425
1552446
1552415
1564023
1301935
1564057
1552450
1300241
1552440
1308245
1860404
1312421
1308088
1306666
1308071
1564051
1314780
1320403
1564040
1323664
1313422
1323665
1566330
1313025
1564050
1552439
1325272
1308076
1306651
1564012
1312425
1303242
1301934
1552432
1569883
1564017
1554221
1564003
1554225
1560400
1564032
