1365414
1361081
1365490
1361402
1366419
1369411
1366410
1364403
1361082
1364406
1365499
1364497
1355573
1355578
1366414
1355586
1364490
1365400
1366415
1355583
1364402
1355571
1361083
1370982
1365407
1367414
1364400
1362401
1365404
1355584
1355585
1365406
1350492
1365418
1367418
1362400
1366416
1364401
1361404
1364499
1355580
1367427
1369412
1367425
1355581
1367413
1365421
1355587
1369418
1366417
1361088
1364407
1362402
1355570
1362493
1355582
1361401
1361405
1362421
1355588
1355576
1365497
1355579
1366413
1362403
1367420
1365403
1365495
1367423
1361400
1364405
1365401
1350494
1367428
1362404
1362407
1366412
1362406
1365402
1362405
1365405
1364404
1361403
1366418
1350493
1355589
1355577
