1504004
1594010
1500404
1584024
1580404
1359146
1399836
1394031
1360983
1520406
1359141
1584028
1571050
1514027
1384010
1514206
1389888
1580244
1514004
1388926
1388923
1504033
1504020
1370984
1389811
1399815
1580403
1500249
1360418
1590401
1504011
1599886
1374005
1389795
1524201
1359140
1599882
1584003
1584014
1584029
1594204
1599836
1590240
1359147
1520407
1394006
1599810
1584037
1884108
1514204
1374047
1384205
1384033
1599887
1374040
1599813
1504128
1594233
1594230
1524180
1594051
1390401
1374054
1880246
1594022
1599823
1388915
1599831
1360400
1594032
1504124
1584034
1394054
1514021
1380402
1880247
1504006
1571058
1594017
1590988
1384056
1504012
1388983
1599818
1594203
1514028
1594050
1594011
1389812
1884104
1394000
1599833
1389793
1360987
1504035
1594057
1599826
1594023
1584020
1504021
1394048
1374046
1350497
1580245
1384001
1584023
1590407
1394053
1390983
1370405
1394005
1384038
1584031
1504005
1584053
1388931
1524200
1374019
1394023
1514026
1590404
1584011
1504026
1384003
1584054
1514255
1394038
1374055
1514208
1884109
1351423
1599815
1514209
1389889
1500244
1571055
1884119
1500402
1524179
1580402
1880244
1384012
1584006
1520408
1590400
1388988
1594034
1374004
1514203
1399811
1584045
1884105
1590403
1524240
1394012
1399838
1514020
1374018
1594025
1880248
1500246
1594002
1599888
1504019
1500241
1594231
1394030
1359167
1594006
1599838
1388984
1359148
1599835
1399828
1524203
1594049
1394056
1594013
1374041
1388925
1514202
1584055
1584001
1884118
1350405
1594044
1514029
1388932
1384002
1594024
1524241
1384000
1504034
1514011
1384037
1394008
1594031
1389796
1384019
1594012
1504013
1594058
1580246
1594234
1504126
1571236
1584008
1514018
1388914
1351420
1584035
1584012
1384047
1514200
1584007
1584048
1390404
1599821
1350402
1571052
1520400
1584040
1399814
1394037
1380024
1580401
1359149
1384046
1520405
1369413
1374059
1584017
1504008
1599816
1394007
1350407
1590406
1514000
1399883
1599829
1374010
1500988
1388929
1351428
1599885
1504018
1374003
1394011
1504027
1384008
1584052
1384055
1584057
1524249
1370004
1399888
1359164
1524202
1370983
1594035
1500247
1394015
1380497
1584030
1580247
1524207
1384208
1384027
1380490
1594206
1594037
1594004
1394027
1594056
1384022
1360406
1394036
1394055
1594030
1351421
1374000
1384013
1351604
1884117
1584004
1594043
1374057
1514001
1390400
1389884
1584010
1384036
1374049
1504122
1380499
1504121
1524242
1380407
1504000
1594036
1374056
1399827
1394050
1374002
1500407
1594209
1599880
1514019
1514201
1500401
1590405
1388917
1514257
1590981
1369410
1388937
1599824
1504028
1399824
1389791
1360404
1380005
1370988
1584043
1394014
1388922
1584049
1374001
1394021
1504010
1374048
1880245
1510404
1524248
1594055
1599832
1370981
1584022
1504037
1394010
1374058
1504007
1584025
1599827
1584015
1504038
1594237
1384053
1388982
1594042
1594045
1359165
1370002
1520402
1380400
1584032
1594028
1374015
1389883
1350498
1384202
1524243
1384014
1388916
1399880
1384209
1514016
1374011
1384009
1594200
1380498
1594236
1394028
1500408
1384015
1389794
1390405
1504025
1370000
1514009
1880249
1394013
1500406
1389810
1594205
1399822
1884116
1504123
1880242
1388930
1394024
1571237
1394057
1571054
1584005
1599819
1594029
1504016
1500403
1594208
1514254
1514252
1500400
1514010
1384058
1399839
1504002
1389819
1504001
1584056
1399886
1350404
1590982
1389799
1584002
1388910
1390002
1524244
1500243
1374016
1394009
1594014
1388936
1504029
1514003
1504120
1359169
1520403
1590408
1514253
1374043
1390982
1580241
1599822
1384006
1380406
1594054
1374050
1510402
1374009
1514023
1524204
1389815
1399812
1394004
1594007
1504036
1360403
1571051
1370401
1571234
1514008
1880240
1584038
1399816
1524205
1594039
1571057
1504024
1884101
1594047
1500409
1599811
1884115
1594000
1584033
1524209
1580400
1384051
1384052
1510403
1594005
1374051
1399829
1514017
1359144
1380421
1520401
1359160
1524184
1584013
1599884
1580407
1594046
1571231
1594020
1394043
1399819
1584046
1580409
1504039
1384034
1351425
1580406
1359163
1504031
1388918
1389792
1390402
1584019
1520404
1580988
1374014
1394019
1594015
1388928
1584050
1524245
1380404
1599830
1514259
1504017
1380006
1584041
1350401
1584016
1384007
1374045
1384032
1594053
1580240
1599837
1380401
1514002
1504009
1360988
1374042
1388980
1394044
1524206
1399813
1584044
1580408
1510240
1594207
1388981
1599812
1584021
1504022
1504023
1384203
1571056
1390098
1594038
1571235
1514250
1388935
1504014
1524183
1580248
1504129
1599825
1374008
1524208
1514022
1389885
1571230
1514256
1394040
1394058
1599834
1584039
1584026
1884100
1500240
1370400
1594048
1510401
1384024
1388989
1514007
1399820
1389814
1594016
1388912
1384031
1584058
1594239
1370403
1594033
1594001
1380405
1584051
1384026
1884102
1571233
1384201
1584018
1594202
1514025
1584009
1504030
1514005
1580243
1524246
1594019
1399832
1884106
1389797
1384040
1594232
1594026
1394052
1359143
1374006
1388921
1500245
1388939
1514014
1514205
1599817
1359168
1366411
1571059
1584047
1524182
1584027
1880241
1384042
1594021
1384043
1504032
1880243
1599814
1350499
1504003
1599828
1590402
1590409
1390001
1510400
1599839
1388933
1599889
1580405
1514251
1394041
1571232
1514012
1500405
1399835
1514024
1374007
1514258
1500248
1399818
1514207
1389881
1584000
1350400
1504015
1388924
1520409
1390403
1514013
1380403
1384039
1594040
1388913
1580249
1399826
1594018
1504127
1350403
1524181
1524247
1394046
1500242
1884107
1584036
1384200
1390988
1388985
1594238
1594052
1584042
1380004
1374052
1594009
1504125
1514006
1399831
1599820
1594059
1594041
1599881
1360401
1384018
1388938
1571053
1594008
1374053
1594003
1369419
1359142
1580242
1514015
1388920
1594201
1594027
1884103
