1890403
1530400
1333249
1334242
1894007
1339058
1334247
1334243
1890401
1532612
1334240
1335245
1894025
1333248
1332404
1535118
1330405
1332243
1338684
1894016
1894008
1530988
1339010
1335244
1532611
1894001
1330400
1890402
1332406
1332400
1331401
1533119
1890400
1331420
1334241
1331402
1338683
1337283
1332244
1339059
1533080
1332405
1334248
1333247
1332401
1335243
1530989
1338682
1335885
1335420
1894009
1530402
1333243
1338685
1894002
1335249
1333246
1894029
1532613
1332408
1332249
1331400
1339016
1332402
1339024
1894011
1894000
1339015
1894019
1333245
1334249
1335887
1339056
1339057
1894010
1894028
1890983
1332241
1894026
1338686
1890981
1894013
1330988
1332407
1894003
1332242
1338688
1533114
1894020
1339014
1338689
1333244
1335886
1335242
1330404
1530985
1894027
1894018
1894004
1332247
1335241
1333240
1334246
1339013
1332240
1330401
1337282
1894021
1338687
1894012
1330983
1330403
1332409
1331423
1335247
1894005
1332248
1330982
1530401
1339012
1333242
1331424
1894022
1330402
1890405
1894015
1532610
1335888
1339011
1335248
1330981
1894006
1333241
1894014
1331422
1334245
1894023
1335423
1890988
1890404
1530987
1334244
1335424
1530986
1533081
1332245
1332246
1894024
1335246
1890982
1332403
1894017
1335422
1339055
1335240
