1387977
1597004
1587943
1529770
1397073
1508391
1387075
1376633
1500797
1517074
1527979
1387078
1597975
1507016
1527069
1580707
1527079
1517019
1597072
1517971
1597084
1380707
1397974
1527073
1376398
1507971
1507075
1597981
1529779
1597018
1357673
1376391
1376632
1597075
1597096
1507076
1360797
1387073
1597003
1597972
1397072
1529787
1387979
1587971
1517906
1517061
1376778
1370707
1527973
1597095
1500705
1507970
1517970
1597083
1518027
1527070
1517978
1518024
1397014
1508358
1508359
1597013
1587979
1357674
1517973
1517076
1597073
1387070
1380357
1597002
1508370
1376390
1587974
1527978
1376770
1597001
1500706
1597980
1597012
1397977
1376399
1527062
1597019
1350797
1587004
1507977
1507972
1357670
1397075
1597076
1376777
1597080
1527074
1597094
1529785
1508379
1390707
1527972
1597082
1507074
1529788
1357677
1527076
1397013
1529782
1517064
1507018
1376776
1387077
1376393
1597000
1518026
1397076
1387074
1597973
1517017
1507019
1500707
1518025
1527974
1350707
1527063
1360707
1397972
1387071
1517979
1390797
1597985
1517972
1357671
1597081
1597979
1587074
1529773
1357668
1597079
1529781
1376771
1507073
1597970
1597093
1587973
1517908
1518022
1387978
1527977
1376639
1387079
1527064
1597971
1597017
1397012
1597015
1529777
1397070
1518020
1597008
1527075
1376392
1375581
1508375
1587976
1517016
1397077
1527976
1387973
1527061
1517977
1518029
1376775
1518023
1597089
1507071
1397010
1529783
1507072
1597977
1380797
1376395
1397975
1507975
1507079
1597014
1376772
1397970
1517905
1397011
1597098
1527078
1508390
1597978
1376637
1527975
1517070
1387972
1517015
1527077
1529776
1507976
1527060
1580797
1517063
1587070
1518021
1597016
1529778
1517976
1597009
1507978
1510797
1529797
1500709
1508376
1527065
1517075
1518028
1507015
1529772
1375580
1500708
1597976
1529786
1520707
1508394
1376394
1376773
1508373
1507070
1397978
1597088
1587975
1597090
1587970
1597097
1387076
1517072
1508356
1507077
1397973
1397976
1376636
1587073
1387971
1508393
1529784
1517907
1529775
1597087
1357678
1387974
1527066
1517975
1517078
1597006
1517073
1590707
1517079
1508374
1357669
1376397
1347999
1376774
1517974
1380358
1529771
1507973
1357676
1597984
1597986
1387975
1357679
1587978
1597070
1597086
1508378
1397079
1597077
1376635
1597091
1527067
1529789
1351797
1517077
1587072
1370797
1507017
1507078
1520797
1508357
1597071
1529774
1507974
1397979
1597011
1527068
1508371
1527071
1590797
1387970
1597005
1397074
1508392
1357672
1357665
1510707
1517018
1527971
1587977
1527970
1376630
1357666
1397971
1500704
1517060
1597974
1597983
1597078
1517071
1587071
1387072
1376634
1357667
1597085
1597099
1527072
1587972
1529780
1597010
1508377
1517062
1351707
1397071
1517909
1387976
1597092
1376631
1507979
1370702
1376396
