1303325
1557009
1557005
1324789
1313374
1557001
1550701
1557012
1567979
1557978
1550708
1557007
1324707
1303326
1315579
1557011
1323767
1567970
1560707
1557002
1311789
1860707
1325797
1303323
1323707
1313377
1313397
1557979
1309731
1326307
1550797
1320797
1311797
1323768
1309717
1303324
1324797
1550707
1321797
1557971
1557976
1557989
1326306
1320707
1567975
1557000
1860797
1325707
1309730
1569787
1557949
1309733
1557988
1321707
1557970
1303321
1560700
1560797
1567976
1550705
1557977
1550702
1325704
1324777
1557948
1557947
1323766
1557973
1557008
1567973
1557004
1323769
1550709
1326301
1311788
1303327
1557946
1303322
1309732
1557003
1313375
1557974
1315599
1567978
1557006
1550706
1550704
1557986
1557987
1567971
1567972
1567974
1860709
1309724
1309707
1557975
1303328
1557010
1324787
1326397
1569789
1557999
1550703
1569797
1324790
1557985
1313402
1313376
1323797
1324779
1557972
1303320
1567977
1324705
1309734
