1595414
1595401
1379341
1377493
1586334
1596990
1516619
1526633
1525448
1386339
1370633
1506555
1356196
1586338
1595400
1526588
1595309
1356239
1516334
1595402
1386337
1596380
1526339
1360633
1500633
1506557
1356191
1379340
1516618
1500654
1356235
1516617
1595413
1509484
1350633
1522447
1589899
1586333
1386331
1519433
1595339
1386336
1586599
1509485
1586337
1520633
1586549
1506556
1380633
1516330
1526337
1373431
1373432
1500691
1396306
1586336
1509482
1589898
1506332
1596382
1386330
1379343
1377492
1526338
1396303
1379342
1356237
1526334
1585463
1356192
1500644
1351633
1373433
1586339
1356199
1509483
1356198
1379204
1373430
1516331
1596309
1386333
1516633
1386338
1586633
1379201
1526638
1596500
1516645
1372393
1526331
1594998
1509869
1596381
1526583
1396331
1586548
1396304
1516339
1526333
1516332
1522448
1356236
1500689
1595308
1516644
1379344
1506330
1526335
1520638
1586330
1590807
1356195
1516333
1386332
1596384
1356332
1377491
1586335
1526332
1526336
1506664
1396332
1516338
1510633
1520643
1506331
1595474
1516337
1580633
1356333
1500692
1506553
1379203
1379200
1386335
1356197
1396333
1594999
1390633
1526330
1506559
1356331
1356330
1356334
1590633
1516336
1526643
1516335
1590806
1500690
1520663
1506633
1506558
1506554
1386334
1396334
1356238
