1525939
1385967
1516014
1505931
1525909
1370603
1528033
1395940
1505936
1390503
1506022
1395056
1385962
1377477
1386039
1585935
1515938
1395933
1395931
1385036
1525938
1386032
1595932
1351507
1395939
1385965
1515941
1585936
1359981
1586069
1506025
1386038
1516015
1516057
1525906
1585932
1505937
1385035
1516056
1598037
1385032
1505934
1525935
1506024
1395937
1516058
1390593
1516013
1385969
1596046
1505925
1525936
1525905
1385960
1585931
1359980
1385034
1516012
1515940
1589212
1506027
1525908
1395930
1395058
1525930
1385031
1585930
1395057
1370602
1598039
1505935
1350958
1515935
1386030
1516055
1596045
1589211
1385963
1363521
1386033
1379980
1516011
1515930
1379990
1359983
1515944
1598038
1595931
1385030
1596048
1395935
1395059
1359982
1525932
1385961
1506026
1395944
1516010
1395052
1516018
1363520
1505927
1506029
1506020
1370604
1386031
1586066
1380956
1395936
1505926
1528032
1505932
1395943
1386035
1589213
1596047
1525931
1515931
1385033
1351506
1596049
1395051
1515943
1377479
1395054
1395941
1586067
1585933
1505933
1506028
1589214
1515934
1528030
1525907
1386034
1385968
1395932
1516019
1385037
1359918
1515932
1528031
1506021
1515937
1585937
1505929
1515942
1395942
1585934
1516059
1528034
1595933
1516016
1395053
1377478
1505939
1515933
1350957
1525934
1505930
1585938
1359919
1385964
1505928
1385038
1525937
1525933
1595930
1359984
1386037
1515936
1380957
1515939
1586065
1505938
1516017
1506023
1395055
1585939
