1305593
1311597
1303092
1566593
1317457
1310597
1301589
1329507
1303091
1565934
1310596
1307393
1301049
1328593
1300492
1307394
1327603
1327695
1310595
1305557
1300493
1303093
1320593
1566582
1307399
1306218
1307390
1310147
1560505
1310593
1303095
1307392
1315934
1307398
1325593
1565933
1311593
1860505
1303096
1305559
1305548
1301580
1306246
1312449
1317463
1569593
1860593
1305558
1323593
1312448
1303090
1307397
1306219
1322504
1301579
1306216
1860697
1565932
1323506
1306217
1301570
1307391
1560593
1307396
1565996
1565924
1307395
1327593
1315935
1565931
1310148
1565930
1300491
1319403
