1895942
1332828
1895935
1895941
1895052
1337593
1534503
1530605
1335847
1339593
1332894
1895054
1334842
1895943
1895934
1333821
1338500
1334840
1895944
1895937
1895055
1895056
1336502
1337697
1338593
1334841
1895936
1332893
1895938
1895931
1895058
1337694
1338506
1330593
1895057
1335848
1890503
1330503
1530593
1333822
1895930
1336503
1337693
1895939
1533753
1332895
1332829
1895059
1338505
1335849
1338504
1895933
1895940
1890593
1895051
1338503
1334047
1331371
1895932
1895050
1333820
1338501
1895053
1338502
1331372
