1553763
1563762
1329099
1554433
1551433
1314061
1327112
1564919
1554405
1551432
1551859
1567065
1551423
1328376
1303372
1553762
1553764
1317464
1329599
1323397
1563765
1313760
1321388
1564918
1563764
1325380
1313763
1551892
1551429
1303378
1566424
1303371
1321386
1310376
1325382
1327376
1319386
1313737
1310397
1551421
1567269
1303379
1553769
1564917
1325381
1551428
1563768
1551890
1563766
1553765
1307494
1324331
1567064
1303376
1553766
1328307
1325385
1308701
1564916
1324330
1551858
1567268
1563769
1303373
1563767
1324332
1563862
1551422
1321389
1551427
1553767
1303377
1327113
1327397
1560376
1554430
1313764
1325384
1563761
1564915
1303374
1323376
1551891
1313736
1551761
1553768
1554434
1303375
1325383
1553761
1313762
1554406
1563760
1554431
1551760
1323377
1313739
1563763
1553760
1554435
1569083
1551425
1551426
1563861
1313738
1323378
1860376
1860397
1563860
1863970
1308376
1328397
1321387
1312403
1313761
1551424
1303370
1551431
1314060
1551404
1310176
1554432
