1393764
1356973
1508348
1593827
1393978
1583972
1583978
1529023
1378292
1359857
1393769
1374973
1597859
1372314
1523769
1590397
1593766
1593769
1500397
1523672
1383972
1583768
1383766
1522474
1503970
1356970
1593768
1522538
1593823
1518855
1597850
1583971
1374796
1352600
1593767
1523760
1590376
1378299
1518828
1380376
1383973
1522533
1378295
1393761
1593828
1523676
1393972
1583769
1529026
1583766
1500376
1513978
1518825
1356978
1393977
1523640
1583760
1513979
1390376
1383765
1513767
1503976
1394919
1580376
1522471
1374795
1523764
1522536
1372311
1513765
1359855
1529029
1593822
1597835
1523670
1503765
1503766
1529020
1523675
1378296
1374794
1513766
1350376
1513975
1518829
1519446
1508346
1374976
1378293
1503975
1583763
1593825
1519445
1597852
1393974
1383974
1372312
1383767
1597858
1583765
1597851
1503974
1503973
1513769
1384972
1523642
1529024
1522472
1356972
1384974
1523763
1503764
1593820
1513764
1383975
1523641
1529027
1360760
1593826
1383768
1356977
1394918
1513762
1383977
1393971
1370076
1583762
1508347
1523766
1503763
1383761
1383762
1597836
1522534
1518859
1383769
1597857
1374793
1384973
1522539
1583976
1513763
1383976
1519449
1378291
1393760
1384976
1356979
1580397
1383760
1378298
1360376
1593975
1518858
1394917
1529025
1593763
1523765
1597837
1597854
1356971
1374974
1593764
1522531
1394915
1583975
1523673
1513768
1372310
1520376
1523644
1593978
1359859
1503760
1523761
1356974
1522532
1593976
1583977
1378376
1523768
1513760
1393973
1374792
1593977
1522537
1597838
1583974
1383979
1350760
1597853
1522470
1519448
1503769
1503971
1374975
1513976
1523674
1394916
1393976
1523762
1593972
1503768
1508345
1384975
1583767
1378294
1593760
1503972
1518856
1593979
1383970
1503761
1593762
1523643
1593973
1597839
1510376
1351376
1359856
1519447
1583764
1523671
1529021
1356976
1523767
1393979
1374972
1529028
1383763
1503979
1393975
1383971
1583970
1393970
1513761
1593971
1597856
1518826
1508349
1583979
1583973
1593974
1593829
1593765
1383764
1518857
1378397
1522535
1503977
1593824
1583761
1503978
1513977
1372313
1503767
1518827
1378297
1522530
1529022
1593821
1522473
1597855
1593761
