1309810
1868197
1327958
1309811
1559677
1302071
1559216
1561910
1566721
1559213
1327957
1320190
1559678
1559106
1566719
1309297
1559102
1559214
1559207
1566724
1327952
1302076
1559675
1559212
1552910
1569104
1328941
1561958
1566713
1325905
1560910
1559107
1306044
1309294
1559103
1322790
1306034
1559218
1559206
1559670
1559215
1566718
1302070
1566726
1327950
1314910
1300855
1561953
1320910
1569105
1315231
1302855
1561952
1569106
1325903
1310961
1559219
1309299
1320193
1327959
1320191
1559100
1306035
1300856
1327954
1559676
1559647
1325900
1327910
1559205
1559104
1315230
1325904
1322795
1559204
1302072
1569103
1561950
1559673
1320192
1306036
1309296
1569100
1559646
1559210
1566715
1569107
1559674
1860910
1559105
1569108
1561955
1328940
1559101
1302073
1300844
1559203
1559109
1323910
1310963
1561951
1322794
1559671
1559645
1308768
1325901
1566712
1566710
1860920
1325902
1302074
1309295
1569101
1566720
1559202
1308767
1309298
1327956
1559211
1566714
1308766
1315232
1566725
1561957
1566711
1561954
1559108
1302079
1559679
1327953
1566728
1566723
1559208
1328910
1569102
1566717
1566722
1302075
1868199
1559201
1566727
1325910
1302078
1559672
1303855
1569109
1559615
1315233
1566729
1300854
1561956
1327955
1559200
1308769
1322000
1559614
1559217
1868198
1302077
1559209
1315234
1561959
1327951
1566716
