1582994
1592976
1509142
1509180
1389294
1599188
1377258
1362918
1590927
1399207
1389105
1529107
1509135
1389201
1500918
1512974
1512953
1522990
1377256
1389208
1587740
1389104
1399103
1389295
1389107
1363683
1375986
1589100
1522980
1592947
1589150
1363673
1502910
1529108
1512910
1389293
1375971
1509104
1520910
1389147
1522940
1582944
1599109
1389108
1512980
1357100
1590926
1512962
1389296
1589159
1372070
1582952
1599137
1529110
1389148
1592946
1375972
1599102
1599103
1592936
1599124
1380091
1529140
1357275
1529190
1519100
1389102
1357101
1389203
1519101
1399104
1500910
1357107
1529109
1592963
1375982
1389149
1377255
1592935
1599104
1389204
1399202
1512978
1582995
1522971
1580910
1582918
1399204
1592987
1592978
1599101
1399209
1399101
1512940
1529104
1599100
1399201
1389109
1582998
1399203
1377262
1357106
1502919
1370020
1582951
1519180
1389202
1529102
1590910
1389205
1370910
1529180
1511490
1582914
1592986
1592921
1509110
1389100
1592920
1522970
1399102
1360921
1372050
1519104
1592974
1589140
1519105
1519106
1589165
1357109
1512979
1389101
1377261
1389291
1360914
1509138
1599108
1589135
1529101
1589110
1592962
1357108
1522991
1599184
1357104
1522958
1529103
1389290
1519107
1375984
1592937
1399206
1582948
1529100
1389299
1389297
1377260
1509100
1389206
1357105
1399200
1599181
1529106
1519103
1599135
1599190
1375983
1389292
1389207
1510910
1599128
1522950
1519108
1587761
1592910
1350910
1363674
1399205
1380914
1582980
1512995
1599136
1522960
1380910
1399100
1357276
1592928
1522910
1509134
1372059
1509106
1519102
1519197
1502930
1512930
1377259
1529105
1599147
1399105
1363689
1519109
1390910
1399208
1375970
1502944
1592929
1592924
1512961
1592925
1502960
1389298
1522949
1389106
1357102
1389209
1502950
1375985
1389200
