1595730
1590583
1373258
1595835
1381938
1358630
1506739
1356732
1375836
1370583
1516736
1381933
1380672
1516738
1586833
1375808
1595739
1375077
1396732
1585739
1598833
1351134
1375075
1525735
1588838
1373644
1373683
1370659
1358644
1515746
1385730
1526832
1526830
1515734
1351573
1386739
1373647
1502435
1585831
1370658
1373681
1595738
1395736
1356731
1586832
1599039
1373259
1506731
1502430
1351137
1358647
1510583
1373688
1380673
1596730
1381939
1351131
1582438
1373645
1525736
1375831
1586836
1386738
1520583
1585731
1358645
1516737
1596734
1395739
1351673
1370673
1588839
1396733
1381904
1582571
1585838
1390583
1515735
1360573
1375832
1516734
1381935
1370573
1506730
1598835
1390683
1595732
1586839
1595737
1525709
1356730
1596833
1506832
1351683
1373828
1585730
1396734
1506833
1373689
1585833
1351132
1375739
1599031
1502437
1588836
1590573
1381906
1386733
1526836
1585832
1595831
1596739
1599037
1381934
1350583
1385735
1396735
1356738
1599030
1596834
1515747
1395738
1373680
1351138
1502432
1375078
1582570
1386730
1516730
1595733
1582435
1585737
1525732
1375073
1358642
1375738
1506821
1580573
1582431
1381907
1596733
1596839
1373649
1381902
1373642
1599032
1585835
1375730
1351128
1386735
1380670
1582573
1585736
1358634
1395733
1588832
1515744
1598838
1515730
1373829
1506834
1515739
1595839
1588837
1506734
1358635
1526834
1598830
1375737
1351139
1502431
1525738
1599038
1380671
1373826
1351130
1385732
1502434
1373640
1582432
1356736
1590683
1375834
1596835
1351583
1516733
1357535
1516735
1375806
1596838
1595734
1395737
1506735
1510573
1586830
1582572
1356739
1515745
1598837
1506835
1515738
1582430
1373648
1598832
1585734
1590673
1358637
1375731
1395732
1596736
1595832
1585834
1525737
1358648
1357534
1515731
1525730
1373641
1370683
1350683
1375807
1588830
1360673
1585837
1599035
1381903
1375736
1356735
1396736
1585735
1595837
1500583
1506736
1596836
1582437
1525734
1351129
1373825
1375732
1596738
1525729
1373643
1385739
1526835
1375835
1599036
1596737
1373827
1595834
1515741
1588834
1385737
1596735
1373684
1373687
1595736
1515732
1525731
1375839
1500573
1516731
1381936
1598834
1595838
1502433
1358636
1375076
1375733
1596837
1586837
1506837
1360583
1373685
1506820
1582574
1390573
1526831
1506836
1585732
1598839
1385736
1582434
1515733
1395734
1588831
1373686
1596832
1358641
1595735
1396730
1520573
1375079
1515743
1385731
1358646
1386734
1582439
1595833
1396737
1588835
1515742
1599033
1525739
1586831
1598831
1358639
1596731
1515740
1375734
1586838
1506733
1381940
1506831
1596831
1525728
1585836
1381930
1396738
1506737
1375838
1373257
1595830
1396739
1351136
1586835
1595836
1582436
1358638
1598836
1585733
1375837
1358649
1599034
1582433
1375074
1515736
1506838
1516739
1350673
1396731
1502436
1356734
1516732
1360056
1585738
1506732
1525733
1580583
1506839
1526833
1356733
1506830
1588833
1585830
1360055
1375735
1390673
1585839
1596830
1515737
1375809
1506738
1596732
1373682
1395730
1350573
