1325236
1328230
1300422
1306757
1555738
1550573
1303427
1309487
1566936
1313624
1322138
1311683
1327673
1309560
1309563
1566931
1325230
1565736
1322139
1310583
1860583
1306764
1566930
1555739
1565734
1321639
1325235
1306751
1308563
1555732
1300423
1566937
1306769
1860685
1328234
1322137
1302424
1315739
1322184
1329573
1306760
1329679
1309562
1329153
1566932
1328583
1569583
1308562
1321635
1325238
1306759
1322136
1565733
1320583
1555731
1306752
1315734
1301042
1560673
1325573
1325090
1309467
1566933
1321637
1329152
1306753
1329583
1322143
1301776
1325237
1322132
1327683
1321673
1306768
1315735
1306767
1325193
1315733
1322131
1306762
1318531
1565735
1308560
1555734
1315736
1325232
1321632
1565731
1322133
1301777
1555733
1566934
1569573
1310551
1309564
1325194
1323583
1328231
1309489
1306754
1306765
1560583
1329143
1315732
1566935
1321634
1322130
1306761
1322134
1306755
1565732
1306756
1310550
1329150
1325234
1301778
1860573
1325239
1310573
1566938
1565739
1313623
1321638
1313620
1555736
1325583
1315730
1328232
1309488
1317474
1328573
1309573
1318443
1325231
1328233
1306766
1315738
1300420
1301779
1313622
1321630
1308564
1317471
1860683
1317473
1320573
1306763
1322135
1311681
1860684
1329154
1300260
1306758
1560573
1566939
1550583
1555735
1565738
1325233
1325091
1300421
1315737
1321633
1300424
1315731
1555730
1555737
1309561
1329678
1306750
1311573
1321636
1860673
1565730
1560683
1329151
1329677
1317470
1317472
1321631
1565737
1323573
