1330683
1332583
1532527
1339683
1895736
1336239
1335602
1896934
1336235
1335608
1530683
1896736
1335601
1337583
1336238
1335609
1338862
1895731
1332593
1330673
1336236
1533763
1336237
1895730
1530673
1896735
1334601
1896734
1334573
1335606
1895739
1337230
1531494
1895734
1896732
1895733
1339573
1896738
1338583
1338864
1531493
1532533
1337243
1337573
1532539
1336232
1335607
1896930
1534583
1890583
1532530
1338573
1890683
1532532
1330583
1531490
1896733
1335583
1895732
1335600
1896931
1890573
1338863
1339583
1337232
1532531
1896932
1532526
1332573
1532538
1896730
1336231
1895735
1531492
1532573
1339673
1334583
1890673
1896739
1333573
1532528
1530573
1532537
1534573
1335605
1532534
1333583
1896933
1532536
1532583
1531491
1896731
1337233
1336230
1337231
1895738
1335604
1335573
1532529
1330573
1334600
1895737
1336233
1335603
1336234
1530583
1896737
1532535
