1863506
1322366
1863566
1323300
1553546
1553442
1300705
1323354
1553638
1322354
1329466
1309653
1563545
1323301
1553499
1301533
1553545
1309753
1323303
1323344
1553441
1863565
1310354
1329454
1553639
1320344
1553544
1309763
1323302
1563544
1313321
1315288
1303803
1303343
1563541
1329354
1311103
1563548
1553440
1313304
1329380
1320354
1569842
1310013
1553636
1553637
1553540
1553498
1563549
1863567
1560354
1563540
1863568
1863509
1553541
1560344
1301543
1315281
1552511
1563543
1569835
1552512
1306803
1323304
1863507
1328366
1300706
1309663
1553549
1563542
1315291
1553542
1550354
1863508
1553635
1553548
1311101
1323305
1563547
1553444
1553547
1552510
1552514
1553443
1313468
1313344
1313330
1553543
1310018
1551354
1328354
1863505
1320988
1860354
1563546
1552513
1313331
