1593546
1399457
1503563
1523544
1593548
1393549
1523543
1513542
1359312
1383484
1583547
1351368
1511063
1593441
1583504
1583505
1503464
1375342
1393540
1513541
1513543
1383547
1593547
1523545
1383418
1593568
1375341
1593442
1503562
1593567
1511065
1510344
1593544
1383548
1583540
1583546
1520344
1366344
1393548
1503465
1350974
1393547
1393542
1375340
1383486
1583503
1383483
1393541
1593443
1399455
1503565
1383549
1583548
1354673
1511064
1593543
1399458
1383441
1354674
1366364
1523546
1393543
1375346
1393441
1359306
1520354
1593566
1593569
1523549
1503564
1383485
1511066
1383545
1593542
1590354
1359309
1360354
1523548
1503469
1513540
1383544
1593565
1593541
1593408
1359308
1523540
1583543
1503566
1383480
1359307
1593440
1593564
1511067
1583541
1393544
1511068
1523547
1390354
1399456
1503468
1511061
1590344
1383543
1359311
1503560
1393545
1383482
1383542
1593563
1523541
1393408
1500344
1390344
1375344
1383546
1393418
1375345
1580344
1583545
1383481
1510354
1511060
1503467
1351354
1593540
1511062
1580354
1503567
1500354
1383541
1583544
1523542
1503561
1593545
1359310
1583542
1383540
1370354
1399459
1383408
1393546
1503466
