1566571
1565966
1329087
1315912
1306300
1310504
1327697
1560604
1315948
1315911
1305539
1306313
1305544
1301563
1566505
1305534
1306314
1301566
1565965
1310501
1315910
1323504
1560605
1315915
1310500
1301564
1306316
1306315
1306241
1329076
1322501
1327596
1305536
1310502
1317466
1323505
1565969
1566586
1860596
1301565
1305535
1315917
1315914
1560506
1306242
1323502
1311067
1300395
1560596
1328508
1310503
1305588
1305538
1321596
1306318
1317467
1323596
1566509
1317461
1323501
1565968
1860604
1317468
1305596
1860506
1306240
1329596
1320596
1565904
1315919
1305589
1565953
1317462
1306317
1560590
1315946
1317460
1315916
1565952
1315947
1323503
1306319
1566501
1311065
1565940
1306302
1311066
1329071
1327606
1301561
1305537
1311596
1300396
1569596
1565967
1306310
1306312
1306301
1310505
1315913
1315949
1305545
1315918
1301562
1301567
1566596
1860590
