1895963
1530596
1332835
1333831
1335830
1896003
1896010
1337596
1336500
1534506
1332845
1332872
1895964
1338697
1896002
1333832
1337691
1895965
1332833
1533756
1339403
1530506
1334849
1333834
1335833
1334848
1336501
1896004
1332881
1896005
1332834
1332870
1530693
1890696
1338696
1895960
1534502
1534507
1334846
1896007
1896013
1895966
1896014
1895967
1896000
1895961
1333830
1896012
1338694
1333833
1339596
1337503
1896006
1896015
1330695
1330606
1334847
1890694
1896001
1895969
1338695
1330696
1890606
1335832
1335834
1332844
1890695
1332880
1896011
1896016
1896009
1895968
1896018
1530507
1338596
1333835
1334845
1330694
1337690
1335831
1332871
1896019
1896008
1896017
1895962
