1526051
1360501
1395968
1390694
1372080
1385044
1500605
1359959
1385056
1526010
1386084
1360756
1526052
1585962
1505964
1385929
1596063
1525967
1526012
1386089
1525961
1396003
1588050
1595949
1380692
1396014
1396006
1385925
1505968
1385922
1379982
1380693
1596064
1589203
1526007
1360502
1500604
1396004
1377474
1588057
1585961
1385926
1506057
1385059
1596087
1505923
1526061
1359958
1360506
1396019
1360757
1359965
1386086
1505922
1505965
1526001
1526015
1526060
1526011
1595961
1396013
1515969
1588058
1386081
1526064
1385924
1526018
1526053
1351595
1396005
1586020
1370933
1515968
1525960
1380690
1596061
1526059
1526005
1526014
1586064
1360503
1585965
1526067
1396000
1526008
1589204
1586023
1360758
1589200
1585966
1505963
1386082
1379905
1588055
1596066
1595966
1505962
1589201
1385041
1385049
1595964
1526069
1526054
1395963
1596086
1386080
1506052
1360504
1390606
1588052
1526017
1385927
1526000
1395960
1585960
1586022
1396010
1377991
1515967
1516050
1526013
1595963
1377475
1526006
1585967
1360696
1360508
1588056
1395964
1595948
1500608
1500601
1525969
1596062
1596065
1525966
1506055
1360505
1596085
1360509
1386088
1505960
1380691
1385048
1500607
1505924
1588051
1396002
1385051
1355967
1395965
1595968
1395961
1526019
1596068
1526066
1377990
1359966
1526063
1588054
1396007
1516054
1377473
1526003
1516052
1386085
1385047
1385052
1500609
1595962
1396015
1525965
1586062
1588053
1596067
1505961
1515966
1586063
1395962
1595965
1526050
1359957
1500606
1396018
1379971
1396001
1370936
1506050
1586060
1526068
1379906
1395966
1500603
1396016
1586024
1506053
1505967
1585964
1525963
1526057
1596060
1526056
1396008
1526004
1385040
1385042
1386083
1526058
1595969
1385046
1380695
1506056
1390696
1374060
1506051
1516051
1359968
1525964
1385054
1585969
1585963
1351594
1380694
1359969
1526055
1526009
1595967
1396012
1505920
1385043
1390695
1588059
1385928
1596069
1506059
1586061
1385045
1351403
1525962
1526065
1386087
1385921
1500602
1525968
1505966
1379983
1526062
1506054
1505969
1379904
1396011
1370930
1526016
1515965
1516053
1506058
1360500
1526002
1385923
1505921
1370939
