1377942
1377976
1529257
1356510
1529239
1509929
1529233
1529251
1500300
1377979
1589935
1529236
1588685
1389924
1599921
1527641
1500302
1377943
1389925
1529980
1529959
1590907
1500303
1389928
1399967
1356511
1500301
1357913
1599922
1519920
1529252
1589936
1389927
1588683
1527640
1389926
1357912
1500997
1377978
1529255
1529940
1377940
1519921
1529231
1500304
1377982
1356512
1377941
1588682
1589933
1377946
1399907
1588681
1588680
1357937
1529254
1510907
1357935
1377981
1529234
1580997
1500908
1356513
1502638
1529256
1589934
1500305
1389920
1357911
1529237
1377947
1509928
1519940
1502639
1356568
1599942
1529253
1357914
1356515
1357910
1377980
1529957
1589937
1377983
1500306
1357936
1529232
1519960
1389922
1589931
1509927
1502628
1389929
1502627
1599920
1356514
1377974
1529958
1589932
1399906
1529235
1356516
1377944
1502637
1356569
1357939
1510997
1377945
1529230
1389921
1377975
1520997
1590997
1589930
1377977
1510908
1389923
1502636
1588684
1357938
1529250
1529238
1580907
1390997
1502635
1370997
