1313691
1563662
1554552
1308997
1321285
1320691
1563691
1305425
1554553
1328455
1303994
1563692
1309156
1564555
1860465
1554656
1309153
1563651
1300992
1310455
1554550
1315455
1314455
1563693
1567282
1564556
1560485
1563657
1563684
1300991
1569455
1328495
1567296
1327455
1312596
1554551
1321465
1560455
1567279
1321455
1308993
1563694
1554654
1563664
1327456
1564551
1567281
1319455
1325858
1309155
1320692
1325857
1563653
1329875
1328404
1308995
1320455
1314955
1312595
1311565
1563650
1325165
1306977
1860455
1563663
1310155
1563652
1559099
1308994
1322465
1323455
1325155
1306996
1564552
1322455
1305439
1311455
1563655
1554657
1312455
1313692
1311465
1560465
1559098
1313455
1563660
1320690
1563661
1564553
1303995
1309154
1328405
1563656
1563654
1308996
1564550
1554555
1564554
1563690
1554655
