1594550
1594614
1376378
1524650
1594611
1383645
1518450
1384673
1379658
1524558
1500455
1504662
1370455
1504551
1514551
1504655
1504652
1376377
1374559
1584506
1584553
1374552
1374663
1594556
1504660
1594552
1594612
1594619
1514570
1374583
1584505
1524557
1594558
1374586
1514659
1383646
1594613
1504550
1594618
1376376
1374556
1514552
1374662
1584508
1524559
1384559
1384671
1594553
1584554
1384552
1374555
1384679
1594557
1384551
1376371
1514559
1584551
1594616
1524655
1524556
1518455
1518452
1374557
1383647
1374554
1514654
1514574
1594617
1379656
1514553
1584668
1379657
1384678
1390455
1594554
1518453
1376372
1394555
1504654
1584552
1524555
1504557
1584550
1384677
1513469
1594615
1504663
1518458
1360455
1379655
1380486
1524654
1514554
1514573
1524656
1384554
1584557
1594559
1376373
1374664
1504556
1514656
1394556
1518459
1390485
1384676
1514555
1524657
1584665
1524554
1518456
1504657
1379654
1383640
1594610
1504659
1584555
1524620
1384553
1514575
1383649
1504555
1504656
1376374
1514556
1594551
1584509
1524553
1514655
1584664
1374551
1504552
1350455
1524653
1584558
1384555
1524658
1514576
1504664
1383648
1524621
1514558
1524552
1376375
1524659
1383643
1514653
1394554
1514658
1524652
1504554
1514550
1514557
1514652
1374550
1524551
1518454
1504651
1514571
1374584
1504661
1360485
1394550
1580455
1384674
1376676
1584667
1504553
1584556
1383644
1520455
1514657
1379697
1384557
1518451
1504650
1524550
1584666
1514650
1374661
1524651
1518457
1514651
1504658
1514572
1594555
1374553
1384672
1584507
1374558
1376379
1504653
1590455
