1322463
1309184
1312453
1560484
1300989
1564530
1860363
1569963
1329879
1564537
1327453
1314453
1563638
1300979
1309185
1328403
1308985
1560463
1300988
1311533
1329874
1564533
1567276
1303971
1325163
1311563
1312593
1320689
1313688
1308987
1864525
1564532
1560483
1306979
1310153
1305434
1306982
1321463
1320843
1328496
1560363
1567288
1321453
1314463
1306983
1864526
1564534
1311453
1564535
1327457
1314963
1322453
1325153
1301906
1303972
1563639
1315453
1323453
1560453
1563636
1310453
1303970
1313687
1308984
1325850
1313453
1325851
1308989
1554532
1564538
1319453
1319934
1860463
1321283
1563637
1313689
1554530
1326353
1309182
1320453
1311553
1860453
1308986
1310163
1309181
1311463
1320687
1309183
1306978
1564539
1320686
1554531
1564536
1567284
1554503
1301905
1314953
1320688
1308988
1313686
1569453
1328453
1308983
1305433
1564531
