1514633
1594637
1374608
1376659
1504530
1594573
1514533
1580453
1383638
1390484
1380482
1504634
1374873
1390453
1594547
1394536
1374603
1524632
1350460
1374883
1370483
1394636
1594571
1384530
1374600
1394539
1374892
1374538
1369467
1374649
1374874
1514535
1384535
1590463
1374640
1376660
1394637
1370463
1383637
1504632
1384534
1594539
1351452
1394634
1394535
1394635
1514534
1374875
1524530
1384531
1394638
1390483
1374648
1524631
1374534
1594632
1376666
1374606
1374601
1504531
1524634
1394631
1374646
1504637
1524533
1383636
1394633
1351457
1584649
1380481
1514632
1584647
1584675
1374877
1374537
1368453
1374609
1514537
1376362
1394533
1376665
1384532
1594531
1524531
1504635
1517467
1594574
1350453
1594537
1584648
1524633
1374647
1360460
1594532
1594549
1380480
1383635
1584674
1384533
1374876
1374894
1584646
1514536
1394534
1594630
1383634
1384538
1374884
1524636
1351459
1584677
1374532
1374644
1351450
1500453
1376664
1374604
1368464
1369464
1504638
1524535
1594633
1394630
1594534
1524630
1374607
1394531
1517466
1383631
1374535
1514630
1360483
1504631
1584530
1350463
1524639
1351458
1350483
1374645
1351451
1584531
1594530
1394532
1374533
1374879
1584676
1514539
1374870
1369468
1524635
1594533
1520453
1376663
1524534
1504636
1594636
1594634
1384539
1590453
1594572
1524638
1374891
1351456
1517469
1383630
1504633
1514631
1360453
1594535
1374871
1517468
1374641
1374881
1376662
1514538
1514532
1374882
1594631
1369453
1394538
1374605
1374872
1376360
1594538
1374878
1584679
1524538
1374642
1390363
1524536
1394639
1524637
1383633
1360463
1374530
1594536
1504532
1351454
1394632
1374890
1351455
1384537
1524539
1355540
1504533
1376361
1504639
1394530
1394537
1370460
1584678
1594548
1374880
1369463
1594635
1524537
1374602
1524532
1384536
1374531
1376661
1374536
1370453
1383639
1374643
1383632
1351453
1374539
1374893
1504630
