1524803
1518478
1394811
1373484
1384711
1374713
1394711
1584819
1514714
1374816
1394712
1584932
1514804
1394891
1384815
1375409
1514806
1584778
1504912
1524715
1524812
1502493
1384881
1394810
1351481
1594711
1504914
1373998
1503494
1374810
1394716
1518477
1384717
1504787
1503498
1390004
1503497
1384714
1380474
1514803
1594721
1500471
1394841
1390040
1503479
1374817
1524816
1514713
1584815
1584767
1370475
1518474
1594701
1584935
1384712
1504915
1367478
1584777
1384710
1584917
1502490
1394851
1524806
1524819
1504785
1514712
1594941
1584713
1524809
1524716
1374718
1520471
1384715
1584714
1504835
1503499
1514802
1584894
1512477
1394853
1374814
1518476
1584916
1384719
1502491
1584813
1580471
1503496
1524717
1394710
1584934
1584766
1503478
1524810
1512476
1384871
1504784
1590489
1514807
1884710
1514711
1584914
1504916
1374719
1584911
1503491
1502499
1584715
1524800
1384713
1373991
1350069
1584939
1394843
1373481
1384891
1524807
1590488
1514710
1514801
1584936
1584816
1502492
1378941
1378961
1594713
1518471
1594703
1514808
1384718
1374815
1374711
1584814
1590487
1374716
1512475
1384810
1503490
1350061
1524718
1502498
1504783
1504917
1524711
1512471
1384817
1380471
1584937
1366488
1512478
1584710
1524802
1374812
1384811
1524813
1384819
1504711
1584837
1503477
1372211
1594731
1584915
1592441
1372204
1374717
1374710
1514716
1584810
1524808
1514718
1390471
1514800
1584913
1524818
1504782
1518470
1504911
1504788
1524805
1384816
1360471
1524710
1512470
1584891
1590471
1514809
1504918
1384841
1370478
1584818
1502496
1594751
1514719
1584718
1593491
1504781
1367475
1374714
1394717
1384812
1584812
1592451
1514717
1524815
1512479
1374813
1584910
1503492
1584711
1584892
1584768
1504836
1504799
1394881
1584775
1394831
1584776
1502497
1384861
1584717
1504910
1518472
1584838
1584912
1394713
1518475
1370471
1518473
1590481
1375401
1524801
1374819
1594741
1384813
1584817
1502494
1504780
1378951
1512473
1594947
1584890
1394718
1503493
1514900
1584919
1374715
1375411
1584719
1524713
1510471
1504913
1594771
1504919
1584839
1514805
1394714
1584893
1524814
1384851
1374712
1394812
1384814
1524719
1584811
1514715
1584918
1580488
1394819
1524817
1524712
1524714
1394715
1524804
1502495
1504786
1584933
1524811
1584712
1503495
1374818
1374811
1512472
1394871
