1554877
1324088
1323842
1321409
1554884
1300952
1566106
1554097
1566121
1315471
1864715
1307470
1321400
1569099
1301510
1554886
1559804
1554881
1301521
1303471
1564818
1315481
1554711
1300951
1554716
1556100
1556089
1327481
1556109
1556088
1300950
1554096
1554093
1566101
1566112
1564812
1321408
1556117
1321401
1323843
1569091
1564712
1566107
1554076
1554872
1559808
1556116
1564716
1307478
1556094
1556101
1321406
1554719
1309069
1301520
1564813
1554099
1554071
1329480
1566102
1303952
1303950
1556087
1559805
1301522
1564819
1566104
1554836
1307473
1556110
1559809
1556098
1301095
1559816
1556080
1554883
1556115
1564816
1566123
1323471
1566122
1566115
1307479
1554875
1301950
1559829
1556095
1554070
1559810
1554870
1554879
1323841
1559819
1554073
1554098
1566105
1308710
1303951
1566103
1556111
1564814
1564715
1559817
1320471
1556086
1559828
1554718
1556114
1559806
1566120
1556099
1564815
1324510
1323840
1566114
1556081
1554713
1556104
1566129
1556078
1308711
1327480
1554873
1554880
1559818
1564718
1566118
1559807
1554710
1554876
1327471
1559811
1566111
1302952
1307476
1554712
1566117
1329690
1301501
1559822
1554834
1556096
1564817
1308150
1307475
1556106
1556092
1566124
1556085
1864710
1307477
1307474
1564717
1566119
1556082
1559800
1308712
1326004
1554075
1559813
1566110
1566128
1566125
1556093
1559827
1315480
1559826
1554835
1566116
1556097
1324511
1564710
1864711
1556077
1559823
1329481
1302951
1554715
1554885
1301500
1559812
1564713
1308020
1556105
1559801
1560471
1313471
1554833
1554878
1554871
1864712
1564711
1860471
1860488
1308152
1556083
1554882
1554074
1554094
1556091
1554832
1559815
1323844
1556108
1315487
1321405
1321402
1302950
1554072
1559802
1556112
1554714
1566126
1559820
1559824
1556084
1556079
1566108
1556102
1864714
1315488
1320480
1556107
1324087
1321471
1559814
1329471
1307472
1566109
1566127
1559803
1554887
1307471
1308471
1301502
1554095
1556113
1564714
1321403
1564719
1554717
1569471
1566113
1556090
1559821
1566100
1554874
1559825
1864713
1556103
1564811
1556118
1564810
