1333637
1531805
1332632
1337567
1337632
1531809
1531806
1336112
1335449
1336143
1334632
1531808
1531803
1531844
1530632
1531807
1337566
1337098
1330632
1531843
1334637
1337565
1337637
1336142
1337564
1531804
1330637
1531846
1531439
1338637
1331069
1531801
1337111
1333632
1337143
1533637
1331068
1533632
1531802
1531845
1332637
1895373
1337142
1531847
1338632
1895371
1337112
1339637
1895370
1339632
1890637
1337110
1335632
1530637
1337099
1890632
1895374
1336111
1531800
1336113
1336110
1335637
1335448
1895372
1337113
