1509247
1516328
1380632
1526582
1356113
1585467
1526616
1358110
1516321
1500632
1509824
1396329
1356329
1500676
1358962
1516327
1386328
1586320
1396322
1356321
1515407
1379141
1396943
1586622
1379371
1356320
1506632
1396949
1526328
1596512
1516329
1386322
1396942
1386942
1526628
1350632
1356246
1358963
1362632
1509825
1585469
1386329
1379140
1386948
1586323
1580637
1356221
1516320
1526325
1506327
1351632
1526327
1515406
1596675
1516586
1388478
1396941
1506326
1388477
1370632
1386325
1379370
1526326
1526627
1358964
1396324
1594995
1596671
1356116
1500670
1386326
1585468
1358112
1506321
1356220
1356115
1526626
1506947
1379374
1586434
1396940
1519432
1516587
1396947
1596674
1526642
1386321
1356118
1594972
1586322
1516588
1396325
1386327
1510632
1522446
1595439
1386946
1500671
1386944
1500679
1526644
1526320
1596445
1526660
1520632
1506946
1520662
1356110
1390632
1386947
1351637
1379144
1526321
1596672
1360632
1526324
1516589
1386324
1500673
1526302
1586321
1396948
1526629
1509828
1506320
1519212
1506323
1386945
1594993
1506948
1516325
1356111
1516326
1356324
1506322
1580632
1515405
1586623
1526323
1396946
1586445
1500672
1500678
1526322
1516632
1590632
1356224
1516324
1520642
1509827
1590637
1396328
1526617
1509248
1356119
1509829
1356112
1520644
1356326
1396327
1396945
1379142
1356323
1506949
1509249
1516323
1356223
1526632
1396320
1356327
1506325
1358960
1526618
1506328
1509826
1596673
1500675
1586624
1379373
1356322
1519210
1386941
1380637
1379143
1396944
1356114
1500674
1358111
1596511
1390637
1358961
1526329
1516322
1506324
1396321
1516585
1519211
1500677
1386320
1515408
1379372
1594994
1386323
1356328
1586621
