1308871
1559314
1302879
1309921
1309918
1311942
1569333
1300878
1569315
1310938
1303876
1310936
1310931
1323965
1303871
1323964
1313921
1309911
1569312
1559310
1313929
1860931
1569334
1860949
1569314
1569307
1301087
1311943
1320946
1303877
1302871
1310939
1559313
1309919
1569391
1309916
1323963
1311930
1308875
1300872
1309923
1313922
1309910
1569313
1300873
1323962
1311931
1303874
1569342
1323966
1559312
1308872
1310940
1313928
1311940
1310933
1308874
1322045
1310930
1309922
1569318
1302870
1569327
1313927
1310932
1310941
1313920
1311941
1322048
1323967
1569319
1309917
1300874
1860948
1569347
1308877
1313940
1559318
1300875
1569382
1309914
1323968
1329931
1569385
1569325
1569316
1310942
1315001
1310935
1860940
1300877
1569311
1300870
1309925
1559319
1310949
1303873
1322040
1300087
1569344
1309915
1313926
1569331
1310948
1308876
1569317
1315002
1320931
1559316
1569310
1311944
1309924
1303870
1300871
1569387
1860944
1560941
1309920
1323969
1300876
1310943
1313925
1308879
1309913
1559317
1303872
1301414
1303878
1310937
1300879
1303875
1313931
1309912
1309926
1569332
1323931
1313923
1308870
1569305
1308878
1308873
1313924
1560931
1303879
1322046
1559394
1559315
1559311
