1399310
1529310
1500942
1511715
1510123
1511721
1389360
1510120
1529313
1511722
1519313
1511701
1390931
1389369
1500257
1351931
1510131
1509535
1880932
1360932
1389317
1391988
1521408
1391904
1511726
1391987
1510130
1500262
1521405
1391929
1399319
1391944
1880931
1391919
1521409
1511714
1511727
1511700
1511720
1351940
1391976
1391918
1399313
1519311
1880933
1391934
1391941
1511706
1880934
1391986
1500256
1510125
1500267
1391993
1389332
1391905
1391997
1519318
1391920
1511719
1360934
1511716
1510133
1389342
1511709
1521406
1511728
1391943
1391947
1509537
1391906
1389320
1500946
1389363
1500259
1389311
1389347
1351969
1389366
1519310
1529315
1351965
1500264
1500252
1391998
1391933
1391985
1511718
1510122
1389329
1351967
1391994
1389319
1389364
1391949
1511729
1390949
1511707
1391978
1391999
1511717
1391913
1521407
1529312
1391927
1510931
1360933
1389341
1521403
1519319
1510132
1500269
1500258
1391995
1500260
1389323
1399316
1509536
1389348
1360938
1529317
1500931
1519317
1521404
1391939
1391912
1529318
1391946
1389336
1391992
1529314
1389349
1500266
1510134
1360936
1389312
1510127
1509538
1529319
1880936
1509531
1389340
1391996
1391991
1389326
1391984
1880939
1391926
1511710
1391911
1389327
1391922
1880935
1511725
1580931
1389322
1391948
1391940
1510124
1500261
1399315
1510126
1511711
1390948
1391931
1519316
1511702
1389313
1880938
1390094
1520931
1511724
1360935
1399311
1351963
1391915
1519315
1510121
1391983
1391937
1389335
1389325
1529316
1389314
1511712
1509530
1521402
1391982
1351944
1390940
1391925
1510129
1509540
1391979
1509539
1509543
1500253
1389328
1521401
1509533
1399318
1529311
1389362
1391916
1391910
1389321
1511705
1500263
1880930
1391990
1519314
1511723
1500251
1391901
1399317
1391909
1389367
1360937
1391981
1360930
1391938
1360939
1509532
1509541
1510128
1391942
1389346
1351949
1509542
1391935
1511704
1351961
1373931
1519312
1389361
1351968
1880937
1389333
1511713
1511708
1500265
1380931
1391908
1391902
1509534
1389368
1390946
1391936
1391930
1391977
1389315
1500254
1391903
