1899315
1891988
1890948
1890931
1899304
1335948
1899310
1899319
1338936
1891994
1335940
1899389
1890949
1890946
1332128
1330944
1891980
1891909
1891910
1335949
1335931
1330948
1891900
1335941
1891987
1891914
1339946
1899316
1330931
1899305
1891985
1338944
1332131
1891990
1336944
1891981
1891995
1330941
1335942
1534498
1533944
1891902
1330949
1899308
1332122
1899313
1891984
1891907
1899329
1336949
1332121
1533983
1330946
1891919
1899303
1891989
1335943
1336943
1899311
1530931
1336948
1338931
1891983
1899318
1891908
1890942
1533986
1891997
1533980
1533985
1891901
1891982
1891991
1890944
1332120
1335944
1891996
1891906
1891904
1890940
1891992
1533931
1891903
1891917
1899309
1335945
1534499
1338940
1533982
1533794
1335946
1330940
1899306
1891931
1891918
1534931
1891916
1891911
1339931
1891986
1332133
1336946
1891999
1336931
1533984
1891905
1899312
1330942
1891993
1899317
1336945
1335947
1899307
1338933
1891913
1899314
1891912
1533981
1891998
1891915
