1325791
1557917
1320708
1300722
1307790
1326309
1569791
1307798
1306413
1320791
1324776
1557918
1309728
1567913
1560791
1306511
1324781
1323708
1300724
1569784
1569781
1313382
1311780
1306412
1323704
1303721
1303720
1301072
1315580
1324770
1567914
1317789
1313391
1567919
1315581
1324786
1306411
1326300
1306410
1317787
1323764
1567912
1323751
1567911
1557915
1860708
1315582
1306514
1324784
1311791
1313380
1321791
1324771
1307794
1557914
1324709
1567910
1313383
1557913
1567917
1550791
1323752
1323700
1307797
1325708
1317786
1306516
1567918
1323791
1315583
1306515
1320709
1325700
1300720
1860700
1325709
1324778
1307792
1324791
1311781
1303620
1306510
1321700
1313381
1324780
1306518
1324708
1557912
1303724
1326391
1300723
1557916
1313384
1303723
1557911
1860791
1320700
1567915
1307795
1567916
1557910
1306517
1324700
1303722
