1387061
1587907
1527917
1376742
1597060
1517914
1518013
1517005
1507089
1387916
1597065
1380351
1517043
1374079
1373297
1517024
1518016
1597904
1507002
1597917
1587916
1507909
1507900
1376715
1587066
1397913
1397000
1580700
1527082
1527914
1376706
1517001
1380350
1587061
1587065
1374270
1527090
1517049
1590709
1587901
1380706
1517917
1375566
1376795
1527915
1527919
1397006
1587905
1520791
1376797
1374279
1390709
1357696
1507001
1517007
1376743
1587915
1597918
1518018
1397093
1387080
1508352
1507008
1387915
1507090
1387098
1508380
1597903
1527095
1507040
1387081
1517002
1357612
1527080
1507908
1517020
1597909
1376740
1357627
1507918
1527081
1373296
1527004
1518046
1376705
1397008
1376749
1397085
1518045
1527096
1373299
1375565
1387918
1357613
1527089
1507911
1517023
1587913
1508351
1517041
1507081
1597902
1517046
1587062
1517000
1507084
1590700
1597919
1527085
1375564
1597044
1507009
1517916
1507919
1380708
1507000
1376712
1376741
1527093
1590791
1518019
1517021
1507905
1357607
1587068
1587904
1397087
1518044
1507091
1587908
1507092
1517918
1376748
1373291
1587914
1376718
1517047
1387007
1357690
1376713
1507082
1527086
1387092
1597900
1397009
1397084
1597901
1587001
1387099
1387089
1517022
1375575
1375568
1517045
1527912
1507910
1518047
1597066
1397919
1529791
1387919
1390708
1597043
1508382
1507913
1370709
1508354
1376700
1390079
1587060
1397088
1357600
1587903
1587003
1380709
1517003
1376798
1597907
1518043
1527913
1597064
1597067
1360708
1517009
1507086
1387093
1370708
1357611
1357614
1597905
1507006
1507902
1357698
1376747
1500791
1357629
1357693
1373290
1587911
1507093
1380700
1375567
1527001
1397089
1517919
1357601
1387066
1597046
1508381
1376701
1375576
1375562
1518048
1376799
1380354
1507099
1597906
1507041
1357695
1507912
1508353
1357692
1387083
1597042
1517006
1527091
1508355
1390700
1390791
1518015
1518049
1517912
1397090
1507903
1597063
1518010
1376746
1570791
1587919
1507085
1597068
1360700
1527083
1518042
1507094
1527094
1387008
1597045
1517913
1517042
1527000
1376716
1507901
1527918
1587069
1357609
1580791
1507088
1376709
1373293
1507095
1387069
1507080
1373298
1375577
1387009
1397003
1357626
1376702
1527084
1527099
1527911
1527092
1397001
1597069
1587063
1597062
1387063
1597912
1587912
1507004
1507098
1376744
1597914
1508384
1380353
1375578
1507914
1517910
1376703
1587918
1397080
1373292
1508383
1375569
1517008
1518014
1375560
1527910
1374070
1373295
1517044
1351791
1507907
1376708
1380705
1387082
1507097
1397918
1527002
1510791
1357604
1397912
1376745
1397002
1597061
1527088
1357603
1360791
1527003
1587900
1597048
1507005
1507096
1397004
1597911
1517915
1508350
1587909
1597915
1397097
1380352
1507087
1387912
1527097
1500700
1507915
1518017
1387085
1507003
1380704
1357694
1517040
1397099
1517911
1387060
1397005
1507906
1376714
1517004
1597041
1518040
1360704
1357628
1587910
1351700
1518012
1376796
1587917
1587906
1527916
1587902
1587064
1387911
1597047
1587002
1380703
1527087
1387087
1597910
1527098
1390070
1517048
1597049
1597916
1518011
1387084
1597040
1373294
1351708
1397096
1357602
1507916
1518041
1357605
