1336162
1331791
1897915
1897009
1330708
1897083
1338709
1331700
1333012
1897008
1331941
1336161
1897001
1897098
1897084
1334001
1530791
1336700
1897093
1333006
1897911
1530700
1897092
1897003
1333011
1897085
1331942
1897099
1333005
1330709
1897910
1332001
1336164
1897918
1897002
1330791
1336171
1897095
1890708
1332011
1333010
1897004
1336165
1333009
1339709
1897913
1336163
1897087
1890709
1897081
1890700
1897086
1339791
1897005
1897094
1897912
1533775
1897088
1897080
1331705
1336708
1897919
1330700
1333007
1331940
1897916
1897007
1897097
1897089
1339708
1338700
1897096
1333008
1897006
1338708
1897082
1334011
1897091
1897917
1331943
1336791
1339700
1534791
1897000
1897914
1338791
1890791
1897090
1336709
