1500145
1599903
1500154
1519973
1510990
1519926
1377928
1357969
1520900
1519975
1500904
1510903
1500153
1357968
1519974
1502613
1500905
1519927
1519929
1377929
1500143
1500152
1589409
1519977
1529268
1500144
1599904
1356553
1519928
1519978
1527600
1500903
1519941
1500150
1519979
1399965
1389946
1527659
1519976
1389947
1356552
1377919
1500142
1529267
1519925
1500140
1580903
1590903
1519971
1500151
1520903
1500141
1519970
1529266
1519924
1588687
1502614
1519972
1529269
1389945
1399905
1356549
1519923
1399943
