1320519
1322299
1314083
1307332
1306384
1322227
1322221
1860626
1566886
1329115
1318265
1328511
1314506
1306377
1325519
1566881
1329512
1315117
1305741
1309263
1314088
1306376
1314097
1860142
1315166
1322228
1327047
1321819
1321814
1307337
1314181
1329513
1550251
1565112
1305744
1314507
1560157
1324507
1301386
1322226
1314096
1329118
1314180
1860621
1314082
1329116
1314085
1322220
1860627
1328517
1305286
1327098
1320511
1300451
1314188
1560625
1306385
1314089
1315116
1322298
1321815
1860620
1566454
1566887
1317410
1550254
1309262
1320517
1301387
1329511
1327097
1303252
1314187
1329514
1307338
1301382
1565113
1315119
1300450
1300453
1306383
1324508
1301375
1314189
1300457
1860145
1550255
1860143
1328518
1301045
1305742
1307331
1301377
1329515
1325515
1329109
1314094
1306370
1314084
1560156
1301389
1550252
1560624
1324505
1566885
1321817
1329516
1314095
1560620
1560154
1306372
1315146
1559909
1303253
1309261
1306371
1306380
1315165
1314186
1305745
1327096
1325518
1320514
1314509
1860512
1860144
1305281
1301383
1317411
1323649
1860623
1325513
1322242
1314500
1314185
1860625
1314508
1300456
1566444
1550256
1301376
1321812
1308352
1321845
1305740
1311510
1560621
1550258
1322295
1309260
1315118
1328515
1321816
1306381
1860622
1327046
1300459
1307336
1305746
1329114
1314087
1305284
1315147
1315149
1300455
1327099
1301380
1559908
1309267
1314184
1305289
1320512
1305287
1560626
1559903
1314092
1566884
1560155
1320515
1324506
1559907
1860624
1314501
1315164
1321813
1305288
1306374
1305747
1314511
1314183
1305748
1305283
1325512
1300452
1550257
1314086
1306382
1550250
1300458
1301379
1311511
1560613
1328516
1306389
1307333
1320513
1306388
1320518
1314502
1559902
1566443
1301378
1325516
1559906
1321811
1315148
1321886
1315162
1566882
1565110
1322512
1314093
1566453
1306373
1322229
1311512
1314510
1307335
1305280
1321846
1329108
1329119
1328510
1322222
1305285
1559905
1565118
1309265
1566883
1322225
1307334
1325514
1566889
1314090
1301381
1314503
1860628
1569528
1322297
1328513
1329518
1559901
1314081
1315163
1321810
1315115
1329117
1565111
1560623
1307330
1306379
1322223
1307339
1309266
1305743
1559904
1314099
1550253
1560622
1325517
1309264
1301384
1300454
1314080
1559900
1550259
1329519
1328519
1328514
1329517
1322224
1306387
1566880
1321818
1328512
1306378
1306375
1308252
1566888
1314091
1314504
1860629
1320516
1322296
1314098
1314505
1305749
1301385
1324509
1569512
1314182
1329510
1305282
