1396261
1391577
1381280
1396226
1381298
1386225
1396246
1391578
1386131
1396243
1386212
1386265
1396228
1396256
1396220
1391568
1396219
1381269
1391325
1381270
1386204
1377170
1396244
1395243
1386228
1391574
1391561
1396227
1386223
1396221
1391565
1386218
1396245
1391265
1396231
1395241
1386226
1391562
1381299
1395244
1391573
1386221
1360154
1396222
1391548
1381291
1391563
1396257
1386203
1391357
1391572
1381285
1391564
1391560
1386227
1381281
1391273
1391579
1358481
1396248
1386237
1391311
1396224
1396223
1391571
1391575
1391570
1396249
1396262
1391323
1396225
1396212
1381525
1396240
1391576
1386222
1391569
