1891567
1338253
1330620
1890624
1891405
1896262
1337212
1896217
1891314
1891263
1891555
1891321
1890625
1337217
1891322
1333800
1895244
1891312
1332805
1896239
1891553
1895118
1896246
1891366
1337515
1891260
1895245
1891541
1333801
1531214
1891351
1534524
1530624
1891574
1334800
1896225
1891325
1891560
1891279
1337516
1330157
1531215
1338254
1333804
1891404
1890613
1896238
1891370
1891267
1333865
1895110
1892198
1895242
1896250
1335802
1891305
1891361
1335803
1891400
1891577
1330622
1896265
1339085
1333870
1896224
1896247
1891261
1891493
1891568
1891556
1891306
1330621
1891578
1533526
1891360
1896215
1337210
1896236
1338215
1891266
1896218
1891307
1895111
1891369
1333803
1333867
1335800
1530623
1891550
1334801
1332800
1896229
1896251
1338252
1891278
1891559
1896269
1891403
1891576
1892197
1896264
1890620
1896245
1339086
1891492
1891557
1891569
1530155
1891316
1530626
1335805
1896210
1891309
1330623
1338218
1891324
1891368
1896259
1891402
1896266
1891363
1338216
1896228
1533525
1338251
1891269
1337216
1332802
1891409
1891579
1891372
1531245
1891551
1896216
1896219
1891558
1891268
1891491
1891373
1339087
1330624
1531218
1891308
1891317
1890626
1890154
1339084
1530625
1332803
1896268
1332801
1896256
1896237
1896257
1891358
1896227
1333872
1337518
1896258
1531246
1333805
1339088
1337215
1335804
1896234
1896220
1896249
1530156
1338213
1334803
1891327
1891490
1330155
1891543
1530613
1333869
1890155
1330626
1530157
1338214
1896267
1891355
1531219
1891271
1896212
1332804
1890622
1896248
1891359
1891548
1891562
1891374
1333866
1891274
1890621
1892199
1891352
1896235
1891326
1891542
1334802
1891272
1896211
1896260
1337213
1891563
1891496
1338241
1891365
1891549
1891356
1895240
1891318
1891311
1891498
1896226
1330156
1896254
1891265
1896253
1891270
1896214
1891407
1330613
1333802
1530621
1891354
1338212
1337517
1891375
1891319
1896221
1338250
1330625
1892195
1896240
1891570
1534512
1891547
1896233
1891328
1891573
1890623
1337214
1891497
1891362
1891357
1896242
1530154
1891564
1896255
1535335
1531216
1891378
1895241
1339089
1339082
1896261
1891545
1338219
1891264
1892196
1896223
1533529
1896243
1533528
1891275
1338211
1891546
1891406
1333864
1531217
1337211
1891329
1891376
1891494
1891371
1334804
1530622
1333871
1891273
1891262
1896232
1895112
1891364
1891565
1896263
1890157
1896241
1896230
1334805
1891350
1330154
1891310
1891408
1891571
1890156
1891561
1337218
1335801
1338217
1891401
1891315
1891313
1891377
1891552
1533527
1339083
1891554
1337519
1891544
1891499
1896252
1333868
1891276
1891572
1891320
1891540
1891323
1895113
1891353
1895243
1891367
1891575
1530620
1896231
1891379
1896222
1338210
1891277
1891495
1896213
1891566
1896244
