1391364
1391373
1506253
1505047
1516240
1381260
1391324
1377611
1386257
1599569
1515153
1505152
1585002
1596268
1381491
1377329
1391409
1390626
1585159
1519010
1386200
1599582
1381295
1526267
1386207
1505019
1519009
1525054
1370624
1505141
1505038
1358492
1500626
1391320
1595016
1515048
1377195
1590625
1377608
1505020
1516249
1358428
1391491
1586240
1599556
1526247
1599561
1391554
1391404
1377315
1596241
1596240
1516235
1386130
1505155
1515040
1392199
1585161
1380625
1525016
1599541
1585028
1386250
1595099
1585082
1595006
1396254
1525043
1396211
1585027
1506237
1525007
1599579
1396233
1391310
1396239
1515033
1526240
1519566
1386201
1391375
1515158
1377631
1381289
1515021
1596246
1586250
1391350
1589557
1500624
1589564
1396215
1599571
1358444
1599546
1515152
1599590
1596229
1515011
1506263
1585013
1586231
1377617
1586267
1596253
1505026
1506252
1515167
1391317
1515027
1377168
1386259
1350623
1391267
1377189
1396237
1585014
1519055
1377179
1596210
1391306
1585023
1386230
1599572
1596267
1515146
1515144
1596217
1505021
1377603
1599544
1596260
1529560
1510621
1505049
1381296
1386215
1595094
1586269
1380624
1506245
1596237
1589544
1596220
1599598
1529567
1391361
1377304
1599564
1585158
1595091
1377600
1589566
1596223
1515049
1519011
1516241
1590623
1599553
1381261
1599589
1391272
1585003
1351160
1505167
1505174
1525026
1585036
1505160
1505012
1386206
1391567
1585004
1585160
1525053
1505147
1525010
1526265
1525039
1526234
1595003
1381490
1386205
1377311
1589556
1525048
1506234
1370625
1599595
1586262
1391316
1505027
1381485
1358427
1595000
1525057
1386267
1391492
1500613
1391376
1599597
1515028
1381529
1392198
1526233
1358493
1526248
1520625
1381459
1360626
1516254
1596232
1515020
1390154
1519056
1377178
1515166
1386220
1586255
1505150
1586259
1526253
1381457
1505036
1516269
1505046
1585025
1585167
1358446
1515039
1380623
1515019
1505041
1515159
1505018
1585083
1599567
1358490
1599554
1516255
1390623
1515169
1525042
1391553
1391371
1515151
1510620
1586233
1519008
1505161
1595015
1599540
1396238
1515145
1519561
1506260
1358486
1515030
1585022
1505166
1526246
1381492
1381263
1505140
1506241
1585032
1373917
1396216
1585152
1386231
1391367
1391494
1515037
1377605
1585015
1586248
1505143
1377610
1596256
1391362
1506269
1506246
1595243
1506255
1596243
1596234
1505029
1391307
1377624
1381283
1396255
1386211
1519005
1525009
1373260
1377303
1515160
1599584
1526269
1595111
1391403
1515149
1381278
1520620
1377614
1360156
1358499
1391326
1525032
1585149
1381528
1350622
1525045
1391322
1525025
1377169
1585142
1516248
1391308
1386132
1596257
1506235
1381277
1599587
1526235
1506254
1516260
1586256
1525021
1599575
1525023
1386240
1381493
1529568
1381284
1370622
1596251
1585026
1381482
1510622
1391543
1596212
1396210
1596258
1377321
1377623
1589555
1391279
1519562
1386213
1526255
1596238
1358498
1506268
1377323
1519019
1391269
1505148
1586247
1516251
1586234
1370141
1381456
1505158
1595244
1391359
1505010
1596233
1595112
1515036
1515029
1370613
1515012
1515142
1595245
1381484
1585153
1515038
1358449
1599559
1525050
1595097
1380905
1377602
1525022
1391547
1381271
1381268
1386210
1589547
1380622
1505179
1395112
1526266
1586260
1586261
1373267
1526254
1589562
1505169
1529566
1395242
1391493
1386264
1505176
1381294
1358491
1515031
1515140
1381282
1519560
1505028
1585039
1516242
1391556
1585021
1506240
1515161
1377312
1381487
1515178
1391377
1358426
1515014
1586257
1589568
1599562
1370156
1596227
1526239
1506247
1585143
1386241
1396230
1377306
1525004
1515023
1377320
1529561
1370623
1599581
1525031
1595008
1505044
1525059
1391360
1525005
1373266
1519563
1529569
1599542
1396258
1392196
1380906
1386229
1589541
1391374
1377163
1391544
1505153
1391352
1595019
1505159
1526236
1599592
1358484
1516230
1516268
1590620
1350621
1377322
1396217
1358448
1358443
1589546
1390621
1360624
1589554
1506232
1596230
1377177
1519004
1596254
1391406
1506261
1585034
1516261
1520626
1381286
1596218
1599548
1515018
1510623
1599570
1370157
1515148
1596263
1390624
1525033
1391314
1526258
1505039
1515143
1516250
1377184
1520623
1391370
1585008
1526245
1377313
1377191
1381262
1515045
1515179
1525003
1589548
1391351
1390622
1515141
1516243
1589563
1516246
1380155
1595098
1506233
1516253
1505145
1515015
1505178
1505163
1515168
1525047
1391496
1580626
1586246
1391379
1358497
1585006
1525024
1580621
1525019
1599588
1373265
1586258
1586235
1505011
1585148
1396236
1395111
1506239
1526230
1585141
1358485
1391327
1516244
1377607
1515150
1391264
1395118
1596245
1391365
1595118
1585169
1585154
1370621
1516231
1599593
1595009
1526263
1505156
1350626
1599560
1506248
1596248
1599565
1589553
1585084
1396229
1515044
1386263
1505168
1599578
1586253
1506257
1589560
1516267
1390155
1350613
1596261
1595093
1360623
1599591
1377300
1585009
1377305
1519564
1599596
1370626
1396235
1351161
1599550
1529563
1599583
1596235
1515162
1386252
1386235
1505037
1520624
1506258
1585033
1520613
1377171
1396218
1396232
1505151
1505045
1377182
1515171
1391559
1377199
1525034
1391402
1377176
1377319
1381275
1519007
1585010
1515010
1595005
1519014
1377314
1506267
1515017
1520622
1589540
1396260
1377162
1391271
1505023
1373264
1525040
1516258
1599573
1595241
1505030
1515016
1377185
1585151
1505177
1395245
1586254
1526237
1380613
1395240
1525006
1599547
1391278
1586245
1377190
1391313
1515176
1515156
1599568
1596249
1526251
1380154
1506230
1516259
1377193
1526244
1381499
1526264
1381264
1380157
1505170
1381494
1377175
1377196
1586236
1391368
1596236
1506249
1585019
1515022
1525012
1585005
1599585
1526241
1596242
1525035
1516247
1505164
1589561
1516245
1506256
1515165
1381293
1360622
1505022
1585168
1596247
1519003
1381489
1525030
1373916
1386238
1580620
1505042
1599586
1529564
1386262
1589549
1358496
1505031
1377634
1525020
1585155
1526243
1526261
1595240
1580625
1380621
1391372
1585024
1392197
1391354
1350625
1377328
1386202
1505016
1595242
1525002
1396214
1595002
1505142
1506259
1585140
1586252
1596225
1396247
1377325
1580613
1377604
1585031
1515170
1510625
1590622
1595110
1358482
1391545
1590613
1596222
1520621
1506266
1595096
1586241
1381266
1505017
1586263
1391401
1586266
1595113
1377621
1386239
1596211
1377620
1391328
1377635
1391358
1586237
1391495
1526238
1386232
1519565
1386253
1381481
1391549
1519568
1500623
1599576
1515163
1391277
1515034
1370620
1599558
1391546
1585150
1377165
1377174
1586230
1358495
1515025
1391274
1590626
1505162
1377172
1595017
1506238
1381276
1386234
1505165
1381265
1519002
1589543
1391262
1386216
1525011
1515157
1596228
1377308
1599552
1377324
1391550
1516266
1516262
1381497
1519059
1358441
1396268
1525036
1525017
1500621
1515177
1381486
1526242
1525049
1585145
1391268
1585163
1395110
1525014
1360621
1596266
1516232
1525029
1391408
1377628
1585011
1351163
1596214
1596219
1599594
1505157
1380626
1510624
1515024
1596269
1391275
1525001
1381292
1585037
1505171
1526256
1380156
1586265
1526231
1596264
1386209
1396265
1585030
1585018
1585080
1377317
1526252
1506231
1596255
1516252
1373263
1585012
1377164
1589550
1585000
1585164
1515164
1381288
1589565
1506242
1391329
1525056
1515172
1529562
1526262
1386261
1386242
1589558
1599563
1386219
1381273
1505032
1377327
1580624
1590624
1599543
1391407
1377618
1505025
1525052
1358442
1599557
1595007
1396251
1515046
1515174
1391353
1586264
1505146
1580623
1358440
1599566
1391498
1596231
1585157
1377183
1519012
1391366
1589569
1381458
1358494
1596226
1596265
1505035
1526250
1358445
1596252
1586251
1586238
1396252
1377606
1505014
1506251
1377307
1586242
1505172
1377192
1505175
1516239
1391400
1516265
1377601
1381297
1390620
1599599
1377166
1599549
1589551
1516238
1396266
1519569
1599574
1377302
1391312
1505154
1516237
1519058
1525055
1381287
1396253
1589542
1595001
1386208
1596224
1525037
1595090
1377309
1395113
1516233
1396213
1586268
1516256
1396267
1391552
1377187
1580622
1386255
1392195
1519057
1500622
1391276
1373262
1510626
1585038
1585165
1381480
1595018
1526232
1599577
1505033
1585007
1390156
1377636
1377627
1525041
1599580
1596213
1381274
1519013
1515043
1377180
1585156
1360613
1585020
1506265
1519016
1525018
1386258
1391490
1358429
1516234
1396263
1515155
1526268
1396234
1525046
1506236
1505173
1519000
1377609
1596239
1391319
1525028
1585029
1506264
1585035
1500620
1515041
1596244
1525015
1505024
1519015
1505034
1525013
1586239
1386217
1377626
1526259
1585081
1586243
1515047
1505144
1516263
1386214
1525008
1516236
1377316
1377619
1381272
1391551
1599555
1391309
1391260
1519006
1515032
1585162
1377194
1589559
1585144
1505015
1377167
1506250
1505048
1377326
1515154
1525051
1391363
1386260
1585016
1515035
1396264
1506262
1515013
1505149
1515173
1391378
1515026
1377310
1515175
1381279
1525044
1526249
1519567
1391558
1525027
1386233
1377181
1390613
1381527
1596262
1529565
1596259
1386256
1525038
1596250
1596216
1516264
1526257
1377625
1377616
1391305
1589552
1377630
1589545
1381455
1526260
1391369
1599551
1500625
1585166
1586249
1358447
1377301
1586244
1586232
1585147
1515042
1391318
1358483
1396250
1519017
1515147
1596221
1510613
1386251
1391270
1525058
1350624
1590621
1506244
1391540
1595004
1390625
1525000
1506243
1516257
1360157
1519001
1519018
