1340254
1340502
1345199
1340562
1345158
1345150
1345164
1340141
1340510
1345198
1340140
1340515
1340269
1345197
1340567
1345173
1345163
1340564
1345176
1340517
1345157
1345166
1345174
1340263
1340500
1340423
1345179
1340528
1340509
1345152
1340252
1340264
1340566
1340147
1340561
1340518
1340507
1345171
1345165
1340519
1340525
1340424
1340512
1340569
1340251
1340508
1340421
1345159
1340257
1345168
1340265
1340146
1345177
1345154
1340258
1340145
1345172
1340522
1340520
1340563
1340505
1340266
1340422
1345151
1340144
1340527
1340267
1345169
1340506
1340259
1340250
1340521
1345162
1340511
1340514
1340504
1340568
1345156
1340260
1345153
1340143
1340268
1345175
1340529
1340253
1340524
1345170
1345178
1340262
1340503
1345155
1340142
1340513
1340560
1340256
1340516
1345167
1340523
1340501
1345161
1340526
1340565
