1519173
1377267
1529147
1363676
1509107
1502917
1510917
1522957
1509117
1389177
1592960
1357117
1399273
1389279
1509126
1357118
1529175
1399279
1389172
1399175
1519172
1360917
1522995
1589120
1587750
1522947
1389249
1509160
1377264
1512917
1389171
1502987
1389273
1529178
1589138
1522968
1519171
1512937
1360927
1519174
1509147
1509157
1389248
1512945
1399278
1377265
1377270
1357172
1589107
1399173
1509120
1389278
1512998
1389274
1375973
1399277
1590923
1589119
1529177
1522997
1599197
1399271
1389178
1389271
1529170
1399174
1522917
1389247
1389275
1399275
1587737
1380917
1587769
1357173
1389246
1389174
1529171
1599107
1390917
1375974
1389173
1502964
1580917
1399274
1587751
1357170
1512985
1389242
1399272
1377268
1589147
1357175
1519176
1519175
1522987
1399157
1350917
1512950
1529197
1529179
1512999
1519187
1509169
1511497
1502947
1589121
1357171
1357179
1522976
1375975
1520917
1519178
1529173
1389176
1370917
1357174
1512994
1587760
1377269
1357178
1389244
1363682
1522977
1509171
1512977
1582987
1519196
1357176
1587742
1529172
1500927
1522967
1509108
1375976
1357177
1389240
1399270
1389245
1589134
1377266
1389243
1582950
1500917
1399170
1389179
1512966
1529174
1582940
1357116
1509170
1375977
1509114
1389241
1389170
1363675
1529176
1357119
1399172
1519177
1375978
1502937
