1566744
1559265
1320922
1569154
1559263
1322797
1310966
1566742
1559173
1325917
1319634
1559270
1559252
1561918
1569153
1561973
1310917
1310828
1300849
1559275
1559255
1315223
1559267
1559278
1566743
1559170
1561972
1308890
1559260
1561976
1310829
1561971
1566740
1309291
1569152
1303848
1323917
1559178
1320923
1559179
1315222
1320920
1322843
1325924
1552917
1308893
1569151
1559273
1320917
1552918
1559262
1302644
1566741
1559264
1325921
1868195
1559254
1322007
1328919
1561970
1561977
1320921
1306049
1559176
1315221
1561978
1559257
1559171
1327918
1315220
1328917
1322009
1309292
1308891
1310804
1327919
1325923
1559279
1559256
1309815
1315224
1559276
1559266
1300847
1308894
1559271
1310914
1327917
1569150
1300848
1306048
1559258
1559259
1559174
1559277
1559274
1561917
1309816
1559261
1559250
1860917
1314917
1561975
1560917
1860927
1559175
1310915
1309290
1559268
1559269
1559253
1328918
1322847
1561974
1309293
1559251
1306047
1559172
1308892
1559177
1559272
1310916
1325922
1303849
1328943
