1502895
1372236
1507637
1360314
1383240
1523144
1583146
1383249
1378539
1593314
1509781
1358242
1512856
1350334
1517674
1523343
1513386
1583314
1512857
1373014
1378445
1583240
1593367
1383242
1512861
1510324
1593240
1507699
1507692
1383149
1523087
1378538
1517680
1523349
1507693
1351314
1507694
1378453
1503169
1503131
1513381
1523145
1383246
1502896
1523344
1390314
1513380
1583241
1523148
1372240
1383245
1513169
1593368
1383148
1373034
1503163
1383140
1512862
1383341
1523149
1507549
1393243
1523088
1510314
1383141
1523348
1513387
1373324
1383142
1393244
1583242
1509787
1393240
1502898
1383244
1523340
1520324
1523345
1523147
1372241
1512855
1517678
1373140
1523341
1513388
1590314
1517679
1583143
1593140
1523089
1523168
1520314
1383343
1502899
1507696
1383143
1351324
1503314
1383247
1512893
1513389
1523346
1583145
1583243
1523342
1507695
1509785
1513382
1580324
1523146
1512863
1583289
1593099
1503130
1393241
1512860
1393245
1509786
1393249
1373142
1502893
1500314
1373141
1583142
1383340
1370314
1523347
1523140
1393140
1358286
1593008
1580314
1502897
1507689
1509789
1502853
1513148
1583288
1509782
1383147
1393246
1378537
1393242
1517677
1502855
1583148
1507698
1513383
1502892
1583324
1373144
1507690
1590334
1509788
1523141
1500324
1393248
1583141
1513168
1517676
1523309
1512859
1380314
1373334
1393247
1503168
1383145
1593365
1507697
1383144
1522789
1509783
1523143
1378544
1393142
1523142
1360334
1590324
1513384
1502854
1363324
1507635
1383342
1390324
1350314
1517675
1593009
1523169
1512858
1373024
1509780
1503165
1583149
1583140
1383241
1502894
1513385
1373143
1593366
1593241
1383248
1523324
1583326
1512864
1523314
1503167
1580334
1383146
1503166
1507691
1383243
1507636
