1551236
1553146
1310324
1323144
1303140
1323141
1328339
1325317
1553314
1329327
1329328
1323145
1313146
1563244
1860334
1329320
1308459
1553147
1329325
1325318
1569490
1303141
1561247
1553144
1553143
1313147
1563247
1303142
1563248
1561267
1329326
1553145
1328337
1551248
1551237
1328336
1310314
1561248
1313140
1560314
1563246
1551239
1561245
1328335
1309133
1561266
1313141
1328338
1563240
1310334
1303209
1563314
1313143
1561246
1561268
1553142
1329323
1323149
1329324
1313149
1561265
1569009
1569494
1860324
1323148
1561269
1313142
1563241
1563243
1329329
1551238
1325319
1323146
1569008
1309135
1313148
1329322
1860314
1561249
1313144
1323142
1553140
1553149
1563249
1563242
1323147
1310304
1323140
1553148
1553141
1323143
1551249
1313145
1329321
1563245
1308189
