1355595
1350077
1355592
1364496
1366428
1361409
1361092
1355594
1364423
1384265
1361085
1364426
1365424
1365493
1355591
1355597
1361426
1366425
1364424
1364427
1355593
1361093
1361091
1364493
1364409
1365426
1359134
1366429
1366424
1355598
1364428
1362425
1362408
1388968
1366423
1366426
1365491
1361094
1362494
1364491
1362426
1365498
1364498
1355599
1364408
1362409
1361095
1366422
1365409
1364411
1365411
1365420
1364425
1362411
1365494
1365408
1394095
1367424
1364494
1361096
1366427
1362428
1366420
1584113
1367426
1362424
1365492
1364495
1361086
1367411
1366421
1599867
1361428
1347893
1355596
1362498
1362491
1361084
1365425
1365428
1361408
