1860985
1860428
1554264
1566321
1313041
1554243
1325294
1325299
1301943
1550262
1564088
1564095
1554110
1860495
1864118
1554114
1564114
1305275
1323801
1560411
1552475
1569889
1307985
1566315
1319426
1307988
1554239
1307981
1554113
1321420
1323802
1307417
1307414
1560408
1554258
1554120
1554256
1554267
1560409
1554231
1305273
1300945
1554245
1314784
1864119
1552476
1564080
1564110
1554242
1554252
1323809
1328422
1569886
1864116
1313004
1552479
1305055
1560426
1315426
1313046
1552465
1315411
1300943
1323409
1552466
1552480
1305054
1325293
1554238
1864115
1560986
1554121
1550427
1322428
1307986
1554112
1314785
1313047
1323807
1300940
1554257
1566337
1308410
1552464
1552477
1569411
1564081
1564090
1305052
1552459
1550428
1554119
1552487
1552481
1566335
1554250
1569885
1554126
1305278
1308413
1313001
1560985
1554255
1860408
1552462
1566317
1308411
1313049
1323694
1552478
1860494
1864114
1564119
1554244
1307983
1325292
1319411
1319428
1552463
1323808
1307410
1552488
1552460
1308412
1566336
1554262
1320407
1323407
1323408
1307989
1301947
1552489
1554125
1305053
1301949
1554118
1564089
1564099
1300941
1307419
1312428
1305279
1301948
1313426
1313003
1552482
1314786
1554124
1566316
1301094
1564082
1300944
1313048
1552461
1560428
1554269
1554247
1864113
1305276
1325291
1564118
1327411
1864112
1313044
1314989
1860984
1307980
1325298
1322420
1552484
1307411
1566339
1554253
1554234
1550264
1328423
1320411
1320406
1552470
1550425
1323406
1323691
1325290
1305051
1305056
1564083
1554268
1323805
1314987
1564117
1552471
1310411
1554249
1301945
1313042
1301940
1564092
1312411
1313045
1564097
1552456
1554263
1314988
1860411
1320408
1564091
1308418
1554116
1554246
1550263
1323693
1305050
1550426
1554235
1307413
1552472
1566319
1313000
1323806
1307984
1323405
1305277
1305271
1566318
1320405
1552469
1305057
1301946
1554232
1323803
1552483
1554260
1312427
1308414
1554254
1554241
1564098
1564084
1305274
1552455
1308417
1322411
1860986
1552458
1307982
1564116
1321411
1321428
1313428
1552486
1552473
1323690
1300946
1564111
1554117
1325296
1305058
1860426
1307412
1564094
1566338
1313040
1554230
1554270
1320409
1308415
1564085
1554233
1300949
1564112
1554261
1323800
1325295
1864111
1308416
1552485
1314986
1305270
1301942
1325297
1554237
1566320
1323804
1552468
1552474
1323692
1554251
1554122
1554111
1864110
1312410
1550424
1564115
1554240
1300948
1564087
1864117
1554115
1305059
1564096
1313043
1313002
1564113
1554265
1301944
1554259
1564093
1552457
1552467
1300942
1569888
1554236
1301941
1307415
1554248
1554266
1321422
1322422
1569887
1307416
1560984
1860409
1323411
1554123
1564086
1328411
