1510409
1350411
1374118
1504043
1524256
1350070
1594267
1350426
1594261
1359118
1514055
1580424
1594087
1399868
1360411
1350079
1374287
1584118
1584060
1584246
1504247
1514243
1599841
1394208
1359112
1394285
1384286
1524113
1504055
1399866
1360425
1384118
1390984
1374280
1388948
1514061
1584061
1379517
1514053
1524251
1359131
1584088
1389869
1504241
1594113
1380495
1514032
1510406
1518403
1388945
1388950
1389849
1599854
1589811
1388949
1388959
1374267
1584116
1599860
1584089
1594096
1399854
1584091
1524110
1571238
1360426
1594282
1589818
1384082
1524114
1384119
1384112
1514067
1394282
1594280
1359113
1504117
1599851
1518400
1384281
1350496
1359183
1384091
1380411
1374119
1388962
1351605
1350495
1516408
1514230
1594093
1514111
1584264
1379516
1384266
1374084
1374098
1384284
1504246
1374091
1524262
1584247
1504060
1524255
1599859
1584082
1594269
1514038
1394089
1514235
1514033
1514031
1514241
1514068
1359173
1350408
1394260
1594268
1584063
1388954
1599843
1594245
1584117
1350425
1374266
1584083
1388942
1350078
1516407
1360408
1584269
1389867
1374260
1390409
1584262
1374085
1374289
1504061
1374288
1594086
1524250
1394099
1504040
1594283
1394283
1510407
1516400
1584081
1589819
1504110
1504119
1384090
1394112
1394286
1504047
1374112
1571239
1384083
1360985
1584062
1594114
1390986
1514039
1374090
1384093
1394094
1394090
1359133
1584110
1379518
1594094
1594240
1514060
1389840
1394111
1594085
1389862
1516401
1374261
1584090
1350428
1374082
1594260
1389847
1394261
1379515
1524119
1359116
1384116
1504046
1524263
1384084
1524112
1388967
1388961
1589810
1510411
1514069
1359172
1516405
1374269
1380428
1584080
1394083
1590986
1504118
1514041
1514238
1524267
1388943
1359115
1374093
1394284
1514113
1370426
1590984
1388952
1599844
1594080
1514048
1584261
1524260
1514247
1584249
1394118
1514232
1514066
1504111
1384085
1514059
1394093
1594090
1514030
1390985
1594246
1350075
1594083
1374113
1599849
1884110
1384282
1394110
1374110
1504059
1584087
1584240
1389861
1524261
1524149
1584066
1384285
1514237
1399846
1594099
1380408
1504050
1584115
1379519
1394119
1394264
1374268
1594263
1388965
1374080
1359181
1504112
1504244
1388966
1589816
1594288
1374083
1594119
1524111
1516404
1504049
1518401
1594244
1384267
1384263
1594247
1394096
1514040
1359114
1514239
1374262
1388955
1584111
1516402
1514110
1370428
1394097
1594281
1384092
1524117
1374092
1399853
1599846
1388951
1500411
1514058
1399845
1379513
1370408
1394088
1394204
1394200
1524266
1388944
1374285
1584248
1584092
1594084
1384115
1514246
1594089
1584266
1514244
1399855
1510405
1584260
1599857
1516409
1584069
1359175
1884111
1384268
1504058
1374115
1514063
1589817
1359174
1599850
1370009
1374111
1514043
1504245
1388941
1504048
1390411
1370011
1584068
1370409
1524148
1584093
1584241
1584114
1584097
1370411
1584067
1374087
1514249
1374284
1504113
1389863
1599863
1514231
1359180
1594248
1584265
1384264
1394209
1360986
1599852
1388958
1594081
1359176
1359136
1374094
1514242
1390428
1599865
1394267
1584096
1584064
1599845
1384114
1360984
1584268
1384094
1350424
1359130
1384269
1516403
1374263
1584086
1584242
1524258
1590495
1514050
1514234
1384283
1514056
1394289
1599840
1394085
1384080
1359137
1374114
1524269
1589814
1514049
1374265
1594262
1399844
1599848
1584085
1504051
1389845
1374116
1388940
1384087
1394113
1389864
1590411
1524145
1359178
1374086
1594117
1514036
1599864
1399860
1884112
1524118
1524254
1399851
1514112
1599855
1504044
1590424
1394281
1504056
1388963
1514115
1594287
1584094
1359177
1524259
1514248
1374264
1584244
1374283
1388953
1594265
1590496
1380494
1504243
1389866
1584243
1884114
1389844
1594289
1394207
1514042
1524146
1524115
1594082
1374089
1384111
1504249
1384081
1394266
1584099
1594091
1594264
1389841
1514051
1359179
1524268
1584065
1384261
1594092
1399857
1514037
1399843
1351411
1384288
1399852
1594241
1594286
1388946
1388957
1390408
1384262
1514057
1504057
1350409
1584112
1599861
1500424
1379511
1374117
1350072
1504114
1580426
1384096
1524253
1589815
1594118
1599847
1584084
1374096
1374099
1514062
1594112
1510408
1514236
1359110
1379512
1599866
1584098
1584245
1389843
1350074
1359111
1524116
1584267
1359138
1504054
1594284
1594115
1594111
1370986
1388947
1394265
1524147
1374282
1504063
1514245
1389842
1589813
1394115
1504242
1594285
1594242
1389865
1594249
1360409
1584095
1359171
1504115
1884113
1590425
1384110
1504045
1514119
1504064
1514117
1504053
1599856
1599868
1514114
1514240
1394082
1388969
1374286
1374281
1359132
1500425
1594095
1504248
1514047
1599853
1390426
1514034
1514054
1360424
1599862
1514045
1504042
1524257
1524252
1504041
1516406
1514052
1580411
1514065
1374097
1359117
1599842
1599869
1580425
1590426
1394288
1524264
1594088
1594097
1514118
1594116
1514116
1384280
1500426
1504240
1594266
1594098
1514233
1518402
1360428
1359170
1594243
1590494
1388960
1504116
1359139
1504062
1514044
1504052
1590985
1514064
1384113
1514035
1384289
1594110
1584119
1514046
1589812
1394114
1380496
1524265
