1333226
1890428
1339051
1334220
1530980
1339000
1335404
1890408
1334225
1330428
1337286
1332228
1894099
1532617
1890985
1333227
1330985
1332222
1333225
1339050
1894085
1890986
1335403
1533112
1330986
1331426
1334228
1333228
1332411
1890409
1334227
1894091
1335224
1894095
1335411
1338785
1335223
1339001
1330409
1894084
1338784
1335405
1336411
1894082
1339002
1890426
1334224
1331428
1335226
1335225
1332229
1532615
1335426
1335406
1339003
1335222
1335227
1894092
1530983
1339411
1334223
1532614
1333221
1894087
1532616
1339005
1894097
1339004
1530411
1334229
1894086
1335228
1338788
1335400
1335409
1335407
1334221
1335428
1335221
1333224
1530404
1330984
1338787
1339006
1332223
1333223
1894094
1332420
1335402
1331411
1339053
1333229
1530403
1890984
1894089
1333220
1335408
1335220
1332226
1890411
1894080
1533083
1332224
1338786
1334222
1530984
1335229
1530982
1894088
1533082
1330426
1334226
1339054
1894081
1338789
1894083
1894090
1332225
1530981
1337287
1333222
1332220
1338783
1335401
1330411
1330408
1332227
1339052
1894096
1894093
1894098
1338411
1332221
