1518683
1518680
1518692
1587021
1518566
1370855
1508525
1512141
1518561
1388555
1508569
1528632
1388557
1518556
1508624
1518679
1528526
1518575
1512143
1359557
1388550
1350855
1587022
1587026
1508568
1598552
1376550
1588511
1518684
1508566
1518569
1528525
1388556
1528633
1398445
1512140
1518576
1518691
1512147
1587029
1359556
1518677
1363808
1518690
1518555
1518558
1359555
1518678
1512145
1528636
1528634
1376554
1508622
1518685
1398580
1528639
1518577
1363809
1520855
1508623
1518560
1518568
1518563
1359554
1598553
1518571
1528630
1508520
1376555
1528529
1518689
1580855
1598551
1587020
1363806
1388558
1528635
1508620
1588512
1512146
1376556
1508529
1359553
1598556
1528528
1590855
1398582
1508521
1518570
1588582
1351855
1388559
1528638
1398528
1359550
1518688
1508522
1598554
1518565
1359551
1587027
1398581
1363807
1508528
1518579
1376557
1588583
1518694
1528527
1512142
1376558
1508567
1518562
1508621
1518687
1528637
1508527
1390855
1518573
1376553
1398583
1359559
1587028
1590255
1518578
1510855
1518686
1376552
1518681
1508565
1587023
1508523
1388552
1518572
1598557
1376559
1588584
1518559
1500855
1508526
1388553
1359552
1598550
1518567
1587025
1359558
1508524
1528631
1518693
1363805
1518682
1376551
1588580
1518564
1388554
1588513
1587024
1518574
1398584
1500850
1518557
1512144
1588581
1388551
