1551614
1551852
1303398
1553933
1553930
1303032
1321395
1303030
1551548
1324320
1563938
1563939
1322393
1551664
1566432
1551549
1551853
1303031
1551663
1863994
1860393
1551545
1551854
1321394
1313735
1312444
1310364
1553938
1560393
1313734
1551430
1551547
1325308
1551610
1551856
1863993
1553937
1564974
1322398
1308011
1553932
1327303
1328393
1553936
1310363
1553939
1551611
1553935
1551769
1329097
1564973
1551546
1322397
1563935
1567080
1321391
1553934
1551613
1569073
1551855
1563930
1564971
1564972
1324321
1563934
1563936
1321349
1551857
1303399
1303033
1321347
1308010
1563933
1321393
1563931
1324322
1328302
1561729
1321348
1553931
1551612
1329077
1563937
1551768
1321392
1564970
1321390
1551851
1308389
1563932
1313733
1325309
1314055
1328303
1327393
1308012
1310393
