1370767
1593932
1523936
1393931
1372173
1503932
1352564
1523939
1523933
1589329
1523937
1393934
1589325
1503933
1593930
1383935
1523938
1580393
1583939
1383926
1378138
1372175
1370080
1513854
1593677
1523996
1583933
1583930
1513935
1503934
1593676
1589049
1593670
1378133
1509024
1593931
1523930
1583936
1508324
1503939
1513939
1383925
1352561
1508323
1378130
1372179
1523995
1523999
1593678
1589048
1393933
1589326
1372174
1593675
1393833
1378131
1372177
1360343
1523935
1383938
1383936
1352562
1509022
1513931
1383928
1360383
1589320
1390393
1383933
1593679
1593672
1523931
1378136
1378139
1352563
1351393
1503936
1372178
1383939
1374933
1508322
1589047
1351391
1593939
1583931
1383927
1393930
1593671
1583938
1589321
1372176
1513930
1593933
1383934
1503935
1589045
1509023
1508321
1513936
1372170
1503938
1378393
1500393
1589046
1350393
1583934
1351394
1374932
1380393
1394972
1374930
1378134
1513933
1513938
1393832
1394974
1593934
1351392
1590393
1372171
1508328
1384933
1593937
1589322
1593673
1508320
1508329
1513852
1393935
1593935
1394970
1523934
1383932
1503930
1393938
1394973
1384932
1589328
1384930
1509020
1374931
1393830
1370383
1383929
1523998
1513934
1509021
1372172
1513853
1583937
1378137
1583932
1513932
1593938
1593674
1503937
1589323
1503931
1589327
1508326
1393939
1378132
1393937
1523932
1589324
1513937
1583935
1523997
1513851
1351390
1383930
1508327
1383937
1513850
1593936
