1389388
1582580
1509570
1519386
1399383
1389382
1512058
1580940
1510199
1510198
1368941
1389384
1510196
1383087
1399384
1509726
1519389
1399389
1509728
1519388
1368942
1580941
1380938
1529356
1512059
1399381
1529387
1509572
1520938
1383084
1510197
1529383
1519380
1512057
1399382
1383080
1510194
1529381
1580938
1389387
1391967
1519382
1502598
1519381
1390938
1383089
1529384
1510195
1520949
1502597
1383086
1509727
1529382
1519383
1529359
1529357
1391962
1391966
1383083
1383088
1399380
1389380
1529385
1519384
1389381
1529386
1529380
1399388
1509725
1391965
1389385
1373938
1500938
1351938
1520948
1391964
1509571
1519387
1510193
1389386
1519385
1509729
1399385
1529355
1580942
1383085
1399387
1529358
1510938
1399386
1391963
1383082
1509569
