1329715
1567121
1303526
1561498
1557195
1557194
1329718
1326488
1323565
1557196
1313570
1329717
1327719
1554995
1329716
1322724
1561497
1309428
1323566
1557197
1314728
1313571
1303525
1323567
1557191
1309849
1313572
1557142
1557198
1320726
1567120
1327726
1311444
1557143
1557199
1554994
1326489
1322761
1329719
1557190
1554997
1557193
1309427
1557141
1560728
1562950
1304276
1562952
1557192
1554996
1322760
1867167
1567190
1557140
1860728
1569719
1554999
1562951
1567192
1867166
1329422
1308526
1311710
1303529
1303528
1321719
1554998
1567191
1324726
1567193
1329421
1329714
1554993
