1390728
1597185
1527137
1359375
1580728
1589785
1587268
1599783
1363623
1527136
1507290
1587274
1527141
1363617
1507157
1370728
1373353
1397192
1387281
1398689
1589784
1527142
1363616
1363625
1397246
1597256
1597184
1373355
1359376
1517136
1527228
1358136
1517228
1359790
1587108
1359373
1517227
1509808
1599781
1597188
1387283
1387282
1517139
1379784
1387280
1517137
1589783
1527227
1363615
1363618
1597187
1599782
1592619
1507159
1387279
1387276
1379783
1527229
1399784
1589782
1597190
1587110
1359374
1517226
1527143
1587275
1599780
1363619
1359788
1387278
1388681
1388684
1597189
1399781
1517225
1587269
1373359
1500728
1527144
1379786
1507158
1387284
1387277
1397250
1517224
1379785
1363626
1592618
1388680
1363620
1373358
1597257
1589781
1590728
1399782
1517140
1359372
1359786
1507161
1398688
1589788
1359789
1388683
1509807
1361719
1397249
1592617
1510728
1587270
1587109
1373356
1397190
1397191
1507160
1589780
1363621
1363572
1388682
1350867
1517230
1363622
1399780
1597258
1507162
1359377
1597191
1587112
1397248
1380728
1359370
1592615
1589786
1359787
1398690
1373357
1363614
1587272
1527139
1587271
1363571
1517138
1597186
1509809
1397247
1527140
1363570
1587111
1597259
1507291
1527138
1387275
1379782
1359785
1397193
1379781
1363624
1587273
1589787
1373354
1592616
1520728
1398687
1517229
