1300108
1562177
1326417
1312049
1569970
1314110
1860119
1551013
1305115
1314616
1326400
1560100
1301121
1551001
1312147
1551022
1326926
1860002
1324134
1324133
1300121
1562101
1326424
1326999
1326123
1300101
1303119
1324138
1326022
1307016
1305122
1324182
1324191
1312478
1314645
1324097
1562110
1326045
1561135
1561158
1561183
1301019
1303104
1314606
1324048
1562138
1324001
1301006
1326151
1305140
1569973
1562167
1301184
1326961
1562174
1326328
1312047
1324029
1324018
1860127
1561186
1312040
1326407
1551023
1326027
1324164
1560101
1561165
1561139
1312664
1562199
1326023
1569998
1303101
1307015
1326144
1312471
1326132
1300114
1326155
1326332
1314671
1561146
1551004
1324173
1314119
1307113
1569991
1324155
1312687
1303110
1326912
1561140
1326925
1326314
1303112
1326434
1300129
1314681
1860000
1326013
1561113
1560123
1562181
1312023
1312663
1300011
1326962
1326112
1324072
1326975
1324128
1326035
1562163
1326026
1860134
1314684
1314116
1326008
1326194
1314607
1562150
1305102
1312161
1312012
1326179
1324143
1312037
1560112
1326333
1326935
1561193
1314125
1326412
1312660
1860133
1303109
1314674
1314652
1560111
1326315
1860124
1301110
1326939
1324115
1326948
1322014
1300119
1301111
1324186
1562112
1312182
1324023
1326191
1561138
1324079
1324146
1326453
1326049
1312196
1307112
1312015
1312686
1314624
1561125
1562156
1312191
1312020
1314145
1561106
1324027
1324098
1312132
1314614
1324168
1324036
1314663
1860107
1301185
1312009
1560121
1562169
1561103
1312697
1312119
1312168
1312177
1326111
1561168
1561131
1561132
1314655
1324110
1569988
1561112
1312160
1324117
1324171
1312041
1326416
1301112
1314124
1324024
1314132
1561159
1562128
1312698
1560102
1312146
1312677
1326012
1561130
1562191
1301118
1312693
1326192
1300126
1324174
1562197
1314642
1326021
1324121
1314627
1314689
1300045
1326426
1303102
1326992
1324041
1561147
1314699
1326313
1562151
1312153
1314141
1326320
1326904
1326437
1326143
1561133
1562109
1314618
1312668
1560134
1324037
1326452
1303105
1326998
1312026
1551019
1561124
1300100
1300106
1326166
1562111
1324193
1326048
1300109
1301113
1562122
1324014
1326408
1314646
1561141
1326442
1314617
1326449
1324157
1569978
1314670
1324002
1561102
1561182
1560113
1562160
1562139
1561164
1324042
1301180
1305145
1314696
1326436
1562168
1561107
1324103
1860116
1551008
1562115
1326152
1560120
1314117
1561188
1326979
1562159
1561155
1326323
1314698
1300123
1326968
1314676
1312048
1326156
1312169
1307018
1312022
1312116
1326349
1312125
1326169
1324122
1551021
1560135
1305110
1551024
1314660
1324181
1326036
1305131
1326165
1324081
1300194
1326915
1312004
1326413
1561169
1562129
1562180
1312655
1324096
1312183
1312107
1312676
1312017
1326007
1301123
1560103
1562158
1312163
1561162
1561192
1324074
1326178
1303114
1312126
1322015
1312669
1324107
1312135
1303108
1326972
1300128
1326451
1312190
1312472
1324144
1312176
1314675
1860132
1569996
1314140
1326441
1324132
1326130
1562131
1312473
1326025
1326105
1314113
1312134
1305125
1314647
1324016
1326181
1305130
1326186
1314131
1324145
1860106
1305111
1326950
1326174
1561109
1561116
1562136
1326038
1326000
1326427
1326193
1324028
1324038
1324179
1326422
1860104
1569979
1300103
1305124
1312117
1326344
1314103
1326121
1326114
1326047
1551029
1324109
1562148
1324194
1314133
1326986
1562183
1326933
1326951
1300117
1326932
1560110
1312027
1562108
1562190
1324039
1326321
1312032
1312685
1324185
1303113
1324167
1312154
1314604
1324104
1324131
1326937
1326146
1314669
1551011
1326029
1314641
1562188
1301120
1324071
1305144
1324013
1562154
1314122
1324035
1314634
1326993
1314619
1324158
1860117
1324049
1326997
1314690
1326973
1860114
1303100
1324082
1860125
1314668
1560118
1314104
1312106
1300195
1322017
1312699
1312193
1324073
1326164
1324180
1562118
1312127
1324195
1312184
1551016
1314148
1300049
1301181
1312475
1326020
1301007
1326916
1561199
1860004
1300102
1324184
1307111
1562192
1305127
1326955
1326042
1569993
1326139
1324188
1307119
1314661
1312042
1326335
1326402
1326322
1324159
1860100
1305128
1326129
1562171
1326348
1562127
1326157
1312014
1307110
1303106
1560105
1312124
1312145
1326106
1324130
1301126
1561174
1326002
1324118
1312692
1312152
1326415
1569990
1312652
1314654
1562165
1314605
1314697
1324021
1324105
1326450
1860137
1314683
1305137
1560127
1324043
1324095
1324108
1326011
1301012
1312162
1326113
1326336
1324166
1561198
1314130
1305118
1314658
1326967
1569971
1305147
1561189
1326107
1324003
1312007
1314626
1301129
1561163
1326985
1324141
1314112
1326952
1305117
1326101
1326199
1312682
1326942
1326185
1562149
1326909
1860103
1562182
1326329
1860003
1312128
1301182
1326931
1561148
1326981
1860131
1569976
1300191
1312025
1326180
1305138
1301009
1561108
1314640
1312691
1326945
1312155
1860109
1300196
1562137
1326119
1326175
1300120
1312035
1326971
1569999
1326401
1561149
1305108
1326037
1326443
1562170
1562155
1326978
1324123
1551014
1324148
1312679
1312670
1314102
1562164
1312658
1562130
1314649
1307017
1560131
1860001
1314633
1562100
1326116
1314123
1860122
1561177
1312114
1326414
1312192
1314612
1326438
1324196
1300125
1312137
1301127
1314105
1326930
1326158
1324094
1314134
1324101
1312156
1562189
1301116
1860101
1326145
1326001
1860108
1301122
1860115
1305119
1326041
1326183
1314602
1324165
1324025
1326140
1551010
1560119
1314630
1312142
1561154
1326122
1551005
1326019
1561190
1561123
1326902
1314621
1300122
1324026
1561122
1305129
1307010
1326970
1312653
1312151
1300197
1305136
1560136
1322016
1314120
1326906
1324040
1326956
1562106
1314129
1326347
1326343
1551002
1326318
1312474
1324187
1326128
1303107
1305126
1569985
1324022
1561176
1303116
1326423
1324044
1551027
1312100
1312043
1314143
1560104
1860123
1307118
1326163
1562103
1312185
1324160
1324106
1561175
1314611
1326325
1326135
1324177
1562157
1300010
1312005
1561178
1326115
1326917
1305116
1326120
1305146
1314101
1326319
1324102
1312038
1326903
1314648
1326439
1312024
1314149
1326337
1324015
1324120
1312181
1561171
1326421
1561100
1300107
1561150
1305109
1860009
1314678
1562113
1326957
1326346
1326943
1312671
1301119
1860102
1324119
1312690
1561117
1300190
1312033
1307117
1324093
1314688
1560137
1324169
1314620
1312108
1562141
1326966
1562162
1324172
1551015
1312678
1326944
1860130
1312195
1301008
1561143
1312123
1326444
1560126
1314632
1301183
1314610
1562124
1301125
1312659
1561172
1312651
1314603
1312101
1305139
1326908
1326342
1324124
1561197
1326198
1562119
1300048
1324046
1562132
1312186
1312165
1560130
1324004
1314613
1326102
1860129
1326162
1326425
1562107
1326404
1312157
1303115
1326136
1326995
1314114
1312136
1561118
1551007
1326031
1562178
1326988
1561111
1314695
1326172
1312143
1324175
1562195
1312150
1561191
1569974
1301188
1326017
1314667
1307011
1314115
1307012
1305143
1314135
1324032
1326940
1305148
1324178
1312477
1305134
1312044
1551000
1314106
1324129
1305121
1326456
1314631
1561128
1569977
1562187
1560129
1561121
1326907
1312016
1324100
1562198
1312164
1326044
1326040
1561153
1326187
1326900
1326137
1326127
1312175
1326430
1322019
1314142
1300104
1326980
1562102
1561160
1569995
1561173
1324033
1569984
1305112
1326921
1324142
1305107
1324010
1314677
1561196
1312180
1300198
1324089
1312173
1561152
1324150
1324140
1326958
1326922
1326133
1312672
1562116
1326445
1560116
1560115
1562173
1326327
1326182
1305101
1569997
1312030
1324031
1326420
1324019
1312130
1561170
1312194
1326433
1314680
1326987
1326345
1326148
1322010
1326161
1560108
1326331
1326184
1562146
1307019
1303103
1300105
1326976
1312111
1312683
1326983
1860128
1326126
1561101
1326316
1860006
1301124
1551012
1326338
1561142
1326103
1324111
1560138
1569987
1314679
1314628
1312129
1314656
1326108
1301189
1860121
1326911
1326030
1551018
1562133
1324006
1560125
1560107
1314639
1312187
1312115
1324078
1324190
1312139
1324136
1326969
1326918
1326965
1324114
1551028
1324125
1561179
1562121
1324154
1307116
1305142
1300046
1300115
1314121
1301011
1314609
1324147
1314600
1314107
1326173
1326032
1302118
1324020
1324170
1326455
1312121
1326104
1305113
1326142
1312045
1326996
1562193
1324183
1314666
1562140
1326431
1324113
1326326
1561119
1324161
1562179
1569986
1314128
1326039
1326947
1324045
1324034
1312680
1326440
1562104
1314137
1312656
1314659
1312002
1326459
1326018
1324197
1562126
1860139
1324070
1561129
1326188
1324135
1860005
1562186
1326118
1326929
1312008
1326910
1326341
1561161
1312158
1561110
1314638
1551003
1301186
1569992
1326405
1326923
1326419
1312689
1300118
1326109
1326311
1312172
1326138
1326946
1312013
1569982
1326147
1303117
1312650
1326197
1314146
1326403
1326043
1326936
1312167
1551026
1324009
1562147
1561151
1314650
1562117
1307115
1562172
1300199
1314629
1860138
1312476
1312138
1326959
1301128
1561194
1322011
1326003
1326167
1561115
1305100
1562123
1314109
1551020
1560109
1569989
1312188
1312673
1324077
1860136
1312166
1326006
1324126
1305149
1314687
1326125
1326339
1560114
1312112
1314685
1312102
1560124
1314694
1326941
1860111
1326919
1562196
1301117
1312031
1324076
1305106
1324090
1312149
1307014
1860110
1560117
1301010
1560128
1326330
1305135
1314118
1324099
1326110
1300112
1560139
1324030
1326149
1326977
1324139
1312003
1326905
1326153
1303111
1326160
1312140
1324189
1324005
1324112
1300127
1561187
1312018
1562114
1314672
1314601
1860113
1560106
1551017
1314657
1561156
1312666
1561120
1312197
1326432
1314665
1314100
1324007
1561144
1561181
1562153
1300113
1314693
1326982
1314622
1314136
1562105
1326409
1302106
1314623
1312695
1326446
1300124
1312688
1324149
1326340
1326189
1312159
1314127
1561127
1314608
1309042
1324198
1312657
1561134
1569983
1324153
1562144
1312110
1305105
1312179
1324127
1326964
1324137
1326196
1326317
1312170
1312113
1326028
1314637
1314651
1305120
1562161
1561137
1326177
1326928
1326117
1326150
1326170
1561184
1312036
1326447
1324162
1301114
1326418
1562143
1312198
1312681
1312662
1312189
1326312
1312103
1326901
1551006
1326458
1314686
1300110
1326159
1326100
1569972
1551025
1326046
1326428
1560132
1324199
1312000
1326310
1314147
1561195
1569981
1551009
1303118
1314108
1562194
1326953
1301187
1326927
1561104
1860105
1326406
1312039
1326033
1324156
1326938
1562185
1312046
1326920
1322012
1326410
1324091
1324017
1326005
1324192
1562176
1312148
1561126
1561157
1326913
1326168
1562125
1312141
1307114
1326141
1305132
1314664
1324047
1326010
1326435
1326124
1312011
1312665
1314144
1562166
1326154
1312131
1305141
1561114
1312470
1326016
1326015
1312021
1305123
1561180
1326960
1324116
1562175
1312178
1326134
1314138
1561167
1569994
1322018
1561145
1860118
1312479
1312120
1860112
1562134
1326990
1860008
1326963
1561166
1560122
1569980
1326949
1314636
1314139
1324008
1860135
1314644
1324080
1860126
1305103
1561105
1314635
1562135
1314643
1314662
1326991
1314615
1316422
1324011
1561136
1562120
1314126
1314692
1326176
1312006
1312029
1305133
1312171
1326131
1326411
1314682
1300116
1324152
1326009
1312028
1314691
1312696
1300000
1324092
1560133
1312105
1314625
1314653
1300047
1324151
1305114
1860007
1562152
1314673
1307013
1326989
1562184
1562142
1324176
1300111
1326457
1569975
1324163
1312199
1312001
1305104
1326429
1312667
1322013
1326190
1301115
1561185
1860120
1326974
1326195
1326448
1324012
1312034
1562145
