1531147
1331121
1331143
1531361
1331120
1336650
1890113
1532109
1891006
1338136
1530020
1332109
1530008
1532192
1532152
1532145
1338145
1336681
1534017
1336653
1890118
1532134
1339175
1531196
1890136
1531329
1530106
1891053
1338120
1891068
1532159
1890123
1336619
1891031
1531306
1533024
1532127
1532100
1337013
1891076
1336637
1330135
1336648
1891060
1891079
1891088
1535104
1530006
1331148
1531324
1339188
1531146
1531189
1336694
1332115
1531358
1336615
1336630
1533029
1336699
1531110
1332104
1530115
1330139
1332103
1334116
1530101
1532117
1532164
1530011
1530038
1890103
1339168
1334115
1533018
1531120
1532180
1337015
1331100
1331158
1338131
1530127
1531182
1338125
1532155
1532173
1891095
1532119
1533007
1334101
1531364
1330102
1337010
1531399
1334108
1336612
1339169
1532137
1336671
1532126
1531157
1531115
1338105
1530024
1330124
1531342
1530110
1332106
1531335
1532146
1331149
1534002
1330114
1333114
1531392
1336673
1535103
1891059
1331109
1891034
1337017
1331102
1530124
1891024
1531362
1330121
1336642
1339158
1331135
1338112
1331142
1331103
1531149
1530005
1531139
1531325
1336627
1532175
1337171
1890112
1336647
1891052
1338103
1332116
1330119
1530125
1531328
1891061
1531127
1891077
1336661
1339190
1332102
1336645
1890122
1331112
1330130
1891035
1891089
1531163
1331113
1338122
1891033
1532193
1532198
1531140
1530000
1530035
1532125
1530014
1332117
1891007
1890104
1339197
1531343
1890119
1531156
1337164
1531116
1530105
1531352
1531390
1338135
1534009
1530017
1331128
1339167
1331159
1531327
1533016
1530023
1531300
1530118
1532129
1330116
1530128
1531307
1531318
1890120
1531199
1891094
1532154
1531100
1532101
1890110
1530100
1331156
1336604
1891012
1531185
1531370
1532110
1530107
1530018
1531344
1335741
1531393
1532120
1330106
1531109
1532179
1334104
1339198
1338102
1891071
1338132
1532138
1891099
1338137
1336622
1339199
1891085
1532118
1336689
1531114
1531178
1339176
1338113
1336675
1531194
1333113
1891092
1334118
1891004
1333112
1532124
1339189
1339159
1531340
1531119
1336669
1330101
1530117
1336610
1333103
1339171
1531164
1891043
1336664
1890111
1339166
1531148
1531394
1330122
1531308
1531351
1338130
1532135
1531169
1332108
1531331
1890125
1530013
1334105
1337179
1339173
1532172
1338111
1337174
1336683
1530126
1331104
1336628
1531126
1336672
1330105
1531128
1337161
1532115
1533002
1531155
1338127
1530036
1332101
1336634
1336692
1531105
1336617
1533001
1330129
1334106
1338104
1331137
1533010
1332100
1339152
1331136
1531193
1891005
1531383
1331111
1530015
1532162
1533009
1532107
1891055
1531141
1531345
1532171
1338114
1336697
1891015
1531366
1533027
1531106
1890139
1330113
1532199
1890105
1891081
1531317
1336614
1533020
1331153
1336655
1891098
1891018
1530009
1531389
1891070
1336678
1530134
1339184
1333116
1530136
1338101
1891062
1338147
1338140
1531359
1336620
1530001
1891048
1339191
1335748
1532184
1330104
1532102
1336601
1891041
1531380
1534000
1530026
1531326
1531319
1531143
1531369
1532128
1335749
1891029
1530108
1336603
1531354
1891084
1531113
1339160
1337166
1333109
1891049
1531165
1532123
1336625
1534005
1531129
1334411
1532116
1335742
1531368
1337012
1338116
1338129
1331119
1890124
1331147
1334111
1531179
1532185
1338124
1531154
1532108
1336670
1336686
1890121
1336631
1331144
1533012
1891093
1332111
1531168
1890135
1530033
1337018
1339165
1339174
1534019
1330132
1338138
1330108
1531124
1890138
1532165
1330118
1531133
1331146
1532136
1334102
1531316
1334119
1531134
1532150
1339151
1332118
1531186
1334444
1531360
1532178
1531330
1891028
1533004
1531341
1532105
1532156
1891027
1331129
1531142
1891019
1531192
1531153
1530135
1531384
1339156
1891040
1531365
1531183
1891090
1531130
1333101
1338143
1339163
1534011
1534008
1531176
1336626
1891078
1891063
1891080
1530131
1531135
1530016
1336633
1530012
1530133
1890109
1530025
1330127
1531311
1891054
1531353
1891042
1891075
1336644
1532113
1532195
1891014
1890126
1331118
1531388
1531381
1336611
1530002
1532122
1532170
1335747
1337169
1339192
1531395
1531367
1336624
1336698
1532191
1331125
1531346
1339170
1890114
1531150
1531103
1531112
1330100
1532131
1332119
1333106
1330110
1336680
1891046
1531159
1532177
1336667
1532163
1337178
1530112
1336696
1331130
1891039
1890134
1336606
1531315
1339185
1331126
1330107
1338109
1891017
1531396
1331105
1534006
1331154
1336685
1533104
1890108
1531171
1331145
1535101
1337172
1338121
1336652
1532140
1338118
1532157
1336677
1337163
1531132
1336659
1891020
1532149
1336639
1891083
1533017
1533022
1533011
1531338
1336688
1531387
1331117
1531101
1891002
1531152
1330125
1891082
1336662
1330134
1532139
1891045
1338110
1531104
1530138
1336621
1330138
1532186
1533025
1531347
1336690
1891067
1331139
1532121
1891064
1532106
1532114
1337170
1534016
1331116
1335746
1891057
1531312
1336618
1339178
1890127
1890115
1336636
1890132
1330115
1530029
1531333
1530111
1534013
1531373
1533003
1333118
1336641
1532194
1339153
1531378
1339155
1531350
1332105
1335740
1531184
1339183
1531356
1338149
1336649
1334109
1337177
1330128
1339196
1532130
1530022
1531191
1337168
1531321
1338144
1890116
1531314
1337175
1891047
1534003
1531188
1331106
1531197
1531170
1530132
1532169
1531158
1531348
1531385
1891038
1531102
1530007
1339172
1336693
1333104
1337014
1336654
1534014
1532151
1331127
1338117
1532176
1332110
1531397
1531160
1891091
1530003
1891021
1333111
1530030
1531339
1531177
1336616
1335744
1336605
1336674
1531151
1531125
1339186
1531320
1533019
1532158
1331152
1339164
1530028
1331155
1335745
1334112
1336646
1331141
1531136
1890107
1531181
1531131
1530137
1531145
1890133
1333105
1336687
1334103
1331138
1891026
1338146
1334114
1333100
1532188
1533006
1532187
1338123
1530121
1891056
1531172
1332112
1532103
1330133
1336657
1532160
1531332
1531374
1890128
1530032
1530010
1531313
1337165
1891003
1332113
1336640
1334117
1533005
1331131
1531111
1339177
1531379
1339154
1330109
1337162
1531355
1336629
1330137
1530120
1336682
1331151
1530021
1336668
1891065
1533014
1890137
1338108
1338126
1336635
1331124
1531349
1531122
1532148
1533028
1338115
1530104
1531377
1531303
1330120
1531386
1534010
1531391
1891023
1531117
1337011
1336679
1891011
1532147
1531372
1336613
1531108
1891058
1334410
1534015
1532197
1534004
1330123
1531198
1339181
1532166
1338141
1532143
1891086
1333117
1891001
1336608
1331123
1532132
1535102
1891066
1533013
1891030
1534001
1531173
1891037
1891044
1891016
1331114
1337160
1530129
1531363
1531398
1331107
1533015
1891051
1891097
1339195
1530119
1330126
1891009
1334100
1533008
1890101
1335743
1530004
1530027
1530114
1334113
1532142
1533026
1330011
1531137
1531161
1333108
1532168
1336632
1336695
1532104
1336623
1331108
1532112
1532144
1532196
1337173
1531180
1890117
1331133
1532189
1531175
1330010
1333102
1330136
1532161
1531187
1531323
1331132
1890129
1338100
1330112
1534007
1531166
1890100
1890106
1530113
1530122
1531301
1338107
1339162
1891072
1531123
1531310
1338134
1336660
1531304
1890130
1532182
1339187
1531371
1338119
1339194
1534012
1530109
1336638
1336666
1891022
1533023
1531195
1339179
1336651
1530116
1891096
1531305
1330103
1331157
1891008
1336684
1530019
1531107
1530031
1531376
1530103
1532133
1534018
1891074
1891050
1530123
1336602
1336643
1891010
1891069
1336691
1336609
1333119
1331122
1333115
1338139
1530139
1337019
1530102
1532174
1336656
1891036
1531337
1330117
1531357
1532167
1338142
1532153
1339180
1532141
1336663
1330131
1890131
1336607
1338148
1531162
1531302
1336600
1336676
1338133
1337167
1891087
1532111
1339157
1531322
1331150
1334107
1331101
1339182
1531190
1531144
1339161
1532190
1891013
1334110
1338128
1531118
1531167
1532183
1331110
1331115
1891000
1530039
1530037
1336658
1530034
1338106
1531138
1890102
1339193
1535105
1531174
1531336
1331134
1891032
1336665
1339150
1337176
1531382
1330111
1533000
1891025
1530130
1532181
1331140
1332114
1332107
1531309
1533021
1531334
1891073
1337016
1531121
1531375
1333107
1333110
