1581067
1391189
1521054
1391182
1501068
1360127
1881111
1571008
1581050
1371875
1371659
1391111
1391076
1371855
1390103
1391097
1581134
1520129
1881125
1501064
1391104
1371772
1501011
1511012
1501146
1520152
1520166
1580139
1501061
1371623
1374012
1371637
1360101
1360136
1360139
1580130
1391062
1391037
1571002
1581086
1391167
1381171
1360118
1520167
1391026
1881114
1580158
1351108
1391126
1371898
1350101
1371756
1591041
1520143
1391101
1371607
1381085
1391196
1380128
1590109
1501083
1391033
1371826
1371651
1521058
1521085
1372005
1390135
1590150
1520139
1381141
1500125
1521043
1580149
1371631
1371644
1358165
1381013
1520164
1391139
1371786
1370106
1580167
1520130
1390009
1391030
1381101
1581147
1371806
1391192
1391178
1391021
1520108
1380103
1580169
1371638
1358186
1355215
1521089
1580160
1580129
1591103
1521092
1581055
1581098
1581013
1571009
1501126
1501091
1521045
1501119
1581084
1352009
1371841
1391066
1581149
1591051
1581007
1520131
1512001
1512005
1581104
1371699
1391153
1521018
1591107
1360109
1581075
1591116
1501082
1391048
1500117
1501106
1380113
1370104
1501155
1391148
1501123
1581132
1521034
1571129
1371692
1521000
1591068
1501060
1500129
1581022
1391039
1390124
1881107
1520128
1391057
1391008
1370124
1391115
1520153
1371853
1380132
1591087
1371848
1571114
1391052
1380139
1581123
1521007
1371755
1521055
1581069
1372002
1571107
1500110
1580110
1500128
1501001
1581089
1391013
1500137
1521064
1371757
1581048
1571005
1371639
1370114
1360102
1581126
1571108
1371660
1380118
1520110
1371622
1571100
1881122
1370108
1381084
1501113
1511798
1390107
1501038
1510159
1521004
1501156
1391075
1581028
1571127
1591102
1371630
1391014
1371883
1501073
1501006
1371773
1521001
1390104
1390121
1371876
1511013
1501095
1501118
1391132
1371847
1591044
1360130
1391027
1580148
1512002
1501039
1581019
1380013
1371606
1521009
1374013
1391001
1580168
1371617
1501149
1580166
1520142
1391070
1371643
1571117
1371624
1520124
1370125
1380104
1360122
1591040
1520163
1371650
1581097
1500119
1580109
1521046
1371681
1371645
1391174
1581014
1511021
1521097
1380127
1351109
1500108
1501017
1371812
1520138
1590155
1370139
1511791
1358188
1581042
1521033
1580140
1511029
1360137
1512008
1581078
1521080
1390138
1590137
1581154
1391145
1391140
1371762
1350108
1501031
1581091
1581027
1591079
1581041
1380138
1510114
1391007
1391137
1520100
1591104
1581034
1391063
1390102
1580122
1520132
1581090
1380105
1371792
1372003
1521051
1391119
1500109
1501069
1391183
1500118
1360115
1390116
1521074
1391165
1501081
1391024
1370105
1371686
1511799
1521017
1371653
1580126
1380084
1520150
1371799
1511020
1391045
1500111
1581124
1371698
1512000
1391060
1520141
1358199
1580102
1521015
1591108
1581020
1881106
1390108
1581150
1581114
1510158
1581083
1380119
1391042
1380133
1391156
1511699
1351103
1390129
1371679
1501154
1581076
1590151
1381006
1501120
1380112
1360108
1391128
1521010
1501036
1521071
1591058
1571006
1520168
1350105
1520115
1520145
1581006
1580104
1371763
1370117
1510168
1501002
1581105
1520127
1381191
1581131
1391091
1510167
1580103
1881113
1520123
1391006
1371642
1501127
1521020
1501009
1512003
1391109
1501089
1371878
1881104
1521003
1881116
1580137
1511010
1571116
1371661
1381072
1581100
1581077
1571007
1371625
1521098
1580144
1391110
1371633
1581152
1510102
1581063
1391078
1511790
1390011
1350125
1369310
1571004
1391166
1501148
1501157
1371689
1350138
1358151
1521002
1881123
1371640
1501088
1512009
1380126
1390137
1580153
1350103
1381184
1580117
1500130
1571124
1521070
1391131
1371839
1500136
1391067
1391092
1581143
1371616
1501094
1591084
1510161
1501059
1581125
1511022
1371754
1581040
1391184
1501074
1391161
1360106
1521087
1500116
1371693
1371877
1580123
1371811
1390085
1366119
1370131
1391077
1370111
1390113
1381196
1371859
1391081
1521053
1581044
1501107
1881117
1581082
1520106
1581062
1590153
1591053
1581035
1581092
1362129
1346664
1581113
1581121
1371678
1511793
1501041
1571109
1371791
1581106
1581073
1501048
1371690
1520169
1371822
1521073
1520144
1381150
1581017
1500121
1371869
1581130
1391032
1520116
1371886
1371652
1371782
1500101
1366109
1501014
1511698
1371809
1501075
1371688
1501080
1580146
1501066
1591057
1351104
1371832
1370122
1511027
1501023
1511009
1520161
1580118
1501112
1391127
1350100
1510117
1520133
1520140
1580111
1521048
1500127
1500106
1370102
1390132
1360107
1371885
1591071
1391173
1360116
1591075
1521076
1580125
1521083
1581142
1581026
1511019
1511000
1371618
1521095
1380106
1521090
1360114
1381136
1391084
1501115
1500113
1591042
1521057
1370123
1501125
1350137
1501005
1521067
1391186
1581064
1350126
1381176
1571119
1391022
1371768
1581144
1521062
1571110
1580124
1350106
1369338
1371851
1391094
1581023
1391041
1581116
1391036
1501135
1391163
1391072
1370130
1500115
1581005
1380134
1390101
1350111
1591056
1520126
1500135
1372008
1510169
1391082
1391120
1501049
1510103
1360121
1581071
1571105
1390115
1358181
1501142
1591081
1501153
1581107
1501022
1881128
1591109
1391121
1391005
1581151
1391015
1501104
1381114
1520151
1520122
1580131
1370128
1520112
1501133
1591118
1501097
1391107
1521032
1501077
1510166
1391134
1372001
1580152
1501015
1511011
1371810
1360100
1581061
1881119
1351102
1371669
1881112
1370103
1501086
1391199
1391172
1511001
1360129
1391162
1371632
1501067
1391146
1521081
1521037
1371790
1510116
1391130
1591100
1571125
1371603
1371836
1580145
1581054
1500100
1501134
1510162
1390010
1510108
1391185
1581025
1581156
1371611
1391133
1520107
1501079
1371849
1358152
1350129
1391058
1370113
1500120
1521086
1371604
1501114
1390100
1881105
1370118
1370110
1511008
1381109
1391029
1501040
1371894
1370121
1381152
1521031
1520162
1391016
1391065
1580163
1501013
1501058
1380124
1391080
1501043
1591063
1370115
1510160
1581074
1581036
1371781
1390028
1391147
1501033
1501152
1391108
1371649
1371843
1501020
1381008
1501084
1591078
1520157
1391159
1371776
1369148
1581141
1511028
1511792
1371656
1501122
1510119
1581099
1370138
1371823
1371879
1391085
1390130
1371691
1501140
1580154
1511018
1371627
1390114
1390131
1520148
1391019
1371850
1500107
1369303
1591050
1500134
1591069
1591110
1371635
1571104
1501076
1591083
1580162
1371760
1370133
1511003
1590159
1350119
1380125
1581136
1501143
1581079
1520120
1381175
1380123
1581081
1521065
1380107
1591064
1521022
1360113
1371872
1581122
1391069
1371775
1371830
1358160
1391009
1510101
1374562
1581056
1391164
1521059
1371803
1371657
1391044
1510152
1350122
1380064
1501087
1581108
1371662
1350127
1391018
1501010
1581043
1372000
1370100
1521047
1390118
1521099
1501085
1571118
1571122
1501132
1391002
1510155
1391004
1391086
1500114
1501141
1591117
1501078
1371769
1591073
1391129
1371663
1581093
1591045
1521068
1371696
1521030
1520160
1581102
1501025
1500132
1581018
1581155
1380135
1501096
1520105
1381079
1371865
1591055
1391083
1581004
1370136
1581129
1390111
1511795
1391056
1391170
1501105
1371677
1380086
1500105
1369327
1391087
1391150
1391093
1391160
1391043
1350120
1371780
1371798
1371605
1351101
1381143
1520156
1580134
1511016
1881129
1510111
1520134
1581010
1358192
1581101
1521060
1391143
1591089
1581000
1350128
1370112
1591048
1391000
1370137
1501137
1581140
1371648
1371671
1371753
1390099
1521078
1380114
1381105
1581031
1391074
1501004
1581115
1511696
1360132
1881118
1581158
1350109
1380136
1391188
1511026
1521029
1391197
1510109
1581024
1390127
1391193
1370126
1511690
1391122
1580116
1350102
1372009
1391171
1501050
1390134
1511025
1520114
1381134
1581060
1501028
1371824
1521012
1370107
1360104
1521023
1371895
1391175
1881102
1391136
1571111
1501144
1520159
1355280
1511697
1391096
1580136
1371619
1501030
1391152
1520121
1360119
1521038
1591076
1581016
1510100
1521088
1520155
1360112
1581137
1371682
1501100
1591047
1510153
1374563
1521050
1581146
1581094
1581046
1351100
1501158
1571103
1371858
1580115
1391149
1391118
1380080
1390117
1391141
1370101
1501042
1501035
1371838
1501151
1371871
1581066
1511691
1501024
1391100
1380115
1581057
1520146
1391017
1501117
1358161
1520135
1390012
1370132
1371804
1350117
1371857
1501102
1371835
1371784
1501138
1371787
1581037
1591061
1501063
1371896
1881121
1380108
1521019
1521041
1881103
1520104
1581039
1391105
1581080
1391179
1591086
1511002
1390128
1581051
1580133
1591111
1391038
1381154
1391114
1391003
1371844
1380117
1371668
1391025
1510154
1391061
1391123
1581087
1391034
1371816
1510106
1374210
1580161
1881109
1501099
1501131
1371893
1590158
1501018
1580128
1521063
1360133
1371654
1521005
1571128
1580135
1372006
1370134
1371766
1520158
1371697
1371613
1371629
1371759
1511794
1500104
1369159
1581095
1351105
1520119
1581109
1371779
1591085
1370120
1581118
1521084
1500126
1391071
1501136
1391031
1371672
1501051
1521011
1571001
1371647
1881100
1371620
1371685
1391198
1581059
1510163
1511017
1391099
1510157
1501029
1501093
1521042
1581157
1501056
1391157
1391194
1371636
1371887
1521024
1580156
1360123
1358175
1501070
1381172
1580165
1521056
1350139
1391144
1571123
1501145
1511015
1349384
1371665
1501116
1521093
1391135
1881126
1581001
1520149
1521014
1501054
1581139
1371609
1591052
1521028
1371684
1391053
1571000
1580108
1581009
1581045
1581110
1371600
1520113
1360103
1358182
1371694
1511006
1391046
1501159
1581120
1580151
1511692
1571113
1591112
1390119
1360134
1372007
1521075
1581052
1581117
1380088
1371674
1380116
1521079
1391064
1520103
1391028
1391095
1380109
1391117
1501130
1390105
1511023
1500123
1511694
1501150
1571102
1380137
1350114
1360138
1590157
1344444
1371846
1391180
1591080
1501139
1371750
1391011
1510113
1391169
1371805
1501062
1371667
1510164
1391113
1371866
1520111
1391035
1368323
1350112
1580141
1350136
1511797
1511005
1581145
1358176
1380102
1580114
1501027
1391176
1581058
1391138
1581072
1390112
1501052
1360111
1521039
1355283
1591062
1371882
1501124
1581065
1391158
1510150
1371845
1521072
1581038
1370129
1580105
1501092
1881127
1391049
1581138
1501071
1520136
1370135
1501032
1501047
1510107
1580164
1350118
1391106
1391023
1521094
1501110
1500139
1371892
1371664
1380101
1380111
1520118
1501055
1521052
1581002
1371655
1360125
1380129
1391125
1591105
1371873
1881120
1591046
1580143
1371758
1371890
1391124
1371797
1520102
1521035
1391168
1500103
1580100
1390109
1391088
1881108
1371646
1591043
1510165
1581096
1501012
1350107
1512006
1571120
1390133
1510118
1350135
1372004
1581103
1371825
1510156
1352086
1520147
1360120
1501108
1391010
1371612
1358194
1371800
1501098
1521061
1591101
1380120
1350104
1391187
1571112
1371628
1501021
1521016
1520101
1390126
1591059
1580120
1521066
1591114
1358158
1521006
1521025
1371815
1881124
1501103
1511007
1501128
1381167
1380130
1521049
1520154
1501045
1881115
1371778
1351106
1391050
1371675
1580157
1369329
1581012
1521077
1371827
1358184
1390106
1580107
1512004
1390139
1391191
1581003
1521021
1371601
1581030
1360135
1500131
1591049
1501019
1511014
1391142
1391012
1391102
1591074
1391151
1510112
1501008
1351107
1511693
1391155
1591077
1391112
1500133
1881110
1511024
1371608
1381147
1521036
1391195
1521027
1350113
1390120
1501026
1371854
1391098
1511004
1521026
1510151
1520137
1380001
1521013
1370116
1360128
1371695
1501046
1581021
1381054
1501053
1511796
1370109
1391068
1371751
1510105
1391054
1371828
1571003
1371818
1500124
1501037
1371864
1390136
1371666
1391089
1391177
1374211
1391181
1881101
1371793
1521091
1521040
1391059
1358166
1591070
1371621
1381094
1520165
1391073
1580106
1501016
1381148
1391103
1580101
1366128
1521096
1520125
1521082
1580112
1501034
1380092
1350110
1360117
1371814
1591054
1501000
1380100
1501101
1500102
1371874
1360105
1581068
1371658
1520109
1370127
1591088
1501109
1371884
1591113
1371687
1380110
1380121
1501129
1520117
1591106
1571126
1571106
1391190
1581133
1371862
1371770
1391116
1390122
1581119
1581112
1501090
1571121
1501072
1390123
1350115
1581049
1390125
1381001
1371673
1511695
1581148
1521008
1381130
1591060
1501111
1391154
1591065
1521069
1571101
1369350
1390097
1380010
1580113
1581047
1580150
1501065
1501147
1581085
1371861
1501044
1581159
1391047
1360110
1381110
1390110
1521044
1350116
1371680
1500138
1391040
1380131
1580119
1571115
1391090
