1355279
1355203
1355236
1352283
1368307
1367101
1371819
1368123
1352035
1355201
1355276
1355264
1352006
1352116
1355222
1343919
1368357
1352162
1355252
1352258
1352097
1368362
1364124
1362136
1365120
1355271
1369155
1368316
1369328
1352219
1368132
1352191
1364119
1362123
1352107
1343902
1365118
1364137
1365129
1369129
1352280
1352054
1352251
1343939
1352292
1369153
1369321
1366104
1352052
1361128
1365135
1366138
1369359
1364106
1352074
1352064
1366124
1352128
1352026
1361105
1355237
1371813
1368310
1368117
1352091
1362118
1352110
1355291
1369351
1369365
1352264
1352073
1369320
1369336
1591082
1368152
1369107
1352286
1362130
1361127
1369105
1371807
1368112
1355288
1361118
1352179
1366135
1365106
1352181
1343975
1368337
1352071
1371771
1362100
1352218
1368330
1361134
1352208
1352215
1368102
1368301
1352034
1352046
1352133
1369356
1368159
1352266
1352198
1352201
1352246
1352127
1352000
1369147
1371820
1366110
1352250
1369125
1365103
1352192
1369318
1371774
1365128
1369311
1365121
1368309
1352019
1368118
1352284
1371834
1352109
1355251
1362103
1367135
1369142
1352007
1352115
1352152
1352257
1364136
1365126
1350133
1369116
1361104
1352027
1362131
1365109
1371856
1352247
1369135
1352216
1355208
1355223
1367100
1368124
1371870
1364111
1368352
1352161
1369300
1368302
1367123
1366127
1366111
1368322
1365100
1368153
1352053
1355287
1355228
1368125
1355285
1352098
1368111
1368315
1371794
1362122
1352174
1352267
1352274
1352126
1369113
1371808
1352105
1352134
1369319
1352004
1361129
1364126
1369352
1369910
1355242
1352151
1352154
1352189
1350134
1369920
1364114
1352249
1361126
1352135
1352291
1369145
1368131
1367124
1352225
1352112
1352102
1371833
1371801
1355292
1368358
1364135
1364100
1352285
1367126
1355263
1368351
1369364
1355213
1367117
1352180
1355241
1352031
1366105
1352040
1369326
1352010
1366132
1369337
1364112
1368133
1361135
1355277
1366115
1352240
1355272
1352079
1361107
1361119
1352175
1369357
1343636
1362107
1352212
1369132
1581153
1352197
1369157
1350131
1362102
1368355
1352184
1352088
1352203
1364121
1352226
1352093
1369140
1352033
1368353
1371852
1368317
1352164
1355209
1365108
1352177
1343656
1369108
1369301
1369913
1369115
1352057
1368369
1352081
1352043
1365102
1369150
1367136
1355224
1352114
1364138
1591115
1352188
1369126
1369367
1369316
1355294
1352248
1352224
1367106
1364127
1352141
1371764
1365127
1368364
1369118
1352082
1369334
1352227
1371831
1355258
1368154
1355274
1369353
1343917
1352217
1352011
1371842
1352005
1355200
1352253
1369146
1369309
1352262
1352113
1352241
1366122
1369103
1368335
1368116
1355282
1366133
1371860
1368326
1364134
1358153
1352281
1364133
1365101
1352290
1352150
1369137
1369151
1343900
1365139
1352288
1364115
1355207
1369354
1367118
1352058
1352018
1368308
1352016
1361116
1368100
1369912
1362106
1352030
1352155
1352044
1361117
1352176
1362128
1350123
1369112
1355265
1352080
1369123
1362115
1368361
1352065
1355216
1368134
1352213
1368150
1369143
1355229
1352111
1355248
1369355
1369360
1352190
1352202
1361132
1366108
1355227
1352196
1362105
1352268
1352156
1364105
1355255
1369929
1352025
1371840
1352178
1361106
1369109
1366116
1355234
1352239
1352142
1352094
1352136
1367105
1352106
1369331
1364108
1352163
1371761
1361125
1362109
1352238
1368113
1343927
1369149
1369154
1367128
1352183
1352042
1369918
1355235
1366114
1371796
1366117
1352038
1368300
1352228
1368151
1369111
1352149
1366125
1362116
1367119
1352139
1369117
1352078
1355293
1368140
1352125
1365138
1355266
1361112
1352232
1367107
1364107
1368108
1355281
1368115
1368325
1369104
1352252
1352015
1352275
1362126
1352101
1352148
1365125
1367108
1364125
1365133
1368363
1366130
1368149
1350132
1369325
1364110
1371789
1371802
1355206
1368338
1352282
1364128
1352287
1369134
1352263
1352289
1352276
1365136
1355247
1355275
1369335
1368336
1368135
1368318
1355299
1364116
1368356
1371752
1355256
1355226
1352059
1371783
1352121
1362104
1368155
1352231
1371888
1361123
1355230
1352130
1369330
1367122
1352041
1371795
1364139
1343966
1361109
1352233
1369332
1352160
1369110
1352083
1352012
1367133
1369308
1352157
1352077
1369919
1369124
1362114
1368305
1361133
1368105
1352066
1369368
1352095
1365111
1352104
1352124
1361124
1352222
1367120
1352195
1352068
1352186
1352269
1352021
1355217
1352205
1361114
1352237
1355257
1371829
1368143
1366136
1368339
1368121
1352003
1352159
1355211
1369302
1352067
1352002
1369156
1369339
1362127
1355298
1352278
1371817
1352119
1365116
1352210
1355253
1355205
1369911
1368366
1365124
1352193
1352166
1352299
1352039
1352020
1369317
1352260
1368114
1355246
1364117
1352049
1352013
1352060
1368141
1366129
1368319
1365130
1368107
1352234
1366131
1360131
1369324
1367134
1361100
1355218
1355225
1352295
1361113
1352147
1350130
1362108
1367127
1364118
1362117
1352243
1368328
1355240
1352170
1371880
1352272
1369333
1352061
1352187
1352230
1352120
1355284
1369916
1368320
1352255
1365110
1355204
1355231
1367121
1367114
1368156
1362121
1368313
1352211
1368106
1352229
1367113
1352084
1352096
1352070
1365131
1352032
1362135
1361122
1368148
1352103
1371821
1368334
1362110
1355219
1369102
1352169
1352270
1361130
1369358
1367109
1368136
1355296
1368354
1368333
1352165
1352204
1352123
1352090
1352085
1361110
1364129
1591072
1343950
1368142
1352277
1355210
1352140
1364132
1365117
1352236
1361115
1352221
1365134
1369307
1355297
1352296
1369915
1352261
1364109
1369136
1369119
1367131
1365104
1366107
1352254
1367110
1367103
1364104
1369314
1380122
1355233
1369138
1355245
1352076
1361108
1368321
1355260
1371881
1366123
1369141
1352099
1364103
1365123
1352047
1365122
1368365
1365113
1343906
1352008
1366106
1355273
1364122
1369369
1369312
1352056
1352223
1361101
1352167
1352194
1352129
1368129
1355259
1369305
1352235
1369101
1368332
1368314
1367112
1343967
1368303
1366137
1368147
1371788
1368137
1355254
1362134
1352122
1352131
1369366
1368312
1352298
1369323
1369361
1352048
1352273
1352014
1355239
1368145
1361111
1352158
1361138
1366101
1369315
1368119
1352137
1365132
1352244
1352108
1352023
1352028
1362120
1352144
1362139
1352001
1355286
1355295
1352146
1362132
1369120
1371785
1366126
1369122
1371897
1368103
1352050
1368110
1352271
1369363
1364131
1369313
1367129
1362125
1367138
1352242
1368138
1361131
1355262
1364102
1355250
1355220
1368359
1355221
1366120
1355268
1362138
1355269
1352172
1367111
1367132
1368104
1355214
1368130
1362124
1365119
1368367
1352117
1368304
1368331
1355243
1369144
1343996
1368350
1352206
1352220
1362111
1369914
1369133
1352062
1361136
1366113
1352069
1366102
1371767
1352100
1352138
1352037
1369158
1365112
1368157
1369306
1355289
1364101
1369139
1367102
1352022
1367104
1590135
1368127
1371899
1371777
1365114
1352200
1368128
1355238
1355202
1352063
1362112
1591022
1367137
1355278
1368329
1352168
1364113
1371837
1352132
1352279
1366134
1368120
1352259
1368324
1362133
1352143
1368306
1369100
1368311
1367130
1352245
1365137
1365105
1352293
1352145
1368109
1367116
1352209
1369127
1352029
1369152
1352265
1368139
1352072
1369121
1362137
1369114
1368144
1369362
1352118
1352185
1371889
1352075
1352089
1364123
1366100
1368146
1355244
1367125
1368368
1367139
1364120
1369322
1352051
1365115
1352171
1352036
1352297
1362119
1369130
1369106
1369924
1355270
1366139
1352024
1352153
1352092
1352055
1352207
1361103
1366121
1366112
1362113
1355249
1355290
1355261
1362101
1371868
1352182
1368126
1352214
1361121
1371891
1368158
1361137
1352294
1369128
1368101
1361120
1355212
1352017
1361102
1367115
1365107
1368122
1369131
1352045
1352256
1366103
1369917
1364130
1355267
1352199
1352087
1343990
1352173
1368360
