1590110
1346642
1343981
1343685
1591027
1342635
1591023
1343654
1343926
1343933
1580121
1346641
1340113
1343640
1343638
1343948
1591032
1348883
1591037
1346633
1342603
1343645
1343956
1342631
1590132
1591024
1590122
1343693
1342611
1343907
1343962
1590104
1346645
1343955
1343674
1343663
1346634
1343681
1343637
1343684
1343699
1343692
1348885
1591093
1343961
1343991
1340114
1348863
1346668
1346639
1346654
1348880
1342609
1591030
1343664
1343655
1343984
1343934
1591029
1590140
1343920
1343648
1342640
1371614
1343683
1343970
1343938
1590101
1342620
1591020
1343935
1590129
1343673
1346648
1343964
1342647
1590116
1346646
1343925
1343947
1590125
1346640
1348871
1343650
1343647
1590130
1591038
1590139
1342601
1590102
1346653
1343928
1343953
1590112
1346667
1348886
1343643
1343971
1348879
1343946
1348864
1343983
1343974
1340112
1343691
1343909
1340105
1343668
1371641
1590111
1343944
1343992
1343661
1343682
1343963
1346647
1591094
1346655
1340104
1343675
1342619
1590115
1340117
1343954
1343972
1343690
1343697
1343993
1340103
1343986
1371670
1343936
1343945
1371676
1343918
1590106
1343910
1342614
1591091
1590117
1371615
1343923
1343959
1590124
1343952
1591035
1343644
1343676
1343979
1343662
1343904
1343916
1371683
1343911
1342639
1371634
1590145
1343635
1343649
1342608
1343943
1590100
1343937
1346665
1371610
1590118
1346649
1343973
1591092
1591099
1348869
1343698
1343630
1343999
1342645
1343667
1343689
1340110
1590146
1343652
1346679
1590141
1591098
1343660
1343994
1343903
1348881
1371626
1343912
1342638
1343631
1343965
1343980
1590142
1348876
1343985
1343998
1343929
1591026
1591036
1343688
1343915
1348862
1343677
1501057
1346678
1343641
1343951
1342612
1343651
1343942
1342607
1590136
1343634
1343670
1342637
1343669
1591034
1590143
1343659
1590133
1346644
1348861
1343977
1342646
1343997
1343957
1343633
1343914
1355232
1591025
1591033
1591039
1591090
1343687
1343960
1343679
1590147
1343665
1590120
1343678
1342624
1343672
1343921
1342633
1343658
1343988
1591021
1342613
1343642
1591097
1343696
1343931
1371602
1343695
1342605
1343653
1348860
1343646
1590134
1346643
1343949
1343924
1340108
1343941
1346673
1348874
1590144
1343978
1590148
1371863
1343987
1591096
1343922
1343905
1343913
1591028
1346661
1343657
1590138
1343632
1343968
1343680
1343908
1342644
1590149
1343989
1343982
1346660
1343671
1343639
1342618
1343958
1591031
1343901
1342625
1343969
1342649
1343940
1591095
1342642
1343666
1342610
1343932
1343694
1590131
1346659
1343976
1348884
1590128
1343995
1590114
1342632
1340107
