1381047
1346652
1381048
1381102
1381122
1581029
1342617
1358155
1381056
1381076
1381178
1381031
1381004
1381065
1346662
1381131
1381055
1581033
1590127
1381149
1346674
1369925
1358191
1342641
1510104
1381058
1381180
1381140
1381067
1358156
1381030
1381189
1358150
1590113
1381038
1381111
1358178
1342616
1342626
1358196
1580127
1369927
1358179
1381005
1381091
1342630
1381170
1381078
1348872
1501003
1342602
1381120
1381077
1370119
1381169
1340106
1381071
1358154
1381129
1346632
1580159
1346631
1590126
1590123
1381064
1510115
1580147
1381026
1381151
1346675
1381144
1381057
1381137
1381019
1381158
1581070
1358157
1381157
1590154
1381035
1381100
1381012
1342627
1381042
1381197
1580132
1381033
1381092
1346676
1590152
1381069
1346677
1381177
1342629
1358198
1381063
1381011
1350124
1381198
1381086
1369926
1381083
1381162
1381049
1381014
1381000
1381099
1381020
1580138
1342648
1581015
1500112
1501121
1348887
1581008
1369921
1391055
1381036
1381156
1591066
1340115
1381115
1381050
1342628
1358190
1381080
1340111
1381199
1381025
1381195
1348878
1346666
1381185
1381145
1381163
1381190
1581053
1346669
1381087
1381010
1358162
1358163
1381182
1381116
1381135
1381062
1358180
1381028
1343930
1340116
1381082
1381015
1346630
1381097
1381061
1346656
1381098
1342600
1381142
1358169
1381070
1381018
1381164
1348870
1381108
1381007
1342622
1358193
1381193
1381041
1381106
1340102
1381090
1381017
1381155
1348888
1348877
1581127
1381044
1381016
1369928
1346663
1381117
1381174
1381043
1340109
1501007
1590119
1381194
1346637
1346658
1358174
1381027
1580155
1346638
1381089
1391079
1358173
1381153
1348868
1342621
1358183
1381053
1342623
1590108
1381146
1360126
1369922
1340100
1510110
1346670
1358168
1381161
1581128
1381107
1381132
1381183
1381009
1391020
1358187
1381139
1381034
1358172
1350121
1340118
1346657
1381088
1381166
1346650
1348875
1500122
1381179
1381045
1590105
1381039
1381165
1381081
1346635
1381192
1381046
1348882
1381125
1342606
1348867
1381126
1581135
1381119
1348889
1340101
1381066
1381052
1381059
1381112
1381186
1358195
1381002
1346671
1342615
1591067
1342636
1358185
1581111
1381040
1381138
1358171
1381024
1342643
1381104
1343686
1381095
1381074
1381124
1346636
1381060
1381173
1381118
1381133
1358189
1590107
1381037
1381113
1381029
1340119
1381160
1381073
1381096
1360124
1591119
1381187
1346672
1381051
1369923
1381023
1590156
1381123
1381127
1580142
1358167
1342634
1381093
1358170
1346651
1381003
1358197
1381103
1381032
1381168
1348866
1590103
1358177
1381181
1381128
1590121
1391051
1381188
1381022
1581032
1381021
1348865
1512007
1381159
1381075
1348873
1342604
1581088
1358159
1381068
1381121
