1302194
1304121
1316421
1305153
1304126
1316169
1316146
1305189
1301108
1305196
1305188
1305180
1316140
1300193
1316134
1316160
1302113
1316112
1304113
1302124
1302105
1316161
1312118
1316188
1316190
1312133
1316105
1316735
1324000
1312104
1302126
1304115
1302128
1316427
1302100
1316197
1316127
1316754
1316198
1302114
1316154
1316147
1316106
1305167
1316115
1316734
1316168
1304101
1304106
1316141
1316148
1316426
1302197
1302127
1302000
1314111
1302115
1301106
1304112
1316171
1302129
1316189
1316420
1305195
1305183
1316133
1316162
1304116
1305166
1316151
1316114
1302196
1304109
1316199
1302111
1316142
1316107
1304124
1301109
1316132
1305173
1316170
1316152
1316751
1316428
1316153
1316111
1305186
1305182
1316192
1316116
1305164
1316753
1302001
1316150
1316122
1302116
1305174
1316131
1312109
1316187
1305194
1304127
1304117
1302120
1304129
1316143
1304108
1316181
1316125
1305172
1302110
1316163
1316732
1316429
1316102
1316167
1316737
1316110
1305165
1305187
1302199
1316145
1316103
1316130
1305193
1316193
1316752
1316158
1301104
1316172
1316186
1316136
1304128
1301101
1316117
1305175
1302002
1316178
1316137
1316123
1302008
1312019
1304111
1312010
1304118
1312661
1316124
1316180
1316159
1316731
1302003
1316100
1302117
1302198
1316144
1302103
1301107
1316194
1316166
1302191
1316173
1316759
1305184
1305192
1316750
1316736
1302109
1305177
1324075
1305157
1304125
1312122
1316109
1302004
1305154
1304110
1305185
1316185
1305163
1316174
1304119
1316129
1316183
1302122
1302193
1305168
1316179
1305199
1302108
1305176
1316733
1316195
1305156
1305155
1316758
1305162
1316119
1302107
1316120
1316739
1302192
1316184
1316165
1301105
1302101
1305190
1316156
1305179
1316121
1305169
1316164
1302190
1316176
1305198
1301103
1316108
1316128
1302112
1302121
1302005
1316756
1316139
1304104
1316101
1304120
1316738
1316425
1305170
1312675
1304103
1305159
1302009
1304122
1305150
1316177
1316423
1316118
1302119
1316175
1302102
1305161
1316191
1316138
1304105
1302195
1305191
1316126
1301102
1316113
1301100
1302007
1316157
1316757
1305197
1316182
1305152
1302125
1304102
1305181
1305178
1316104
1316755
1304100
1304107
1316155
1305158
1326171
1305160
1305151
1316135
1304114
1300192
1305171
1302104
1316424
1316730
1302006
1316149
1316196
1302123
1304123
