1392932
1371958
1597679
1392798
1581321
1590012
1501630
1372957
1501957
1501633
1375194
1508952
1392793
1581904
1590011
1392939
1392934
1372959
1354319
1392469
1392799
1581905
1372950
1392797
1511351
1382895
1375193
1350236
1392937
1511352
1511941
1590010
1597677
1511942
1591496
1372958
1501958
1392930
1587676
1382897
1356059
1350906
1392931
1392269
1392936
1591713
1375192
1382899
1501435
1372951
1356056
1353954
1350238
1581390
1597678
1392790
1350258
1382896
1382898
1508953
1372952
1581910
1581392
1392449
1392357
1354311
1581909
1591714
1390267
1354318
1591495
1509980
1508950
1371953
1371954
1508951
1353953
1354317
1581393
1587675
1390268
1597676
1392938
1372953
1521812
1511350
1511944
1371950
1375190
1581908
1587677
1392358
1356057
1382890
1511943
1501436
1392796
1350239
1597675
1356058
1372955
1382891
1354315
1392933
1581907
1392359
1371957
1350230
1382893
1392792
1371959
1392791
1581320
1588984
1372954
1392795
1581906
1350008
1511940
1350259
1587674
1372956
1360020
1382892
1501631
1501959
1350234
1392935
1392794
1521813
1581391
1354314
1501789
1354313
1501632
