1385545
1370554
1525543
1395540
1386554
1595541
1385543
1585542
1363711
1521266
1595548
1395645
1595540
1372115
1515661
1585669
1395549
1515662
1385547
1595668
1385542
1505590
1395545
1515542
1380554
1385541
1595545
1595667
1507795
1505543
1395546
1351554
1386631
1515663
1585668
1515664
1505592
1386633
1525541
1385540
1360554
1507794
1372112
1395543
1595544
1585546
1595546
1395547
1395548
1390554
1386632
1395544
1595669
1525544
1395640
1372114
1396647
1350554
1505542
1395644
1372113
1585545
1396646
1507796
1500554
1505541
1595549
1585541
1525542
1590554
1395646
1520554
1521240
1396649
1595543
1515540
1396645
1395642
1395541
1521268
1585569
1505540
1369554
1585540
1507793
1385548
1505591
1385549
1515541
1395643
1525672
1595542
1521267
1515543
1350057
1386634
1515544
1386664
1580554
1525540
1595666
1510554
1385546
1525671
1585544
1395641
1505593
1385544
1585543
1595547
