1389154
1519155
1587749
1377223
1587763
1529152
1590917
1509145
1599114
1512947
1502959
1399258
1519154
1512996
1592953
1509155
1390915
1389156
1522945
1529151
1399255
1500915
1522915
1599195
1589145
1399250
1389155
1592900
1511495
1510915
1502945
1357146
1519156
1529154
1350915
1599131
1357142
1599132
1512970
1520915
1399257
1522955
1399252
1529153
1512915
1502970
1529150
1389159
1370915
1599115
1592958
1599118
1357144
1592951
1512964
1389151
1599144
1512935
1389157
1502978
1599133
1519150
1399152
1519151
1522965
1377224
1377297
1592909
1582945
1399151
1529155
1502934
1512968
1399254
1522999
1389152
1389150
1587735
1509151
1377298
1522986
1599148
1399251
1519152
1399256
1592945
1580915
1522974
1399259
1389153
1592954
1599105
1377222
1519153
1399153
1589155
1599119
1592915
1582985
1590915
1502985
1370025
1592952
