1586393
1386998
1522449
1519293
1596395
1586480
1520682
1596399
1586644
1596487
1395449
1386993
1519406
1516559
1385398
1506593
1395496
1379151
1591014
1596539
1516398
1395490
1379240
1519284
1509476
1515398
1586387
1525398
1505497
1596394
1395444
1509292
1395396
1527559
1526996
1586498
1525496
1379150
1356292
1596333
1356293
1509296
1526592
1596392
1519282
1379294
1519288
1596643
1505390
1506492
1502096
1385490
1506991
1373437
1586396
1580694
1586485
1509297
1356298
1526390
1351869
1379390
1516896
1586539
1526496
1385393
1375472
1388490
1357394
1379158
1516649
1526597
1526397
1526664
1519281
1509237
1526492
1358969
1506594
1356399
1505396
1585496
1505464
1510539
1509286
1358399
1519407
1516392
1385399
1506539
1509293
1596480
1369781
1596994
1390539
1585491
1526997
1586641
1585394
1520684
1516399
1596408
1516557
1595399
1505391
1516899
1356393
1505494
1520639
1526662
1515399
1379292
1525397
1502094
1386991
1510666
1356297
1375471
1373436
1519408
1596640
1526639
1525396
1596484
1506598
1385496
1596992
1379297
1385396
1596334
1375473
1379391
1379159
1502036
1596393
1386499
1515393
1595438
1586499
1596579
1526669
1585390
1519290
1591013
1516551
1515392
1506493
1357395
1520683
1395399
1358968
1586392
1356294
1505495
1509239
1580693
1509471
1527549
1526998
1395441
1510665
1506549
1509238
1526391
1526598
1595398
1585497
1526518
1379296
1596995
1526999
1509474
1585393
1379153
1505399
1369780
1516391
1519287
1585490
1395442
1506992
1526517
1510664
1585396
1516549
1519299
1509295
1358107
1586620
1506498
1585395
1516898
1356291
1506491
1506329
1525490
1596549
1375474
1373438
1395497
1519405
1509472
1585391
1586488
1526599
1595395
1526398
1510667
1590539
1586695
1596485
1356398
1525495
1358967
1379293
1385497
1525395
1586698
1519409
1356290
1502091
1379152
1351539
1586496
1585498
1358398
1589879
1360549
1586394
1516550
1506490
1506592
1586487
1526494
1515394
1395394
1356299
1526991
1502037
1385397
1510639
1596335
1502030
1386992
1502039
1358397
1526515
1506993
1386491
1505492
1516553
1585384
1505397
1526498
1396998
1586696
1515395
1509294
1358965
1388487
1510663
1586643
1595397
1395494
1526595
1526392
1379241
1506999
1396995
1385394
1525498
1373439
1506591
1527579
1369639
1596489
1509288
1500659
1360539
1356396
1357397
1519289
1526667
1510649
1586483
1516895
1395492
1525394
1505493
1527578
1516394
1586489
1505498
1526449
1510668
1380549
1356397
1591018
1520649
1596973
1526495
1386995
1395392
1357396
1516892
1356392
1500549
1525492
1396997
1386490
1595391
1526992
1358966
1358396
1519404
1509287
1525497
1502090
1505394
1586386
1396996
1502031
1526539
1596482
1388488
1586482
1509289
1585385
1502038
1515396
1586693
1595396
1505463
1510669
1506496
1526596
1385494
1502095
1526491
1596348
1526993
1502093
1510662
1586484
1360890
1505395
1526393
1358109
1358391
1505490
1509475
1596409
1372199
1526446
1586391
1585495
1395491
1395391
1385499
1385495
1526516
1357390
1379155
1519294
1358395
1506998
1506597
1516393
1395440
1386994
1506590
1506499
1526649
1586397
1596676
1585499
1395395
1516396
1506599
1516552
1585398
1525393
1596972
1526665
1519403
1505496
1586395
1506497
1379298
1516893
1379393
1357398
1526396
1586398
1502098
1586481
1379394
1591017
1388489
1526394
1519285
1595392
1596488
1525449
1525499
1596642
1526493
1385498
1586596
1526510
1386997
1526593
1506994
1596483
1395495
1526499
1586388
1505491
1502035
1360899
1596398
1526549
1395448
1379154
1386498
1368639
1596481
1526668
1525390
1586694
1586699
1580690
1526514
1509299
1358394
1356391
1595394
1526994
1506997
1509290
1356394
1502032
1395398
1395445
1516395
1505392
1356296
1395446
1395498
1519295
1585397
1585492
1519292
1580549
1358390
1516890
1358106
1396994
1357393
1350539
1586390
1379392
1526447
1502033
1395447
1502092
1586642
1526594
1379157
1396993
1506995
1386999
1526666
1385492
1525391
1526395
1526399
1356295
1526589
1580691
1370549
1585493
1515397
1375470
1386996
1516390
1373435
1526497
1526590
1595407
1395493
1525491
1591016
1502034
1357399
1520680
1586692
1516894
1509298
1510661
1500649
1356390
1510660
1386492
1505461
1356395
1526490
1520549
1385391
1396992
1506494
1506595
1585392
1509291
1510549
1595393
1519296
1594977
1380539
1596390
1386990
1506996
1591015
1526519
1527558
1519291
1515391
1395443
1502099
1395390
1386494
1526512
1525494
1395393
1596397
1509470
1526513
1516554
1505499
1586597
1596991
1515390
1516555
1590549
1580692
1522439
1519286
1350549
1351639
1516891
1527539
1580539
1586691
1379295
1519298
1585494
1500539
1586385
1519297
1385491
1526663
1596996
1520681
1596396
1596332
1350899
1526448
1385493
1385390
1526990
1525493
1379156
1506495
1520539
1596486
1586497
1357392
1595390
1505393
1386495
1526511
1516556
1526995
1526591
1370539
1516539
1516558
1506596
1385392
1519283
1525399
1506990
1525392
1509473
1586486
1502097
1516897
1586697
1586690
1516397
