1334128
1335509
1531858
1335500
1337126
1338549
1339539
1337549
1334509
1890549
1531852
1337569
1531507
1895395
1531823
1531549
1531859
1531850
1334508
1531508
1330549
1332508
1337128
1330539
1332507
1533539
1530539
1534541
1335539
1531822
1531509
1895398
1531438
1338539
1336539
1895396
1531407
1335549
1895399
1335504
1335506
1336549
1530549
1534539
1337065
1337127
1335503
1531855
1533997
1335505
1339549
1335507
1335502
1531853
1531539
1531854
1334507
1531856
1335501
1332509
1334127
1337066
1335508
1337539
1531851
1890539
1337129
1895397
1337568
1531857
1533549
