1328051
1329035
1325650
1566699
1324549
1560539
1328716
1860539
1314549
1325656
1305491
1321065
1321042
1301279
1565391
1566687
1328712
1565393
1328052
1315399
1565399
1555393
1328715
1322054
1329020
1566683
1565392
1561517
1328043
1569828
1305490
1860541
1305393
1300157
1327539
1555390
1310549
1325659
1328053
1325655
1305493
1325539
1320539
1305392
1301352
1310539
1328056
1555394
1865355
1318123
1561569
1328713
1555395
1329539
1315397
1315393
1329549
1565397
1321043
1325549
1325654
1315391
1305399
1301353
1328055
1305390
1325658
1561559
1561599
1555391
1315392
1561589
1322066
1315398
1860549
1328714
1328059
1329021
1325653
1565398
1315390
1566639
1325657
1555396
1321066
1305398
1328054
1561539
1315395
1314539
1301355
1305391
1322549
1865353
1322539
1328058
1312729
1301354
1323539
1325651
1860639
1565390
1305492
1305494
1315394
1300279
1308264
1569827
1328057
1555397
1305397
1565396
1569239
1305394
1301351
1318124
1328719
1315396
1322065
1308265
1561529
1328718
1566619
1561549
1561579
1325652
1328042
1301350
1327549
1305395
1565395
1328050
1555398
1328717
1560549
1324539
1305396
1555399
1308266
1322053
1566615
1555392
1328549
1328539
1565394
