1557393
1310729
1321739
1300739
1567594
1303674
1557643
1567359
1326089
1311759
1308726
1557392
1552608
1552604
1567595
1302739
1567394
1303739
1314195
1314197
1567397
1310039
1552609
1552602
1567395
1557641
1322254
1557640
1552605
1557398
1320326
1567592
1567355
1314196
1327049
1567392
1314257
1303670
1552607
1557397
1557399
1320327
1867349
1302438
1557646
1567593
1324571
1317429
1567391
1552603
1567598
1561698
1313529
1569739
1557647
1327220
1302437
1567597
1329739
1552600
1557396
1560739
1567390
1561699
1311749
1567599
1310739
1567393
1303673
1567356
1308739
1567596
1313539
1552601
1557395
1567398
1557391
1321749
1557644
1567591
1303671
1567399
1557648
1308728
1567357
1303672
1325739
1567590
1557645
1320328
1557394
1313508
1320325
1860849
1320739
1310719
1552606
1557390
1557649
1304728
1567396
1323739
1320329
1860739
1313519
1329864
1311739
1567358
1320324
1310709
1557642
