1397391
1387424
1357493
1587376
1511592
1518097
1351742
1390842
1518091
1587378
1584290
1517398
1378913
1507396
1527394
1597397
1378696
1387429
1376286
1376249
1519796
1511594
1527398
1511591
1378918
1584291
1378695
1397399
1387391
1597391
1587394
1584296
1518095
1517394
1597396
1360747
1350842
1586987
1397593
1378749
1500739
1521197
1397594
1527390
1518094
1521192
1587379
1587390
1519795
1378919
1507395
1520739
1387398
1587375
1378916
1597327
1387426
1357491
1597395
1527393
1586985
1587393
1587397
1584297
1586988
1387428
1507390
1519790
1584299
1378917
1397395
1387422
1527399
1517392
1519799
1511599
1597328
1590739
1397598
1517397
1518098
1584298
1378694
1511593
1584295
1519797
1507398
1387420
1357496
1587396
1387425
1378690
1397359
1587398
1521191
1527392
1518096
1521190
1351739
1397357
1387395
1397397
1363849
1586986
1589739
1587392
1500747
1521194
1508090
1357497
1378739
1519792
1587395
1376289
1397597
1507397
1527391
1507393
1597394
1397394
1517395
1378914
1518092
1387392
1380739
1511596
1597393
1350739
1584294
1357498
1508093
1507399
1521193
1587391
1378915
1387423
1397396
1387394
1397596
1508091
1507394
1519798
1519791
1397590
1511595
1357494
1397358
1527395
1587377
1378699
1508092
1378692
1357495
1357499
1584293
1597399
1378693
1518099
1586989
1511598
1511590
1521195
1518093
1500749
1517393
1397595
1387397
1387399
1387396
1376287
1597390
1387390
1378698
1360739
1397356
1519793
1519794
1387427
1390739
1527396
1517390
1500748
1510739
1584292
1397392
1518090
1376288
1397398
1580739
1357490
1507391
1597398
1507392
1521196
1511597
1527397
1357492
1517391
1397591
1521199
1387421
1597392
1387393
1397393
1517399
1376285
1397355
1508094
1587399
1521198
1370739
1378697
