1380939
1529335
1399390
1509718
1399397
1383092
1519399
1510399
1582588
1383090
1502596
1510396
1509573
1580949
1580934
1399398
1529336
1529391
1519392
1383091
1580948
1399393
1510397
1529394
1519398
1529398
1509575
1509720
1510398
1391955
1399399
1580939
1399394
1519394
1383099
1383097
1399391
1500939
1391956
1510949
1529397
1383096
1383098
1509574
1529392
1529399
1519395
1391957
1582589
1520939
1510939
1510948
1529396
1390939
1529339
1399392
1509717
1510395
1519396
1510394
1529393
1383095
1582587
1399395
1529337
1509576
1529395
1351909
1383094
1529338
1519390
1399396
1519397
1519393
1373939
1519391
1509719
1383093
