1513758
1513695
1583699
1503753
1393755
1378240
1378188
1522480
1378249
1503880
1523823
1383750
1523751
1523824
1373376
1589340
1599350
1503752
1378320
1383757
1394948
1373393
1523820
1378107
1503759
1503884
1390375
1350375
1583690
1509388
1599352
1500375
1509381
1393751
1372188
1359219
1378189
1583693
1593755
1378248
1593896
1583696
1513750
1378182
1350342
1378241
1374956
1360762
1373375
1509380
1583697
1509375
1583754
1589342
1599359
1509389
1503686
1513759
1589346
1360390
1593750
1599351
1513754
1393754
1350762
1593756
1599354
1373392
1513694
1590375
1523750
1523829
1370340
1523757
1593757
1510375
1372186
1503687
1356956
1589341
1350341
1378324
1383753
1378183
1372189
1378247
1513693
1503756
1509386
1373394
1513692
1513697
1378105
1599353
1589345
1359215
1393753
1384954
1583695
1523758
1523756
1509383
1356958
1503886
1593897
1378184
1378246
1393865
1583692
1513756
1583750
1378325
1373378
1503885
1374958
1522482
1599402
1378108
1593890
1588673
1356959
1593758
1523755
1393759
1593895
1583753
1384955
1503757
1513696
1589344
1509387
1583751
1509377
1378185
1352375
1509382
1513691
1378326
1583694
1503887
1503754
1360375
1513755
1583756
1372187
1523828
1593898
1529075
1593751
1588679
1599358
1589347
1378327
1513757
1588670
1523827
1372185
1378245
1583758
1503755
1599401
1374955
1593759
1383751
1393995
1589343
1588674
1522481
1590390
1583759
1503888
1588671
1393750
1500390
1509385
1513699
1589348
1503685
1599404
1513690
1523754
1503751
1359216
1383759
1523821
1529076
1383754
1378186
1384956
1588675
1593899
1593893
1393757
1378323
1378242
1520375
1529079
1394946
1588678
1383752
1378328
1522484
1523826
1378109
1529077
1523753
1522483
1503889
1509384
1384957
1374957
1599403
1513753
1373379
1523822
1599357
1513698
1359217
1589349
1509379
1593753
1583755
1593891
1593892
1373391
1588676
1394945
1359218
1503881
1588672
1378329
1503882
1503750
1599356
1593894
1583752
1383758
1378187
1523825
1378243
1383755
1583698
1503688
1588677
1390390
1523752
1356955
1384958
1393756
1593752
1583757
1513752
1509376
1529078
1593754
1599400
1580375
1373390
1509378
1374954
1383756
1580390
1599355
1373377
1394947
1393752
1378321
1503883
1523759
1503689
1583691
1513751
1503758
