1569071
1563997
1564945
1301757
1310375
1551608
1563759
1561739
1321382
1563868
1327140
1564948
1553758
1324318
1327149
1313750
1563752
1313753
1327141
1563998
1551606
1321384
1561730
1314054
1323375
1563869
1561736
1308704
1561731
1328306
1328305
1327142
1308705
1863973
1551603
1553753
1327148
1551602
1310365
1551609
1564946
1563995
1551601
1553752
1321381
1561737
1328375
1323374
1553754
1327147
1321380
1564947
1304303
1551604
1860375
1863974
1860390
1307175
1307176
1319404
1306446
1307174
1561732
1308375
1323373
1327389
1563996
1323372
1563751
1324316
1327146
1313751
1563865
1563753
1553755
1307177
1306447
1561733
1307173
1566423
1306448
1569072
1563754
1327375
1553978
1310175
1563755
1307178
1327388
1327145
1329503
1551784
1323370
1306445
1553750
1307172
1327144
1324319
1563750
1307179
1313774
1563999
1553979
1566422
1304691
1563867
1561735
1551785
1323371
1302757
1553757
1563756
1313776
1553751
1313775
1314053
1301756
1563866
1563757
1551786
1327143
1561734
1301755
1561738
1560375
1553756
1307171
1321383
1551607
1308706
1551600
1564949
1321385
1324317
1553759
1307170
1329092
1313752
1563758
1551605
