1503744
1599364
1593746
1378230
1583745
1599369
1383748
1593638
1513744
1583740
1503893
1378221
1373373
1599405
1593996
1589376
1378231
1593631
1513687
1393746
1593997
1593634
1583747
1378220
1523740
1583658
1383745
1394984
1360843
1513745
1503745
1583744
1529097
1583741
1370374
1599361
1356999
1503892
1383747
1518853
1503899
1373365
1523743
1599406
1513747
1583653
1583659
1583650
1509027
1394983
1518850
1503747
1599360
1513682
1523741
1383746
1373364
1599362
1378238
1599409
1378224
1374989
1356990
1378233
1373370
1356947
1529096
1593636
1593748
1513746
1593995
1529098
1523744
1580374
1589370
1373367
1373372
1503895
1518851
1523742
1503746
1593630
1374986
1356946
1378232
1513683
1593994
1599368
1529093
1359896
1373361
1583655
1529095
1523745
1513684
1383902
1513749
1593635
1393745
1503748
1393879
1378225
1356998
1370760
1593744
1593993
1589372
1393747
1380374
1356949
1350374
1523746
1378226
1359895
1593990
1599367
1529094
1518852
1513685
1593749
1503894
1503749
1513748
1383742
1383903
1509025
1393742
1378235
1384985
1509028
1384989
1599365
1583748
1593991
1510374
1523747
1589371
1393878
1378227
1503897
1393877
1583652
1513688
1374988
1373366
1360848
1593639
1378234
1589373
1378223
1503742
1503741
1394980
1599366
1394981
1529091
1378228
1383741
1513681
1593992
1583657
1593745
1513680
1393749
1359897
1593743
1513742
1589377
1503896
1583749
1378374
1523748
1513740
1373369
1390399
1513689
1393744
1513741
1583742
1503743
1509026
1529092
1583654
1503891
1583746
1374985
1373374
1378222
1378229
1384987
1599363
1383749
1390374
1589374
1599408
1523749
1593999
1589378
1590374
1583656
1360374
1583743
1599407
1350389
1593742
1513743
1529099
1593637
1373371
1503740
1373368
1593998
1500374
1378239
1373363
1593747
1370089
1520374
1593741
1589379
1513686
1503890
1593740
1393890
1518854
1589375
1393741
1583651
1384986
1356948
1374987
1529090
1383743
