1327128
1329843
1313788
1551739
1560385
1553748
1553743
1860399
1553749
1324333
1551738
1329824
1321338
1563747
1329823
1306952
1553975
1563746
1313743
1308016
1308019
1310388
1563741
1321337
1561726
1313740
1563742
1860374
1327124
1329844
1563744
1553747
1321336
1561748
1563745
1306953
1563875
1561727
1561749
1325373
1324336
1300767
1327125
1553746
1301759
1306954
1564980
1329845
1569089
1561720
1324335
1327122
1325372
1329075
1328374
1553744
1325371
1313742
1329826
1553741
1325374
1564981
1563877
1306951
1564982
1329820
1308017
1327386
1564984
1563740
1561721
1327123
1329825
1327127
1561722
1553745
1563876
1561725
1327387
1325370
1863972
1327374
1327120
1553740
1560374
1563879
1327126
1329504
1561723
1560388
1564983
1563749
1306950
1327129
1863971
1314062
1327121
1308015
1308018
1327385
1560389
1560387
1308361
1321339
1553976
1310374
1563878
1563743
1327118
1329822
1563748
1561728
1313741
1313789
1314063
1560386
1566421
1553742
1566420
1324334
1329821
1321335
1561724
1327119
