1597930
1375535
1376735
1587097
1527051
1518030
1507937
1387933
1397037
1375538
1518031
1527030
1387934
1597035
1376734
1397932
1527054
1517038
1507031
1527937
1517931
1587930
1594681
1597039
1360793
1587098
1507936
1375573
1517937
1594682
1375537
1387935
1597030
1587095
1510793
1593294
1597937
1527052
1507030
1375536
1518036
1597036
1527934
1597936
1580793
1387932
1507932
1376733
1380793
1597031
1507939
1520703
1597038
1507037
1517934
1357634
1375574
1517903
1527035
1517935
1527053
1357648
1587090
1597037
1370793
1387035
1507933
1518037
1587931
1527936
1387031
1517036
1375534
1527039
1580703
1527034
1594683
1375539
1357632
1507038
1375533
1376732
1397933
1527036
1397930
1587096
1376648
1507035
1387034
1587932
1507938
1594684
1518034
1527939
1390793
1357637
1517939
1527932
1520793
1397034
1517901
1527938
1597934
1517902
1397033
1590793
1527033
1510703
1397031
1517039
1376647
1387931
1527933
1518035
1397934
1376645
1517037
1387033
1517932
1507930
1507036
1397939
1587934
1587093
1527037
1357635
1387037
1587938
1375531
1597935
1397032
1376739
1375532
1517938
1500793
1527050
1593291
1587933
1594688
1397036
1376646
1518033
1350793
1527032
1397936
1376737
1507931
1387030
1527038
1517930
1594689
1518038
1397931
1507033
1587937
1597033
1587936
1518032
1597932
1587094
1593290
1529793
1594680
1387036
1351703
1390703
1527931
1517904
1350703
1527031
1587091
1593293
1376736
1518039
1594687
1397935
1517900
1360703
1590703
1507034
1351793
1507935
1387936
1597032
1387039
1517933
1387937
1376731
1587099
1594686
1527935
1517035
1597933
1370703
1376649
1597939
1397938
1587935
1597931
1387032
1593292
1387939
1387930
1357633
1500703
1375530
1380359
1517936
1397038
1397030
1597034
1357638
1527930
1357636
1507934
1507032
1357639
1597938
1587939
1397937
1587092
1387038
1375572
1594685
1397035
1507039
