1557935
1324793
1326393
1309736
1309708
1320703
1567936
1557928
1557980
1313361
1315593
1311784
1313360
1557942
1308613
1557931
1560703
1557969
1557919
1567932
1309703
1323703
1315592
1560793
1557930
1324783
1557940
1557924
1323753
1557933
1567933
1557941
1325703
1860703
1324703
1567934
1567931
1301444
1557932
1557925
1308611
1567935
1311783
1567938
1320793
1303625
1301442
1557938
1309738
1557937
1300625
1325793
1326304
1301443
1567930
1313393
1315591
1567939
1315590
1323763
1309713
1557936
1557939
1557926
1557927
1557929
1308612
1311793
1567937
1550793
1326303
1557934
1309737
1860793
1323793
1569783
1557981
1324773
1303624
1569793
1321793
