1586579
1386954
1590635
1356303
1509506
1502063
1596551
1596576
1502060
1586575
1506647
1516353
1516654
1516580
1520657
1506951
1526352
1586352
1386955
1527588
1520635
1527587
1506354
1396355
1520664
1596625
1356204
1510635
1506649
1379305
1396957
1522426
1526553
1509500
1510686
1396300
1596436
1506955
1596319
1596623
1356354
1506642
1586436
1595416
1596575
1519218
1596961
1526355
1526556
1356200
1396952
1500638
1509842
1516650
1396359
1527566
1502069
1509507
1373447
1356121
1526353
1510683
1506952
1586494
1396354
1596574
1373445
1586577
1516657
1502068
1386951
1526635
1373444
1356359
1516355
1519219
1516656
1526686
1596438
1516356
1586356
1506641
1526555
1509501
1356350
1526358
1586574
1506358
1516358
1522425
1396950
1596523
1526559
1522420
1378070
1586439
1386354
1510684
1516651
1506351
1506640
1596479
1516659
1373446
1506953
1596960
1356129
1526685
1516350
1506954
1526689
1358118
1510681
1506357
1596317
1386950
1502066
1388483
1519217
1596524
1526585
1378071
1516357
1388484
1586358
1522435
1506644
1378072
1599871
1526558
1506352
1500635
1595494
1360635
1527589
1596318
1356352
1379307
1596437
1522432
1522428
1509840
1586573
1520659
1356122
1526584
1356127
1509508
1526356
1386958
1379306
1396302
1516658
1356358
1582004
1595457
1506643
1509503
1527569
1500637
1586353
1596439
1502067
1522427
1386953
1356148
1356206
1526684
1527583
1522431
1580697
1526688
1526557
1396352
1509841
1595493
1502064
1390635
1519216
1516635
1516582
1520650
1386959
1356300
1586578
1516652
1595458
1358946
1522422
1596620
1586437
1526683
1370635
1509843
1596629
1596525
1591019
1378073
1350893
1386356
1396301
1356201
1356147
1506959
1527584
1526687
1509502
1522430
1356207
1396353
1379309
1356146
1380635
1522433
1527580
1510688
1506350
1510682
1506359
1519215
1356124
1356120
1586355
1526682
1580696
1356128
1356351
1586490
1358117
1526552
1396956
1356208
1506355
1386957
1520665
1356302
1386357
1516352
1516653
1356125
1595419
1506646
1596628
1519214
1396953
1526351
1520656
1506552
1396358
1356357
1386952
1527585
1522434
1516583
1596316
1506635
1527581
1520652
1396350
1396351
1595492
1386352
1586435
1586438
1379308
1519213
1356301
1510689
1526550
1595418
1505458
1506958
1596622
1519402
1522424
1396955
1396954
1522429
1356145
1527568
1527582
1356123
1526359
1502065
1586359
1526354
1580698
1356126
1526551
1356355
1506356
1599870
1506645
1520655
1502062
1520651
1356304
1595417
1516655
1526357
1509505
1586350
1595455
1506957
1386353
1519400
1595456
1396357
1516351
1586354
1509844
1527586
1386358
1596478
1373449
1356356
1522421
1378074
1356205
1580680
1396958
1520645
1502061
1520658
1526645
1520654
1396951
1510685
1356353
1388474
1356202
1596621
1586357
1358947
1586492
1586491
1596627
1350892
1527567
1526680
1516581
1356149
1526350
1506353
1506950
1386351
1510680
1506648
1586493
1580635
1519401
1509504
1580695
1596624
1526681
1516354
1500639
1350635
1510687
1526554
1522423
1596626
1596477
1506956
1516359
1386350
1373448
1386359
1586576
1520653
1396356
