1308146
1325898
1566651
1565349
1561502
1565312
1321045
1301268
1565318
1324537
1865361
1325661
1555216
1860542
1555215
1555367
1322095
1561594
1325642
1555212
1325660
1329635
1860635
1555346
1565317
1550643
1315635
1328755
1561515
1328750
1301278
1550652
1565313
1555219
1329037
1328046
1550651
1555327
1306108
1328704
1555213
1550644
1555347
1565314
1565316
1315380
1328045
1328756
1569829
1308278
1555326
1306109
1550645
1555217
1565315
1566685
1555210
1320635
1555329
1322096
1555211
1550646
1325899
1328758
1328757
1555325
1315381
1555218
1555368
1555328
1560635
1328751
1329025
1315382
1555214
1321096
1561505
1565311
1306150
1561525
1550669
1566695
1566665
1328752
1306107
1300175
1329026
1328759
1566604
1321046
1561591
1550650
1329544
1561507
1306151
1565319
1306152
1303454
1566673
1561584
1555348
1303453
1561521
1566635
1550668
1325635
1328753
1321095
1550667
1327635
1324534
1328754
