1503575
1359354
1373411
1373408
1375499
1593450
1375352
1399479
1393574
1350357
1513531
1366348
1593533
1523571
1393468
1375351
1513536
1583572
1375370
1375498
1593459
1503576
1593578
1375376
1375355
1513530
1503573
1583577
1593532
1399404
1513578
1593534
1393469
1359352
1503436
1503574
1513571
1593572
1393579
1390357
1513533
1513535
1375354
1593458
1503435
1523570
1510347
1393570
1513579
1373406
1500357
1393470
1375377
1351357
1513570
1593456
1593577
1399400
1580357
1373409
1513532
1359351
1393417
1583576
1375357
1593535
1375374
1393571
1370057
1523576
1503434
1593455
1520347
1590347
1351365
1370058
1503433
1593579
1399475
1583570
1383570
1383536
1583579
1513576
1393578
1399402
1375496
1383537
1593453
1523577
1513577
1593570
1375375
1593536
1393572
1373414
1503571
1393471
1383571
1390347
1393434
1523575
1399401
1503572
1383487
1383488
1583578
1375356
1383433
1373412
1373405
1359353
1383407
1375379
1503579
1393573
1399403
1513572
1375495
1583571
1593454
1393577
1520357
1399476
1383572
1513574
1503431
1393472
1593575
1375373
1383577
1523574
1393433
1503439
1373407
1513573
1383417
1583575
1593452
1350977
1370355
1513575
1383576
1370357
1503432
1503578
1593457
1366347
1393576
1593576
1503577
1383573
1373413
1590357
1399477
1375372
1399478
1375358
1593574
1503438
1360357
1383538
1523573
1513534
1503437
1503570
1500347
1375353
1593451
1366367
1583574
1375497
1393575
1383574
1373410
1359350
1523572
1393467
1383434
1510357
1593573
1503430
1383489
1583573
1375371
1375378
1383575
1383539
1393407
