1863573
1313467
1563573
1311127
1552594
1309762
1552595
1553472
1323357
1302802
1863577
1328357
1313326
1313307
1863576
1329457
1553679
1303342
1320986
1308037
1315280
1563572
1563574
1553573
1553475
1323308
1553678
1313318
1569849
1560347
1309664
1553572
1329377
1553471
1309902
1311111
1863575
1303802
1552597
1315287
1311117
1563575
1301532
1329396
1320347
1553474
1551357
1323309
1553470
1553673
1863574
1553477
1553672
1301542
1860357
1553579
1553476
1302803
1323311
1329387
1552596
1323310
1553675
1550357
1313327
1322368
1863572
1553578
1310357
1323347
1552591
1563576
1553670
1310007
1553479
1569862
1553677
1323307
1863571
1322357
1553674
1313317
1329357
1553570
1313347
1323312
1553671
1563577
1315297
1553577
1310017
1306802
1569854
1315277
1563578
1560357
1563571
1309752
1320357
1553478
1309662
1553571
1553575
1552593
1329468
1323306
1863570
1553576
1553473
1300802
1563570
1553676
1309652
1300803
1552590
1310347
1563579
1553574
1863578
1569848
1552592
