1389141
1389142
1589136
1502989
1522914
1399144
1399150
1582997
1399247
1389140
1522948
1529167
1582957
1590925
1368914
1599140
1582913
1582916
1399146
1522954
1375961
1512963
1529192
1399147
1399240
1502915
1390914
1399249
1399156
1519140
1399145
1519159
1512990
1350914
1589137
1520914
1510914
1377299
1399244
1529144
1529189
1529156
1509156
1522998
1587745
1399241
1592965
1589109
1512914
1399140
1519169
1399141
1519195
1599199
1399243
1587762
1599125
1500914
1509136
1399142
1582996
1582917
1399246
1512949
1582956
1599187
1399245
1399148
1510918
1589152
1399143
1580914
1399242
1399248
