1306533
1308174
1560498
1564187
1566364
1327418
1301986
1566365
1313069
1306534
1569418
1305072
1310428
1566362
1313068
1305073
1310418
1564183
1320418
1306531
1554181
1313067
1314975
1313418
1322418
1323821
1306532
1566363
1321418
1564181
1305071
1302829
1560418
1554182
1315418
1314794
1323670
1569873
1564182
1305070
1323671
1300829
1313087
1564189
1860498
1554180
1564184
1328418
1566361
1860418
1319418
1301987
1306530
1564188
1564185
1312418
1554288
1323811
1564186
1564180
1323418
1305074
1554289
1566366
1300821
