1351418
1590498
1584186
1500418
1504186
1504259
1379507
1504185
1524187
1504250
1374183
1584187
1374180
1384185
1514088
1394184
1389854
1504258
1584184
1394188
1379508
1350048
1524188
1390498
1504251
1513402
1513405
1384180
1384189
1594180
1514089
1374181
1524185
1374189
1380418
1394183
1379500
1590422
1594189
1504253
1594182
1584185
1504187
1524186
1514180
1514182
1510418
1504181
1594188
1504188
1394182
1384182
1374188
1584183
1370418
1504252
1504189
1594187
1504254
1594181
1389856
1514183
1514181
1504180
1590418
1513406
1384188
1513404
1504255
1384181
1504182
1580418
1590423
1394187
1394181
1584182
1514184
1394189
1374187
1374184
1370498
1389855
1384187
1594184
1384184
1384186
1360498
1584181
1390418
1584188
1518418
1514090
1594183
1513401
1394185
1379501
1374186
1394180
1594185
1514092
1504256
1513400
1374185
1504183
1384183
1379509
1513403
1514091
1504257
1584189
1394186
1524189
1584180
1374182
1594186
1379502
1504184
