1555506
1315506
1550550
1555644
1565502
1565504
1555509
1301301
1313550
1321550
1560960
1308331
1565501
1315504
1315502
1309332
1555633
1315503
1320550
1315509
1322550
1566550
1555508
1308314
1308550
1315507
1303545
1329550
1565509
1565503
1315501
1308332
1860550
1306334
1555503
1555505
1555103
1315500
1567550
1569550
1305314
1565507
1327550
1315508
1309550
1313545
1301302
1555502
1555504
1555102
1303063
1308333
1305310
1555101
1565508
1303503
1308330
1328550
1560550
1315505
1565506
1565500
1555501
1314550
1555100
1555104
1301300
1555507
1306330
1565505
1860960
1309330
1555500
1309331
