1395503
1385504
1395506
1585502
1380055
1363701
1595502
1590550
1505651
1369550
1351490
1386694
1515507
1386653
1505614
1521218
1363700
1517844
1515500
1521200
1585509
1595503
1585506
1385503
1525507
1363703
1373921
1372101
1390960
1595501
1520550
1386692
1521219
1396599
1525508
1395628
1595504
1505654
1521205
1390550
1595608
1505610
1385502
1396564
1517842
1363702
1505500
1515501
1515502
1505613
1386693
1505503
1525505
1510550
1521208
1395500
1525668
1395509
1395508
1385501
1525501
1386652
1396563
1517845
1380550
1525506
1517847
1386690
1370550
1395501
1521207
1350555
1521206
1585666
1385500
1505652
1395507
1525502
1395632
1363704
1395502
1595505
1385506
1515503
1386583
1396596
1386691
1521203
1517841
1505611
1505655
1517846
1505501
1517849
1396595
1525500
1385507
1585505
1580550
1595508
1386582
1525503
1521204
1595500
1585501
1395631
1585504
1595507
1515504
1396598
1395629
1525669
1517843
1373920
1525504
1517848
1505653
1350550
1585500
1595550
1595609
1521209
1521202
1515506
1585665
1386581
1515505
1385505
1585508
1395504
1585503
1517840
1585507
1395630
1351550
1505650
1505502
1372100
1595506
1505612
1521201
1385509
1395505
1595509
1396597
