1395564
1385564
1396693
1396642
1515625
1369556
1395654
1515563
1505665
1396580
1396641
1517863
1585567
1386517
1515567
1510556
1351556
1505546
1395650
1585652
1396692
1585656
1505545
1385560
1386604
1386516
1385567
1595560
1505662
1386607
1585562
1517868
1515564
1386605
1505565
1350563
1585659
1505547
1500556
1386514
1350556
1515508
1515565
1585561
1395563
1515628
1515566
1396664
1505544
1595568
1515627
1505667
1515556
1521290
1517869
1592234
1525568
1396581
1580556
1505548
1396640
1585657
1363715
1395560
1396699
1396582
1395566
1505664
1386661
1595569
1592233
1515509
1385561
1386515
1585651
1396694
1396695
1585654
1385566
1395561
1386602
1521299
1585560
1395652
1363716
1505666
1505661
1395565
1386660
1515623
1360556
1525567
1386603
1525564
1592236
1505549
1521293
1380556
1395655
1395568
1525566
1521297
1395562
1386510
1396660
1385569
1517866
1395649
1390966
1590556
1585653
1505563
1515686
1386608
1517864
1385568
1396697
1592235
1517867
1515548
1595561
1521294
1515629
1396583
1520556
1525569
1592237
1505663
1595562
1521298
1386609
1525565
1515624
1386601
1396661
1395653
1500555
1386511
1505569
1396691
1386556
1386644
1350055
1386512
1386663
1396696
1390556
1517861
1386600
1521295
1585564
1515560
1505568
1585655
1396690
1517860
1515569
1386519
1386606
1521291
1515622
1585555
1585556
1515561
1585658
1386643
1380566
1595556
1585565
1505566
1385563
1396662
1521296
1592238
1385562
1396644
1386513
1395651
1385565
1395567
1592239
1395569
1386518
1521292
1396698
1515562
1515626
1585566
1505567
1517862
1515568
1396643
1517865
1585563
1515549
