1307406
1566556
1303316
1565561
1327556
1555561
1315560
1322571
1322578
1301316
1306341
1322572
1307403
1320556
1555562
1307407
1565560
1566530
1306328
1301319
1306327
1307402
1313556
1308317
1307409
1565566
1555660
1305328
1322570
1560961
1566531
1560556
1307401
1322574
1322573
1560962
1307408
1566547
1308316
1309556
1301318
1322576
1550556
1303317
1565567
1307400
1555661
1303318
1555560
1565564
1327574
1308318
1565565
1303319
1860966
1329556
1560966
1327573
1555564
1555568
1327578
1327572
1565562
1305327
1321556
1307404
1566546
1555569
1555563
1565568
1569556
1566533
1315569
1328556
1327571
1319556
1315556
1322556
1565563
1555567
1560965
1301317
1307405
1565569
1860556
1327570
1555566
1566532
1555565
1308556
1567556
