1393492
1373419
1366349
1359347
1393491
1580347
1399494
1511085
1393440
1399493
1500349
1583425
1359348
1393493
1593449
1383444
1383419
1393419
1359345
1393483
1523508
1393494
1520349
1373418
1583430
1393485
1523509
1511083
1383498
1375309
1393484
1359346
1393495
1373417
1513507
1383497
1399491
1511084
1511081
1583549
1366340
1593549
1383440
1399492
1380034
1383442
1393499
1383499
1370350
1583432
1393496
1366369
1590349
1359344
1393497
1393490
1511082
1580349
1359349
1510349
1354678
1523505
1375308
1390349
1393498
1523506
1351369
1383443
1393442
1583431
1511080
1523507
1354679
1399490
