1388463
1386428
1357326
1358935
1379320
1357381
1379287
1396977
1345520
1386429
1345525
1385427
1365639
1379321
1378065
1386488
1586559
1386480
1358933
1385325
1365865
1395322
1379193
1355300
1357329
1345528
1386423
1364542
1388496
1395425
1388495
1351532
1386422
1596692
1365869
1386427
1379329
1362642
1355302
1378062
1370634
1378987
1396987
1346544
1355307
1395320
1358322
1364532
1379247
1596321
1358936
1596555
1345524
1595325
1386981
1386982
1396975
1355304
1596556
1360648
1358937
1396965
1365868
1506398
1347532
1379324
1357382
1358927
1505324
1340760
1365642
1379195
1386396
1396980
1596557
1379286
1379194
