1555320
1565320
1312704
1329642
1325683
1321008
1315627
1561542
1321085
1310518
1306130
1865326
1306144
1320647
1320636
1325557
1306137
1301242
1315322
1328088
1566642
1307085
1300652
1560532
1321083
1306122
1327542
1865323
1328080
1306145
1300168
1328087
1320646
1321088
1566669
1301249
1320637
1306136
1555321
1301295
1325558
1865325
1315622
1321015
1315642
1321016
1325542
1565323
1317651
1307084
1306125
1301248
1325684
1321025
1560639
1310512
1301243
1315626
1865321
1315623
1315629
1321089
1315636
1306139
1565328
1321082
1865324
1315324
1310517
1315685
1328081
1327532
1321017
1306146
1328086
1320532
1314542
1306121
1321006
1565322
1569234
1307082
1306128
1327642
1321027
1569814
1560542
1312706
1306126
1321018
1566682
1566622
1315325
1321014
1306138
1315628
1565329
1328085
1321024
1320641
1324532
1306120
1300167
1328532
1322542
1315637
1321081
1315648
1306127
1300166
1306147
1325559
1865322
1328089
1321007
1321013
1315687
1569815
1566620
1321026
1327639
1301252
1566613
1301245
1328084
1322088
1565324
1320642
1321004
1860532
1307083
1306129
1310519
1315326
1322085
1321080
1315638
1327648
1561512
1310515
1322532
1321005
1865327
1321019
1325639
1561552
1315620
1301253
1301294
1322089
1325687
1566648
1565325
1865320
1307089
1301244
1320649
1312701
1315621
1561532
1328083
1561562
1312700
1561588
1566652
1307080
1306135
1321012
1321023
1315327
1321011
1306148
1301254
1306134
1569232
1315603
1301247
1310516
1315686
1865329
1555324
1329648
1320643
1321028
1320648
1865328
1321086
1324542
1315639
1325688
1321002
1329542
1315605
1300651
1328082
1315688
1306149
1569816
1561572
1329532
1321029
1306140
1310513
1307081
1325532
1565326
1310542
1307087
1321010
1301255
1322087
1321003
1306133
1301246
1314532
1312703
1321021
1320638
1315320
1306143
1307088
1560642
1325682
1320645
1301240
1321087
1315689
1315625
1325689
1310532
1307086
1565321
1306141
1565327
1555322
1312702
1300650
1306132
1569238
1325685
1321009
1321022
1301251
1315604
1322086
1560648
1310514
1321084
1320639
1315323
1329639
1306142
1301250
1325555
1320644
1306124
1325556
1323532
1300169
1566668
1566679
1306123
1312705
1555323
1328542
1318895
1301241
1321020
1300653
1325686
1569811
