1506391
1378066
1586423
1585322
1386425
1357387
1526420
1526525
1526529
1595324
1525322
1527525
1396979
1526520
1369867
1596983
1885329
1519268
1516664
1385426
1582008
1373090
1509200
1506482
1358320
1506621
1396986
1585429
1506428
1509229
1596687
1596680
1396483
1396427
1505328
1358926
1369866
1596689
1589881
1586471
1525421
1380639
1586685
1506309
1378069
1589884
1502004
1380899
1395420
1506427
1360896
1505322
1586472
1515443
1379184
1379248
1357321
1519428
1378985
1596495
1369542
1519277
1586470
1506485
1515320
1580658
1586309
1516601
1595322
1509201
1505429
1506424
1595484
1526922
1379323
1571274
1586689
1596558
1516521
1502007
1379284
1586552
1395321
1519256
1595423
1386984
1586307
1527522
1373099
1358328
1586345
1505424
1396968
1509244
1357327
1506686
1527532
1509209
1370898
1526621
1596984
1380532
1509223
1596429
1509228
1590532
1580650
1396428
1386395
1516665
1885326
1516532
1509214
1506639
1358932
1596422
1526428
1526625
1525329
1519200
1386398
1586680
1396961
1396421
1585428
1385323
1358925
1585321
1526425
1505327
1506483
1596684
1519254
1396396
1595321
1506681
1595483
1585328
1502009
1596494
1516542
1515428
1525320
1519430
1385324
1386486
1516520
1516606
1516528
1396485
1506307
1525325
1596499
1379249
1378064
1515326
1385422
1516600
1506622
1522443
1390639
1358924
1379197
1386426
1369768
1585325
1525422
1571273
1515442
1506623
1515321
1506393
1370642
1519427
1596320
1519201
1596690
1373091
1589883
1505427
1373093
1506542
1519272
1380898
1505326
1386987
1373092
1526427
1515429
1509220
1385329
1395328
1509245
1520532
1505482
1525429
1526921
1396972
1526426
1509206
1379322
1525424
1596691
1379182
1580657
1506484
1358329
1390542
1519261
1502003
1586346
1360532
1519271
1390642
1526532
1526622
1386424
1516529
1396971
1506682
1596498
1519266
1388497
1885327
1525420
1519206
1596685
1519209
1596300
1595480
1519279
1506425
1596427
1590892
1506616
1596493
1396484
1595487
1379199
1586347
1526927
1526923
1515322
1370895
1595482
1571272
1380895
1519426
1509207
1360898
1373098
1379196
1357328
1386487
1586684
1516603
1505425
1506689
1395428
1516666
1396390
1586420
1502008
1515423
1379242
1526422
1380642
1505321
1595422
1526303
1516642
1519273
1396973
1885324
1586550
1519274
1596492
1385328
1585323
1590895
1386391
1502002
1506532
1527523
1526623
1510532
1379282
1506422
1379291
1506688
1586425
1515421
1395326
1509217
1395422
1516602
1350639
1509241
1506304
1586311
1506394
1586554
1590639
1509212
1370630
1396962
1390532
1515444
1506624
1380542
1509222
1500532
1596327
1580653
1595420
1386484
1525423
1595481
1396988
1519263
1378063
1379243
1526924
1596424
1379328
1589885
1505320
1506683
1386481
1585420
1515323
1586683
1386421
1586348
1526304
1519207
1522441
1526920
1526620
1509215
1358324
1526624
1586422
1519208
1519259
1385326
1519260
1365542
1396488
1379183
1379280
1571271
1519265
1526542
1590896
1596329
1396429
1506302
1526929
1519421
1370648
1379285
1516526
1527528
1396974
1351542
1595425
1396391
1396960
1585327
1379283
1373094
1506396
1358939
1525427
1509225
1515422
1571276
1506305
1505422
1519264
1379290
1586428
1506489
1596683
1525323
1595488
1506395
1586555
1506629
1350642
1515420
1370897
1515329
1516605
1506423
1596491
1516667
1525426
1388494
1519424
1586553
1596421
1506679
1506625
1585421
1396983
1596986
1516661
1519205
1385320
1379326
1585424
1509210
1519250
1358930
1358922
1396425
1385424
1589886
1519269
1527529
1522444
1396424
1396486
1396480
1509204
1585326
1506618
1396982
1351862
1509240
1596980
1596682
1580654
1386397
1505428
1509205
1527542
1386989
1515425
1590899
1596693
1516668
1586682
1885323
1369865
1525326
1386390
1519425
1378986
1526926
1370542
1506303
1396392
1527526
1506626
1589887
1580655
1516525
1595426
1590893
1526524
1519420
1595326
1580532
1586424
1506680
1500658
1506628
1596322
1589880
1380896
1386983
1515324
1571277
1373095
1520542
1516527
1395423
1571270
1500642
1586302
1596328
1525324
1358323
1586556
1596681
1590898
1386485
1596688
1516604
1506390
1509224
1595409
1506308
1379244
1519276
1526305
1586427
1586306
1505423
1596989
1525425
1586473
1395324
1585324
1385425
1506488
1526423
1357385
1506397
1526928
1505481
1357388
1358923
1509227
1585422
1386420
1373096
1526522
1516660
1585425
1516669
1510542
1506617
1509202
1527521
1590897
1526421
1360639
1586681
1509243
1596694
1396963
1526528
1582002
1519257
1596532
1360630
1379198
1386986
1596428
1379288
1596981
1509219
1519258
1519252
1378984
1527527
1396481
1526521
1386394
1358929
1357323
1506685
1590542
1596988
1396976
1369868
1519251
1885322
1385428
1379327
1395426
1395323
1519278
1596301
1500648
1595486
1525328
1596542
1360634
1350532
1515325
1519275
1506421
1595338
1386482
1596423
1357325
1525428
1586426
1378988
1596987
1519204
1506627
1580651
1396984
1585320
1396422
1358928
1580642
1571278
1586688
1396423
1596425
1522442
1515424
1515427
1357384
1589888
1519422
1506420
1596325
1580542
1526523
1586474
1379325
1516524
1378060
1378061
1595329
1505325
1379245
1366542
1525321
1590894
1885325
1505420
1585426
1595489
1506487
1586301
1586421
1526527
1369767
1596982
1516662
1519203
1509242
1360542
1380897
1585329
1595428
1396964
1379246
1586558
1585423
1885328
1586532
1395429
1509221
1379289
1509226
1595427
1582003
1506300
1515327
1396981
1386399
1525327
1526925
1586305
1396482
1506480
1595328
1509213
1506684
1509216
1357389
1519249
1515441
1519262
1885321
1505489
1596420
1358326
1396487
1516639
1386985
1596686
1519267
1506619
1596326
1358934
1596324
1595323
1509203
1519423
1586344
1395424
1360642
1527524
1505421
1527520
1586308
1589882
1509208
1358921
1506481
1519253
1506620
1585427
1586687
1378067
1379181
1369766
1519255
1515426
1571279
1526526
1595424
1595320
1595485
1580639
1370896
1505426
1516523
1373097
1350648
1580652
1396397
1378068
1505329
1516522
1506429
1358920
1367542
1519270
1586429
1505323
1506392
1580659
1502005
1515328
1357320
1571275
1506301
1586686
1370532
1506486
1519429
1506306
1580656
1358938
1516663
1506399
1596496
1390648
1509218
1396394
1509211
1526424
1595327
1385420
1586303
1506687
1526429
1595429
1500542
1385321
1586551
1358327
1586557
1519248
1357383
1519202
1586304
1522445
1596497
1385429
1379281
1506426
1502006
1596323
1596426
1595408
1395329
1885320
1596985
