1531872
1531878
1534532
1338642
1531871
1338542
1332639
1336124
1335688
1895420
1530648
1895421
1333505
1531877
1330542
1335689
1337080
1336127
1533532
1334124
1337639
1337089
1337082
1531879
1330639
1336125
1336148
1337148
1337087
1335542
1531532
1334502
1336126
1531554
1531423
1337542
1895422
1895322
1890648
1530542
1333506
1339642
1337557
1333639
1333501
1895423
1333500
1895428
1531553
1337558
1337642
1890642
1334123
1332502
1335532
1333502
1332501
1339532
1531888
1339542
1531886
1895424
1334122
1334501
1337084
1531552
1895429
1330532
1337081
1336532
1335444
1534542
1895323
1337556
1533639
1531887
1895329
1531551
1531889
1332500
1890639
1895425
1895321
1337086
1335639
1531425
1531420
1890542
1336129
1337149
1333503
1335685
1337555
1338532
1531870
1531422
1334639
1530532
1338639
1533642
1895328
1531873
1895326
1338648
1333509
1533648
1895427
1336121
1331067
1330648
1530642
1531421
1333504
1337083
1531424
1335686
1531876
1895320
1331066
1334500
1336122
1531500
1895327
1895426
1531874
1337088
1530639
1531875
1531550
1335445
1531501
1335687
1336120
1890532
1336542
1330642
1336123
1333508
1339648
1337085
1533999
1895325
1336149
1333507
1895324
1337648
1533542
1339639
1531542
1336128
1531502
1337532
