1328782
1308267
1329017
1566630
1569820
1300165
1306111
1566626
1306116
1555388
1315330
1301358
1322082
1328783
1306119
1325630
1860641
1303457
1308268
1327631
1308149
1322083
1317631
1566631
1325681
1320630
1328784
1306118
1327630
1303456
1321090
1301273
1325631
1315631
1325564
1306112
1561511
1303459
1328785
1555387
1328786
1329630
1325566
1329631
1325680
1322084
1315340
1315630
1322090
1860630
1300163
1306113
1555386
1325565
1566611
1303458
1328787
1860631
1865354
1328780
1306114
1315331
1566609
1328781
1561501
1315357
1306115
1560631
1325567
1315608
1301357
1560630
1300164
1566660
1306110
1561581
1306117
1569821
1315609
