1506316
1356310
1386905
1595388
1386308
1356314
1386301
1519431
1375462
1506510
1516612
1506945
1357370
1396318
1595387
1379277
1386907
1596559
1375463
1526614
1390630
1580630
1526312
1516315
1509492
1509814
1386902
1386318
1386311
1356211
1379279
1526310
1506631
1396314
1506511
1357371
1396313
1586310
1380630
1506312
1526311
1356319
1506519
1375464
1386306
1396317
1516319
1506940
1370631
1516631
1379335
1509259
1516316
1595404
1379271
1506315
1516616
1586631
1526612
1356216
1526319
1370649
1356318
1506550
1515403
1526318
1360631
1590630
1526698
1506318
1526613
1386906
1506512
1386903
1356185
1356219
1380631
1350630
1595403
1506518
1396312
1386309
1595386
1516313
1396316
1506630
1388480
1386300
1589897
1516615
1516314
1526641
1509813
1509491
1357373
1519280
1386901
1386303
1515402
1356215
1526317
1509490
1526611
1594984
1510631
1356181
1509810
1386319
1506310
1526316
1509815
1506551
1379276
1396315
1526313
1396311
1379337
1356218
1506517
1526314
1585465
1356217
1520631
1386900
1379273
1386302
1388479
1372192
1595405
1516614
1386313
1356214
1506516
1506313
1590631
1379272
1356186
1506317
1356315
1396319
1526315
1356311
1595406
1596679
1506941
1357374
1356213
1379275
1506515
1516312
1386307
1386310
1386908
1379270
1356182
1379336
1375460
1372193
1526631
1386305
1585464
1356212
1595389
1350891
1520641
1516311
1580631
1596678
1356183
1356312
1386317
1356316
1515404
1506311
1509812
1509816
1375461
1500631
1526441
1516318
1386304
1506314
1379278
1386314
1515400
1356180
1356184
1516613
1386904
1506514
1386909
1356313
1516611
1360649
1506943
1506513
1350631
1351631
1516317
1379339
1506319
1356189
1386315
1526615
1586630
1515401
1526610
1506942
1356210
1516310
1386312
1509811
