1398290
1373943
1589234
1528225
1398295
1373944
1592835
1370826
1377848
1388298
1598322
1356853
1388296
1528220
1510813
1519680
1350804
1398038
1373072
1528322
1598321
1528321
1510815
1370824
1518215
1388295
1519681
1370094
1351835
1528320
1388299
1373942
1588321
1398299
1510814
1528227
1528226
1598424
1379571
1379570
1377898
1388294
1508210
1518378
1588423
1518373
1588424
1598324
1519683
1388292
1356854
1598423
1518324
1377849
1598323
1398293
1528222
1518217
1379573
1528229
1588422
1519682
1518379
1508212
1598422
1398294
1590841
1356855
1388293
1518216
1519659
1518377
1373073
1398291
1588324
1589231
1518219
1373940
1388290
1373941
1588421
1519684
1508211
1528228
1518376
1592834
1598421
1519658
1589232
1590831
1355069
1398292
1528324
1355068
1508214
1388291
1588322
1598420
1398297
1528223
1377899
1518323
1588320
1598320
1508213
1528224
1518218
1589230
1518320
1528323
1398296
1518374
1588420
1518375
1398298
1518321
1528221
1388297
1588323
1589233
1355067
1518322
