1352981
1512620
1592462
1588771
1591282
1508731
1518739
1518736
1598733
1512631
1512617
1388730
1398805
1376938
1512638
1512612
1352984
1352968
1598739
1512624
1376949
1357731
1398731
1592538
1388756
1591188
1508736
1509416
1398806
1588770
1528738
1592463
1528739
1528737
1591281
1518735
1512623
1388755
1598779
1515491
1591284
1591132
1388737
1508730
1582524
1350883
1376939
1592533
1598732
1352948
1515493
1591130
1388736
1509417
1512614
1515499
1512632
1508737
1582518
1518730
1376948
1528734
1376934
1352966
1580873
1515492
1512640
1398732
1512622
1591283
1388759
1515494
1509414
1357732
1357734
1398803
1508733
1597476
1398804
1588773
1352946
1582519
1376937
1512633
1398730
1509411
1588772
1388757
1508734
1591134
1376930
1388735
1398737
1512641
1592532
1512634
1509687
1591289
1509686
1518734
1512629
1376944
1380877
1591286
1591137
1598737
1598778
1508735
1598777
1592530
1352982
1512610
1582522
1398809
1512635
1597474
1598735
1512616
1509410
1590873
1376936
1591280
1509689
1376945
1512613
1376931
1509685
1591138
1591285
1591131
1512628
1398738
1388739
1398808
1390873
1528731
1592531
1512643
1591136
1598736
1582523
1376942
1512627
1388733
1398736
1515496
1398800
1508732
1518731
1512621
1512611
1509413
1512636
1598738
1502520
1512642
1597475
1352980
1515495
1588774
1592460
1592461
1582520
1512637
1509688
1398802
1352983
1591139
1357730
1350873
1509418
1352994
1592536
1398735
1518732
1360883
1398807
1591133
1597471
1512626
1512619
1352947
1591287
1528730
1388731
1509412
1376933
1512618
1528735
1502521
1528733
1352993
1515498
1597473
1592535
1582521
1518733
1520873
1512644
1597470
1580867
1398801
1376947
1591288
1376940
1508738
1591135
1398733
1509415
1352996
1512630
1597472
1352949
1598734
1512625
1509419
1352967
1376932
1388732
1597477
1508739
1360873
1512615
1528736
1398739
1512639
1528732
1580868
1518737
1398734
1515497
1518738
1515490
1376941
1357733
1592537
1592534
1376946
1352995
