1398123
1589229
1528204
1598391
1518137
1390812
1598393
1351833
1528397
1598390
1588393
1528398
1588357
1518396
1598445
1589228
1528208
1398129
1528206
1528205
1519613
1388124
1355097
1354847
1598409
1588358
1518135
1588394
1350806
1518398
1589226
1354196
1528209
1518397
1588356
1588392
1598444
1379589
1588352
1589227
1588399
1528396
1388123
1398127
1588351
1388122
1528395
1518394
1588355
1508281
1589225
1528390
1588391
1356837
1528200
1528393
1398122
1588397
1518142
1508280
1598405
1588390
1354846
1398128
1588350
1588354
1528202
1528399
1356836
1519614
1388129
1590832
1354197
1518138
1518399
1598408
1508283
1588398
1398126
1588353
1398121
1528394
1528207
1518392
1528201
1355096
1398015
1354145
1518139
1598407
1388120
1398125
1528392
1508282
1518143
1519610
1580839
1518393
1398016
1588359
1592822
1528203
1508284
1518136
1598394
1398120
1519611
1528391
1588395
1380812
1588396
1598392
1592823
1590842
1351832
1388121
1398124
1518395
1519612
