1509706
1519334
1509708
1399337
1509552
1391953
1509707
1390933
1519335
1512043
1399334
1383035
1391954
1509553
1380933
1509554
1351903
1529330
1383037
1512044
1529332
1399332
1529369
1509705
1383034
1512045
1383032
1520933
1368946
1582584
1519330
1399335
1529334
1373933
1519338
1529367
1383033
1391951
1510933
1368947
1383036
1529368
1500933
1519339
1529331
1519333
1383030
1580933
1399333
1580944
1519332
1512040
1391950
1399338
1519331
1399330
1383039
1519337
1502593
1512041
1512042
1529333
1351933
1399336
1383038
1582585
1383031
1399331
1519336
1509551
1391952
1582583
