1321407
1554005
1554050
1303954
1315489
1302049
1564756
1303472
1312654
1329485
1554055
1313475
1556049
1308716
1560475
1556050
1554808
1322475
1569475
1564751
1554758
1328475
1554759
1308024
1564757
1324596
1308717
1554052
1302041
1564856
1569095
1564854
1564750
1329809
1301514
1564758
1324597
1554756
1303953
1308025
1329804
1860485
1328487
1860475
1554809
1321481
1564855
1329807
1564759
1564857
1554003
1327484
1864725
1323475
1308475
1315475
1308715
1554757
1564753
1554754
1301513
1554054
1564852
1328488
1303475
1554806
1327485
1329805
1301954
1314525
1554051
1554750
1554755
1329475
1329484
1564752
1321475
1301953
1564853
1554807
1323486
1554751
1564755
1320481
1564859
1564850
1329808
1320475
1554053
1554056
1323485
1554752
1564851
1328486
1322484
1564858
1554004
1327063
1564754
1327475
1554753
1322476
1329806
1328489
