1584855
1524754
1384750
1394885
1378945
1504750
1520487
1373475
1513475
1394752
1594735
1584958
1514701
1380475
1592449
1524750
1514757
1384895
1374755
1504748
1584877
1589488
1520486
1584951
1584856
1500492
1504854
1394845
1384894
1510475
1520475
1584959
1584950
1584753
1524837
1514704
1594745
1524834
1374756
1584851
1514759
1584858
1584852
1504855
1584895
1514877
1514879
1504853
1584850
1394753
1584875
1524755
1593494
1384893
1516493
1378955
1384865
1513476
1504710
1584853
1394759
1504749
1351475
1384875
1500496
1584956
1590475
1513477
1584859
1375415
1584754
1524756
1590485
1514870
1374805
1514871
1504756
1584755
1524838
1524757
1514755
1504852
1504746
1516492
1584748
1584751
1584756
1374757
1520489
1584957
1394754
1514878
1584954
1592454
1514876
1374758
1514702
1394854
1384754
1520488
1524835
1514875
1524758
1384795
1504716
1504851
1504747
1394756
1514756
1589485
1524751
1516491
1520481
1394865
1594778
1363475
1594744
1372205
1584836
1374759
1514874
1500499
1390475
1384753
1514703
1500494
1378971
1513470
1384845
1384755
1374753
1504755
1394751
1584750
1351485
1584955
1594734
1594725
1394815
1513473
1394895
1592452
1584865
1513471
1513478
1504850
1589489
1592459
1500491
1394755
1374752
1524836
1504754
1524759
1394814
1589484
1584885
1500497
1594753
1384855
1594743
1384756
1374751
1394855
1360475
1589487
1592447
1514873
1504753
1504857
1584758
1513479
1584952
1500475
1350063
1580475
1350065
1524833
1584757
1516490
1394813
1500490
1504752
1594779
1514872
1384757
1593499
1520484
1513472
1384758
1514825
1504856
1584953
1394858
1524752
1384745
1394758
1394735
1373999
1384805
1504745
1584759
1589486
1394875
1524832
1384752
1374750
1384751
1524753
1500498
1594944
1375405
1584752
1520485
1504715
1394757
1384885
1513474
1500493
1584854
1514758
1500473
1394835
1500495
1524839
1378965
1378975
1394750
1594705
1584857
1374754
1384759
1504751
1372215
