1517178
1517185
1388665
1397259
1587160
1597272
1527147
1507253
1527153
1527150
1527213
1350720
1388669
1517192
1587250
1590720
1587155
1587256
1388666
1509088
1517179
1599755
1592694
1397260
1599763
1387260
1510720
1587245
1390720
1507177
1589756
1587165
1599766
1399769
1527214
1587267
1399770
1587263
1592696
1517184
1527149
1587249
1587163
1527219
1398682
1388668
1597165
1587158
1397203
1398683
1509089
1350724
1589757
1370720
1388674
1517190
1507178
1587166
1517183
1387269
1592695
1387268
1354571
1387255
1597167
1397251
1517180
1589755
1587262
1599767
1387267
1587253
1509086
1509095
1587261
1517191
1589754
1517182
1587266
1509085
1599760
1507175
1517158
1387261
1397204
1599768
1587157
1587265
1599757
1387248
1517174
1517172
1517181
1388672
1597269
1354572
1354585
1387258
1587247
1517186
1527218
1509094
1388673
1599762
1597163
1399774
1507174
1507176
1587254
1397257
1399765
1507250
1587251
1387266
1592698
1599754
1517175
1507181
1387259
1387249
1587260
1397200
1597164
1599761
1398676
1507182
1589753
1388670
1587154
1587161
1587248
1507251
1500720
1517187
1527145
1397202
1397258
1387256
1399773
1398674
1517173
1527217
1507256
1399772
1398681
1587252
1587159
1599759
1387251
1587164
1397201
1509087
1599752
1509092
1387262
1527211
1360720
1592699
1589752
1507252
1587156
1527151
1377419
1599764
1599750
1599756
1350860
1599769
1399766
1387250
1354574
1517176
1354577
1587259
1517188
1397255
1520720
1388671
1507255
1587167
1597270
1527146
1527216
1509093
1507179
1589751
1507173
1580720
1354584
1597162
1517189
1599758
1387265
1387253
1354573
1390860
1527152
1527148
1398678
1388667
1517177
1527212
1399771
1592697
1587162
1587257
1509090
1527215
1597166
1387247
1380720
1587258
1507254
1397253
1507180
1587246
1597271
1397256
1358148
1599753
1398675
1399768
1387264
1358149
1589750
1509091
1387252
1507172
1387246
1527210
1354583
1587264
1587255
1599765
1398680
1387245
