1899591
1338727
1533572
1339614
1898674
1338726
1330860
1897254
1533746
1530720
1532766
1897204
1533571
1334977
1331756
1333978
1898683
1532762
1533741
1898680
1533743
1338725
1534705
1330720
1898682
1333979
1898681
1530860
1532761
1897203
1331057
1897255
1332981
1534706
1897202
1897201
1897256
1337798
1890720
1899588
1898675
1334354
1898678
1532763
1339720
1533745
1897253
1533405
1532764
1899587
1897257
1331720
1897252
1899590
1898679
1533406
1339615
1533573
1533742
1332980
1897259
1534708
1899589
1897200
1532765
1897251
1336717
1334978
1334976
1533404
1890860
1334353
1534707
1897258
1331056
1898676
1533570
1338728
1533740
1897260
1898677
1533744
1331757
1532767
1532760
