1313581
1557272
1560860
1562937
1567107
1322725
1557172
1327725
1554927
1329424
1319731
1323562
1554937
1310078
1562935
1554938
1322728
1557171
1303270
1554929
1554939
1304095
1322729
1326491
1303272
1557273
1308515
1309417
1327723
1557170
1304098
1557279
1567100
1554928
1311445
1321717
1304715
1327717
1557274
1326490
1562933
1562934
1309840
1304099
1560720
1554932
1320721
1557278
1321727
1557275
1313582
1311727
1561484
1567101
1557177
1303274
1557277
1557176
1567102
1304096
1320720
1561485
1557276
1309841
1309418
1562938
1554933
1567103
1303273
1329728
1569720
1557175
1327739
1304717
1303271
1313580
1860860
1561486
1304097
1554934
1557174
1567105
1311729
1324728
1304716
1311446
1554935
1867160
1569727
1322727
1567104
1311728
1554936
1860720
1557270
1557173
1554931
1322726
1562936
1557271
1567106
1554930
1323563
1320722
