1860785
1308775
1321155
1567849
1557751
1557857
1567867
1567868
1567754
1329785
1567846
1557853
1567857
1567858
1557752
1860775
1557852
1325789
1567848
1313285
1557856
1301492
1329924
1312345
1560785
1329965
1567859
1557750
1321145
1329786
1567847
1320785
1557753
1301495
1567756
1329966
1308675
1557855
1557859
1567757
1300596
1557858
1301496
1550688
1567855
1557758
1567751
1567863
1320775
1309775
1567841
1329968
1557759
1557854
1567840
1567869
1567856
1567704
1303695
1567750
1567854
1310055
1567864
1308496
1567758
1329945
1329967
1325786
1557707
1567842
1321156
1309795
1567861
1557851
1309785
1311475
1329775
1567705
1567853
1557756
1329969
1311775
1329946
1300695
1567843
1325785
1560775
1313275
1312355
1311765
1569775
1567753
1557757
1550785
1567862
1325788
1567759
1550689
1313295
1567851
1321785
1557709
1557754
1310045
1321775
1326375
1308795
1567845
1567852
1567752
1550687
1567865
1550775
1323786
1329944
1567850
1860786
1557708
1557850
1313265
1329925
1325787
1567866
1567860
1567844
1567755
1557755
