1507754
1387853
1527760
1378815
1517756
1597754
1587888
1527832
1527797
1587802
1510785
1378805
1587709
1597797
1590775
1507772
1359737
1517749
1597704
1510807
1376805
1527795
1351769
1507750
1507801
1378835
1527833
1597706
1597796
1597753
1507800
1527754
1378825
1527794
1517753
1373750
1597751
1507757
1397859
1387807
1507773
1599457
1599451
1397754
1387858
1527824
1510806
1387855
1387752
1527755
1397852
1387808
1397750
1378866
1527855
1587857
1373751
1527790
1587853
1517755
1517750
1597750
1397755
1376835
1363500
1597795
1355785
1387805
1397856
1387755
1376876
1507774
1397857
1507756
1355815
1507802
1355796
1527839
1599454
1387854
1350780
1373759
1527856
1527835
1373756
1378855
1510805
1527823
1355765
1387809
1599453
1527775
1587800
1376879
1587858
1587854
1359735
1527792
1587887
1397855
1355795
1527830
1527752
1387754
1517737
1510804
1387753
1376815
1359738
1597758
1363501
1376878
1527853
1507775
1517752
1387802
1380785
1355835
1351785
1527836
1590785
1507803
1359705
1507751
1507776
1599456
1373758
1373757
1390785
1527763
1527854
1527793
1510775
1507758
1587859
1387857
1597705
1517795
1587855
1510803
1597759
1500775
1580789
1500785
1363503
1373754
1507804
1527829
1351755
1527850
1517759
1387758
1387800
1527851
1507805
1527837
1507841
1597752
1507777
1387803
1376899
1520775
1527753
1599455
1387757
1527859
1527828
1387756
1376898
1397759
1527758
1527858
1363502
1373755
1587856
1355825
1597793
1510802
1507759
1587705
1517748
1387804
1359715
1507778
1517757
1360775
1507771
1587803
1387759
1507753
1387856
1527827
1376855
1397853
1529619
1507806
1527799
1363505
1517758
1507840
1527798
1397751
1527821
1597799
1376825
1527751
1351765
1597757
1527852
1527838
1373753
1517754
1597794
1587852
1527857
1527762
1527791
1397758
1517751
1510800
1520785
1376845
1378864
1527820
1599450
1527825
1510809
1507779
1587706
1527834
1507770
1507843
1527756
1359704
1363504
1597756
1376896
1355775
1397854
1387850
1587804
1397752
1378845
1373752
1376875
1387851
1507752
1527761
1376897
1350785
1397757
1359719
1527831
1527757
1370785
1599458
1507842
1527750
1597755
1370775
1510801
1587851
1390775
1527826
1387801
1597703
1527796
1580785
1387750
1527759
1378875
1355767
1510808
1597798
1507755
1587707
1587708
1599459
1397851
1360785
1599452
1387806
1378865
1380775
1387751
1580775
1387852
1387859
1527822
1376877
1397756
1507844
1397753
1587801
1587850
1397850
