1895081
1332874
1895948
1895088
1333839
1334058
1332863
1332848
1895947
1339597
1895949
1895083
1331399
1530597
1336508
1895082
1331392
1895946
1336507
1337509
1895945
1337508
1890607
1895085
1895901
1338590
1334057
1530604
1332873
1895900
1895907
1530601
1534508
1895908
1334056
1895902
1895084
1895909
1330607
1890697
1334834
1337504
1334059
1330697
1534509
1533757
1895903
1335835
1334836
1334835
1895904
1895087
1895086
1332849
1335836
1333837
1895906
1895089
1338597
1339409
1895080
1331393
1895905
1338693
1333838
