1386025
1588069
1395084
1385065
1515905
1395080
1520601
1505909
1596030
1395906
1515900
1588038
1386026
1350754
1385957
1395903
1525900
1596090
1508025
1516069
1588035
1351591
1588036
1380699
1520609
1505906
1380698
1505991
1386027
1528037
1386024
1359962
1515901
1385064
1525901
1588063
1520607
1595973
1596093
1395905
1508024
1520605
1516068
1520606
1586016
1395946
1350750
1586010
1515902
1588067
1516067
1515903
1359961
1379908
1359964
1385955
1596092
1528035
1505907
1385953
1395909
1525903
1395949
1588037
1528038
1525902
1505993
1385067
1395900
1520603
1350751
1508027
1350753
1395085
1508020
1596094
1395945
1359960
1385954
1351590
1588065
1586011
1520608
1516066
1385952
1386021
1508026
1588061
1508021
1395087
1595971
1385068
1596091
1360592
1395907
1588039
1515907
1528036
1508028
1588064
1505990
1586017
1520604
1350752
1395081
1586012
1586013
1395902
1385061
1359932
1386020
1520600
1516065
1505905
1588068
1395082
1385069
1386023
1395088
1515906
1385958
1508029
1395947
1385951
1386028
1395908
1395901
1395089
1528039
1359933
1515909
1395948
1505992
1390607
1395904
1385060
1596034
1588062
1385959
1385063
1588066
1586015
1505994
1520602
1508023
1359934
1390697
1586019
1386029
1515908
1596033
1505908
1386022
1515904
1385062
1595970
1586018
1596088
1359963
1586014
1385956
1508022
1588060
1395083
1525904
