1358069
1501659
1382682
1372979
1591715
1581177
1521857
1358068
1360023
1382683
1392714
1382467
1520767
1508817
1382674
1580766
1371983
1581178
1382678
1382671
1372971
1392716
1392713
1358067
1501820
1382689
1371980
1581953
1501649
1581950
1521859
1581179
1382670
1358066
1392265
1587661
1382680
1511378
1500766
1372974
1382688
1382673
1501449
1392715
1382686
1508819
1372972
1382679
1510766
1392266
1392718
1382681
1392717
1590766
1358065
1382687
1510767
1382672
1511379
1372975
1511991
1392712
1520766
1382684
1360963
1382468
1521858
1382677
1360296
1390237
1392711
1372977
1372978
1581951
1371984
1511990
1392710
1501658
1508818
1382676
1392719
1587660
1382675
1350999
1581952
1581176
1372976
