1508313
1356983
1384938
1378197
1590303
1509042
1378258
1356980
1503730
1374936
1583601
1503661
1522591
1523663
1513673
1383737
1503739
1513737
1383739
1590306
1359866
1590373
1383730
1361390
1513730
1513678
1523738
1583730
1593731
1394963
1523649
1523645
1513739
1383906
1378196
1370073
1589380
1523733
1509033
1509041
1599307
1383909
1370765
1522590
1513672
1590307
1583608
1593658
1580373
1593732
1593651
1599300
1503731
1589389
1590386
1509046
1390380
1508314
1384939
1378252
1356941
1509005
1513675
1503738
1583732
1590389
1523732
1590300
1374935
1393733
1393730
1522594
1510373
1513736
1589381
1509047
1356981
1359864
1599308
1589388
1583738
1509030
1503737
1393874
1593657
1378190
1593652
1384937
1583610
1374934
1509040
1593739
1393734
1509007
1583617
1593738
1359860
1590301
1583733
1599303
1359868
1589382
1384936
1583604
1509039
1509035
1522592
1599302
1351373
1589387
1513674
1359871
1393872
1350344
1523735
1593733
1393731
1583739
1599309
1583615
1590305
1393871
1383905
1356984
1583616
1350380
1589386
1583605
1590387
1384935
1599304
1378193
1350373
1378254
1583602
1503736
1360393
1370373
1593737
1583735
1356944
1509032
1589383
1523734
1583736
1378253
1513677
1384934
1503664
1380373
1599301
1509038
1513676
1522595
1593650
1593734
1359870
1590309
1393732
1509009
1583737
1500373
1509049
1503734
1509037
1503735
1374939
1378255
1583613
1589385
1393737
1583619
1513670
1383733
1508311
1583618
1522598
1590304
1503663
1583734
1593735
1522597
1589384
1593736
1523648
1522593
1356942
1508310
1509006
1523662
1374938
1350343
1356985
1513735
1523737
1593656
1393870
1523730
1393739
1509045
1380380
1509031
1509034
1583614
1359873
1583600
1378251
1383735
1590385
1503662
1590308
1513671
1520373
1378256
1583609
1513733
1378195
1503732
1523661
1378257
1523736
1523731
1522596
1523647
1356940
1590302
1393876
1356982
1356986
1593655
1378198
1383736
1374937
1523660
1509008
1583606
1593654
1509044
1583611
1513734
1393738
1503660
1590388
1378250
1508312
1522599
1378194
1359863
1583603
1513732
1509043
1394961
1593730
1393735
1383907
1513731
1503733
1356987
1523739
1394964
1513738
1523646
1583731
1378199
1523664
1509036
1390373
1513679
1593653
