1322373
1561711
1563733
1551643
1863909
1561714
1306938
1560380
1560373
1551642
1326216
1551649
1554429
1324328
1553734
1323380
1323384
1313732
1551656
1308373
1307266
1326219
1551657
1301760
1561713
1306939
1302766
1564960
1563735
1306936
1326215
1323381
1551730
1551648
1307267
1322374
1310373
1310380
1326211
1307269
1569078
1561712
1308420
1551736
1306935
1553736
1551644
1551731
1553737
1551647
1551662
1323382
1322376
1569079
1308380
1566408
1308421
1551655
1313730
1306937
1324349
1322377
1307260
1551737
1301754
1323383
1551645
1313731
1563739
1561719
1300766
1314059
1551654
1551732
1307268
1553731
1561718
1307261
1563738
1553738
1860380
1314058
1328373
1326212
1301753
1551651
1551660
1551646
1860373
1561716
1551652
1551735
1553730
1307262
1551733
1563732
1324329
1308382
1564963
1326210
1327373
1553739
1322375
1551640
1563737
1328372
1566409
1563730
1567265
1551661
1551659
1551658
1564964
1560382
1327372
1561747
1561717
1551653
1310173
1563731
1307264
1551734
1563734
1563736
1326214
1307263
1553732
1564961
1553733
1561715
1307265
1553735
1326218
1551641
1561710
1551650
1308381
1326217
1567266
1554428
1564962
1326213
1560381
