1332603
1333676
1335765
1334612
1896967
1532565
1532557
1332606
1896763
1337235
1895764
1890658
1895850
1898967
1339576
1896869
1530676
1336266
1333673
1334613
1339686
1333586
1335766
1896762
1896847
1339676
1338657
1339586
1332605
1895851
1896841
1890655
1532569
1339690
1530686
1332586
1332609
1896966
1330656
1330686
1898966
1532560
1337236
1896854
1895861
1890676
1896848
1895852
1896846
1330576
1896855
1337586
1335769
1896864
1336265
1334610
1333674
1332596
1896845
1895762
1895760
1531474
1337686
1896965
1333679
1890654
1335767
1896765
1332607
1898960
1335768
1898969
1530586
1338658
1896766
1337237
1895860
1335761
1890576
1332608
1895854
1896863
1895853
1898961
1330659
1336263
1338656
1896856
1334611
1896866
1895769
1532568
1532562
1896760
1532559
1335576
1895859
1895761
1333677
1896964
1895866
1896764
1531472
1895768
1896767
1332602
1336264
1532554
1534576
1898968
1896853
1895862
1890657
1339693
1330676
1338655
1896852
1898962
1338654
1333576
1339692
1531470
1890656
1532567
1330658
1896843
1895867
1532556
1896962
1336262
1335586
1890686
1896963
1332601
1532561
1530588
1896761
1534586
1898963
1531473
1338659
1896858
1336269
1339694
1895858
1896851
1333672
1896844
1339691
1896865
1334586
1330586
1336261
1337234
1890586
1895767
1532564
1532555
1895765
1332604
1335762
1334576
1334614
1896969
1895766
1895856
1333675
1335760
1895855
1895868
1338586
1896960
1895865
1896769
1896868
1898964
1896850
1532576
1896859
1330655
1335763
1896860
1895857
1531471
1896849
1337576
1332600
1333678
1336268
1533766
1896840
1532563
1896968
1896857
1532566
1895864
1532586
1896768
1336260
1338576
1890659
1896867
1532558
1895869
1898965
1896842
1895763
1896961
1896861
1332576
1896862
1530576
1330654
1335764
1336267
1895863
1330657
