1366685
1365656
1356666
1373667
1366578
1365689
1362660
1364576
1366681
1366683
1366642
1367662
1351147
1365686
1366682
1362665
1366641
1361686
1365586
1366643
1366648
1361667
1367663
1362663
1361576
1361586
1361676
1365655
1365676
1367669
1364586
1366688
1356643
1357589
1362667
1366577
1366579
1362664
1362666
1366689
1367668
1367667
1361669
1367665
1366576
1366649
1366640
1351676
1365679
1365659
1360686
1373661
1365657
1367664
1367666
1366646
1366686
1362661
1366680
1366647
1366687
1361684
1365658
1365576
1351143
1365654
1395855
1361668
1373669
1362668
1356640
1375069
1362662
1366644
1366684
1362576
1366645
1364676
