1322161
1328267
1569576
1328586
1565765
1555858
1555852
1865764
1305871
1309479
1307385
1555763
1305885
1329576
1310569
1301886
1301889
1317479
1328268
1565763
1300266
1310567
1560657
1329688
1323576
1321694
1307380
1560654
1305882
1555764
1328263
1305876
1328286
1325588
1311654
1321649
1865763
1315761
1308862
1325248
1321696
1325576
1305874
1322162
1310645
1309478
1315763
1313655
1865766
1555766
1555857
1305867
1311659
1300478
1555847
1865761
1310566
1560655
1321648
1305866
1329146
1321699
1311655
1329586
1303428
1301887
1555854
1322145
1560659
1328269
1311658
1555767
1325245
1321697
1860576
1309386
1305875
1322164
1865765
1310602
1313657
1565760
1310605
1329167
1307387
1317477
1309383
1322163
1565761
1310649
1310576
1555865
1565766
1305872
1315767
1310603
1303429
1309576
1308467
1555855
1313649
1569581
1865762
1300479
1325586
1322146
1310565
1308860
1555864
1328261
1555761
1329168
1317476
1321691
1301884
1305887
1308468
1325246
1309389
1305865
1311657
1309380
1310604
1301885
1308863
1328262
1865767
1329165
1307381
1328264
1329162
1322165
1300476
1310648
1309388
1310600
1555760
1322169
1303365
1305886
1550576
1329160
1305864
1555849
1310564
1311656
1305873
1311576
1560656
1310586
1555768
1309381
1301883
1305861
1310647
1555863
1322168
1865760
1315760
1309385
1313659
1300477
1315765
1318446
1329161
1310601
1307382
1305881
1329166
1305888
1555862
1307389
1313648
1315768
1328266
1328576
1313656
1555848
1322166
1311650
1303364
1865768
1317475
1320586
1307383
1555769
1301882
1305868
1327676
1560686
1865769
1310563
1560576
1311651
1555851
1860586
1307384
1310646
1555861
1555762
1315766
1325107
1313646
1565764
1309477
1321693
1322167
1308861
1329163
1328265
1305880
1309382
1565767
1325249
1565769
1305879
1305869
1315762
1320576
1328260
1310560
1313647
1310562
1315769
1305860
1325086
1305878
1307386
1560586
1555860
1321692
1321698
1560676
1329164
1305889
1565768
1305863
1329169
1327686
1305870
1317478
1555850
1565762
1313645
1315764
1305883
1313658
1308864
1305862
1555859
1325106
1311652
1310561
1860676
1309476
1555853
1309384
1325247
1321695
1560658
1555856
1555866
1307388
1321690
1305884
1311653
1310568
1323586
1301888
1322160
1555765
1329687
1305877
1550586
