1588868
1373851
1516863
1358624
1395867
1363407
1390676
1377766
1396845
1515764
1500586
1373865
1370676
1599068
1596706
1396867
1585862
1516868
1358612
1356685
1358615
1598892
1505761
1596861
1516765
1373658
1358606
1505864
1596764
1385767
1396841
1373230
1506865
1586701
1505766
1525769
1516760
1395763
1363406
1526769
1386768
1350576
1357581
1596760
1506861
1373864
1596765
1582549
1525764
1588867
1357588
1396861
1375061
1375869
1395856
1526721
1385867
1586708
1363405
1386761
1396843
1505725
1375066
1390586
1595861
1506761
1595866
1377761
1586865
1373665
1582400
1595763
1373654
1526763
1385760
1595767
1526726
1595865
1585863
1373856
1373627
1398968
1358618
1370586
1381961
1585860
1599067
1595760
1395863
1506760
1358609
1505769
1358627
1590586
1506862
1586704
1506768
1358613
1360668
1596707
1357580
1385769
1588864
1596769
1586765
1516767
1526764
1586707
1356668
1386763
1586703
1515765
1516762
1585767
1375868
1373655
1375767
1516865
1506860
1381964
1595862
1582546
1526761
1588866
1390686
1398965
1358600
1505724
1586769
1598895
1585864
1358626
1505862
1588863
1526768
1585865
1582403
1373231
1505722
1390576
1586766
1396860
1373232
1526885
1582408
1398967
1598896
1395769
1586709
1595768
1396850
1586864
1351145
1385866
1373859
1385864
1373664
1596705
1395760
1585764
1506769
1385761
1595765
1356684
1526723
1358619
1375864
1373857
1515728
1377764
1525761
1515729
1586867
1506863
1390656
1596762
1398960
1505768
1396763
1526886
1385768
1585766
1506762
1385763
1599065
1516862
1356644
1588865
1357582
1582547
1595761
1595868
1516861
1373868
1586764
1373858
1596860
1526767
1395860
1360666
1582409
1395851
1515762
1510576
1373663
1525762
1358628
1525767
1377767
1396856
1515763
1500576
1395768
1588862
1357583
1590576
1526728
1396760
1505760
1373233
1506763
1396851
1580586
1351576
1375765
1358601
1381965
1596865
1396862
1375060
1596763
1525858
1390655
1373621
1582407
1358614
1596768
1598893
1396863
1599060
1395761
1505723
1356683
1373656
1385869
1363403
1516761
1363400
1350586
1515760
1586866
1373861
1396848
1356682
1358611
1585769
1595764
1580576
1377762
1395866
1373662
1373854
1385862
1599066
1596701
1515769
1506868
1381962
1526888
1595867
1373869
1358629
1595769
1395858
1505863
1582404
1590676
1358621
1505860
1373626
1395766
1598894
1373620
1526720
1585761
1582401
1375764
1526725
1363404
1396761
1356642
1595860
1505729
1373657
1596866
1516867
1375063
1586763
1505720
1350686
1598898
1525860
1582548
1588861
1588860
1370576
1370657
1516768
1395853
1396857
1582545
1516764
1505762
1398969
1526762
1358605
1526887
1356641
1360665
1358617
1398964
1385863
1396764
1358620
1360672
1586861
1599061
1585760
1520586
1506869
1505765
1363401
1595869
1356689
1515768
1598891
1396853
1525859
1375862
1357584
1585866
1596700
1596761
1515761
1505721
1590686
1586863
1357587
1396846
1395852
1375865
1381963
1526729
1505861
1395850
1375863
1396842
1385762
1373668
1396847
1525760
1588869
1525765
1377765
1373650
1370656
1516864
1373853
1599062
1396865
1373866
1385860
1505728
1586869
1375062
1356649
1596867
1506764
1598897
1351144
1375761
1363409
1586761
1360057
1395764
1596708
1585867
1396855
1386760
1386762
1385765
1586706
1373622
1595863
1585768
1381967
1526722
1373860
1595762
1396765
1596766
1506866
1358602
1396852
1358623
1396762
1395859
1375760
1375065
1357585
1515767
1586762
1596864
1505763
1351586
1373623
1373867
1373235
1585868
1386767
1516766
1526760
1596703
1395864
1380659
1586760
1363402
1585763
1373863
1373852
1360676
1586767
1395868
1381968
1357586
1516866
1373651
1385861
1525768
1360576
1375068
1358608
1585869
1356648
1370654
1582406
1395854
1506765
1395865
1596868
1582402
1375769
1586705
1375064
1596709
1375860
1526724
1586700
1395762
1373234
1505727
1380656
1356688
1356647
1358622
1398966
1598890
1586860
1596863
1525766
1377768
1358610
1373660
1373625
1385764
1395765
1377763
1396864
1373653
1516763
1505767
1526889
1506766
1396766
1596767
1506867
1396768
1599063
1396859
1373850
1380658
1396844
1586768
1395869
1510586
1595766
1396869
1363408
1596862
1596702
1596704
1505726
1585762
1350676
1598899
1386764
1390659
1395862
1358625
1515727
1599069
1526765
1370655
1381966
1585765
1373862
1516769
1506864
1526727
1586702
1360682
1525861
1373666
1360586
1515766
1375762
1516860
1525763
1526766
1599064
1377760
1520576
1506767
1390658
1375768
1585861
1351146
1375866
1356645
1360058
1380657
1596869
1351686
1516869
1356646
1396866
1381969
1396854
1582405
1395857
1375861
1356681
1586868
1398963
1396840
1595864
1373652
1375067
1375763
1356687
1396767
1398961
1515726
1373624
1373659
1586862
1360667
1505764
