1308188
1560330
1329230
1329237
1301196
1303186
1328346
1313356
1551209
1313351
1551208
1327336
1309136
1323034
1569007
1310254
1308187
1310253
1329235
1329232
1560333
1313354
1301197
1323094
1313357
1310252
1560338
1322337
1860339
1323037
1329317
1301146
1560334
1569005
1303143
1322334
1310251
1560331
1322335
1560339
1322336
1560336
1323036
1860336
1308185
1329238
1300142
1317172
1308186
1329233
1310335
1553354
1328349
1308184
1311140
1301218
1860338
1318059
1560332
1322338
1329236
1323139
1309138
1310250
1322331
1323090
1860337
1322332
1323039
1311141
1560337
1329319
1553353
1569480
1323038
1313355
1329231
1301147
1323091
1327337
1322339
1327335
1323138
1322333
1311142
1323137
1553352
1323033
1327338
1304313
1328347
1323030
1313353
1329239
1313350
1327339
1311143
1328348
1300182
1553350
1329316
1322330
1301326
1309134
1569491
1323032
1308453
1323031
1551205
1329234
1313358
1323093
1328345
1329318
1551207
1553351
1319180
1303187
1329315
1313359
1551206
1323092
1309137
1323035
1569006
1560335
1860335
