1393366
1513357
1360323
1883358
1523304
1512850
1393037
1507609
1523357
1590336
1523350
1580335
1378451
1503145
1571093
1590333
1583335
1393031
1513353
1393034
1372257
1883354
1370335
1507605
1503354
1503236
1378452
1393038
1378591
1593350
1583035
1351335
1523237
1351309
1390333
1513359
1510335
1503044
1523358
1393350
1513350
1523305
1507620
1378037
1393379
1571090
1513355
1571099
1883352
1393032
1393363
1393391
1590337
1503359
1503335
1507606
1503235
1883355
1390334
1523359
1513358
1522724
1378056
1358240
1523355
1373139
1393036
1512854
1513351
1383352
1380335
1503146
1512852
1378450
1523231
1378036
1350323
1503350
1522729
1380033
1393355
1590335
1373035
1507649
1393390
1502858
1593059
1393364
1393362
1507603
1571098
1378406
1883351
1393369
1373177
1593335
1393035
1523356
1393352
1503352
1523232
1351336
1571091
1571096
1503357
1520335
1364335
1378507
1883350
1378599
1502857
1500335
1513352
1378047
1373176
1378035
1373178
1393351
1523301
1522726
1393361
1507604
1503351
1502859
1378034
1523239
1503239
1571097
1373179
1522727
1502856
1503358
1393360
1523238
1523354
1590339
1393367
1351334
1383358
1523233
1513356
1523234
1503231
1507601
1500334
1358245
1512851
1383353
1503238
1378449
1370323
1372254
1390335
1883357
1378592
1571094
1383355
1522728
1523230
1503233
1503355
1378033
1393353
1593003
1393368
1507648
1383359
1523353
1520334
1507602
1383356
1383354
1507600
1523035
1393359
1380338
1503230
1510035
1364336
1503232
1378593
1590338
1503353
1507607
1522725
1393039
1350335
1883356
1523352
1571095
1383351
1523235
1393365
1372256
1513354
1373033
1378419
1883359
1523351
1393354
1507608
1883353
1378058
1512853
1503237
1393396
1503356
1503043
1571092
1393358
1523236
1510334
