1328370
1323389
1553902
1563708
1563701
1551707
1313701
1551700
1322300
1551873
1327370
1551709
1303758
1569077
1564993
1563707
1561700
1324325
1553706
1314806
1314057
1327105
1551870
1551701
1327384
1561708
1569076
1327111
1563706
1551494
1551708
1551860
1561703
1303757
1564992
1327106
1553708
1563705
1566401
1551420
1314807
1303756
1551869
1561702
1551875
1863904
1553701
1310390
1553709
1551874
1308370
1561709
1551702
1551863
1553909
1563703
1564990
1863903
1551876
1327110
1323385
1303754
1551492
1314805
1551495
1563702
1310370
1553908
1561707
1308702
1551864
1563863
1563704
1553700
1551706
1560370
1553904
1314804
1327382
1327100
1303755
1323386
1327109
1553703
1551865
1327383
1303752
1551493
1561706
1863905
1561704
1553901
1323387
1327108
1313702
1553702
1553905
1327101
1323388
1551705
1314802
1551866
1303750
1566400
1313703
1327102
1327107
1551497
1314803
1310170
1553900
1553704
1564991
1551491
1303751
1860370
1310360
1314800
1553903
1553906
1551704
1322370
1303753
1561705
1551871
1551498
1563709
1551499
1324327
1563700
1551868
1553705
1314809
1564994
1553977
1313700
1551496
1551861
1551703
1324326
1551867
1327104
1561701
1303759
1327103
1314808
1553707
1551490
1553907
1314801
1551862
1322390
1551872
