1593907
1370070
1393703
1503700
1508299
1593702
1599399
1583648
1359233
1503709
1583704
1378153
1590382
1523685
1520370
1509052
1513608
1374964
1378160
1513603
1513857
1523680
1356935
1583904
1522527
1589690
1356938
1383709
1513609
1583645
1383700
1359238
1509060
1359231
1374967
1599398
1510370
1599342
1509055
1582475
1378161
1583702
1393709
1352632
1503667
1523687
1582474
1384967
1508297
1356936
1522523
1503708
1583707
1378152
1589694
1523857
1523854
1350370
1599341
1513602
1513971
1378147
1352634
1378168
1350769
1522528
1393702
1509069
1523688
1589698
1503701
1523703
1378163
1599397
1393892
1383701
1513705
1593906
1583905
1370397
1589691
1583682
1359230
1590370
1593704
1360370
1509061
1378154
1383708
1390370
1359239
1356939
1593908
1352633
1522479
1582473
1599344
1378144
1508296
1378162
1374966
1589697
1522524
1378155
1582478
1590380
1356937
1384968
1513970
1513702
1582471
1503666
1509068
1513700
1589693
1513664
1523858
1378169
1523994
1394991
1513973
1509058
1513605
1513607
1523704
1523853
1384969
1589692
1360864
1513856
1509054
1583686
1394993
1352630
1359830
1393894
1393707
1583705
1523682
1583906
1599343
1583646
1393704
1378156
1593905
1523993
1582470
1394994
1378146
1378141
1513701
1378165
1509067
1582479
1374969
1583907
1383707
1359236
1523689
1523705
1360840
1503665
1509057
1393893
1359834
1383706
1513974
1513859
1378370
1523681
1374968
1359237
1599390
1370342
1503702
1599395
1508294
1593839
1599396
1508295
1393700
1513972
1583908
1503703
1509066
1378149
1583643
1378157
1523706
1523990
1522478
1359831
1583681
1394990
1356931
1513604
1523856
1359835
1590383
1523992
1583903
1393706
1383703
1378164
1509056
1599340
1523700
1513858
1583684
1359832
1522520
1503704
1523855
1593831
1359839
1593834
1356932
1513704
1384964
1593700
1509064
1378148
1370370
1359836
1593701
1523684
1393708
1583909
1599391
1509059
1508290
1523850
1593833
1359234
1513663
1522477
1394992
1583644
1583701
1583902
1513706
1523991
1523707
1583640
1583689
1378143
1583649
1583700
1513661
1583708
1593832
1522475
1509050
1590384
1509065
1500370
1583901
1580370
1593709
1583687
1356933
1508293
1380397
1593708
1593836
1359838
1359833
1513601
1593830
1378158
1599394
1370083
1583706
1583683
1513855
1508292
1523683
1583709
1593837
1384966
1513709
1503705
1523851
1583688
1523708
1599392
1359235
1583642
1380037
1513707
1503669
1523709
1593707
1522529
1378140
1522522
1589696
1383702
1513660
1513662
1359837
1378166
1593838
1583647
1378150
1582477
1509062
1522476
1378145
1378159
1509051
1593703
1374965
1593835
1590381
1356934
1523702
1583680
1523859
1509053
1509063
1522525
1523852
1508291
1383705
1513600
1513703
1513708
1508298
1380370
1589695
1583685
1352631
1593706
1503706
1523686
1522521
1383704
1522526
1583900
1589699
1350340
1503668
1351370
1593909
1384965
1523701
1359232
1513606
1582476
