1514826
1514897
1384799
1517477
1517479
1503480
1514893
1514892
1504826
1394824
1504821
1524822
1503487
1524827
1502481
1394820
1580483
1504827
1503488
1384793
1510484
1394862
1514896
1394748
1394823
1502483
1504825
1500484
1514829
1584980
1510485
1524829
1502482
1394827
1514895
1394829
1524824
1384794
1503482
1584981
1504824
1394826
1503485
1517476
1366480
1500485
1394893
1524821
1380479
1351482
1500482
1502485
1504823
1503483
1524823
1502484
1394889
1503484
1514894
1584982
1514827
1500483
1514891
1514903
1384869
1394821
1520482
1504822
1524826
1514828
1500480
1584983
1370479
1524825
1517475
1394822
1590482
1394897
1504828
1514904
1384838
1500481
1517478
1514890
1510482
1502480
1373482
1524820
1384839
1394899
1366482
1384798
1503481
1504820
1580482
1363479
1524828
1502486
1503486
