1376369
1384565
1384636
1514560
1504560
1524697
1374575
1504687
1514578
1524568
1524567
1384635
1374654
1594565
1504695
1374566
1384630
1524569
1379695
1504561
1374634
1374572
1374578
1374573
1376370
1384568
1594563
1384631
1374565
1369457
1384567
1384653
1594560
1374637
1374564
1384652
1374655
1524695
1514568
1374636
1384561
1594527
1374570
1384569
1374656
1384560
1369456
1384634
1384562
1384654
1524564
1504697
1360456
1374639
1514561
1374576
1374657
1594564
1389591
1514567
1580456
1374571
1500456
1394573
1374658
1504696
1513468
1374653
1520456
1374579
1370456
1374638
1584685
1380483
1508450
1370487
1374659
1594561
1374652
1394572
1374632
1384564
1524698
1524566
1384638
1504698
1379696
1504699
1374560
1374577
1584686
1374633
1374569
1594562
1389590
1590456
1384639
1524565
1384632
1374561
1374568
1374630
1524699
1374651
1384637
1594526
1368456
1374650
1524696
1379653
1384651
1384566
1374631
1584687
1384633
1504686
1390456
1384650
1374635
1374567
