1323732
1313512
1313532
1557325
1310722
1567529
1320323
1567526
1557448
1557329
1329732
1561674
1325749
1561673
1321732
1308732
1567528
1561629
1567523
1305415
1557444
1320322
1311732
1314287
1557323
1567525
1561672
1567520
1320321
1860732
1311752
1567325
1325732
1305414
1557322
1304722
1308723
1567324
1311742
1569732
1867342
1320320
1561604
1567326
1557446
1305515
1557442
1301617
1310732
1567522
1561627
1308722
1557321
1329852
1320732
1567327
1308721
1557445
1557443
1557320
1303732
1321742
1567329
1310712
1302334
1567320
1567328
1557326
1567527
1300732
1301715
1301732
1567321
1302744
1557440
1305514
1557327
1327882
1301714
1567322
1567524
1557441
1557447
1313502
1314523
1300744
1561628
1557324
1310032
1560732
1557449
1302732
1567521
1567323
1860848
1329853
1557328
