1587322
1500732
1357405
1589858
1378623
1397529
1517326
1589854
1517320
1397528
1507325
1508079
1519716
1587327
1387327
1587329
1397322
1519722
1519725
1527322
1378624
1387320
1587328
1378932
1507320
1517322
1357409
1519724
1508078
1519723
1378732
1357408
1387521
1508076
1507324
1378622
1519717
1378625
1597320
1350732
1589856
1587325
1517325
1397527
1397526
1387321
1351732
1387322
1397320
1527320
1346791
1587326
1507321
1519726
1519719
1376221
1510732
1517324
1387522
1589851
1378629
1519727
1376220
1378628
1397329
1527321
1580732
1357407
1508077
1397324
1376223
1597322
1397525
1378930
1507322
1589732
1589850
1380732
1517328
1519718
1519721
1357406
1397524
1387529
1397521
1519728
1378931
1508075
1507329
1387528
1378620
1378627
1507323
1589853
1397323
1527323
1587324
1597321
1376222
1387323
1519720
1520732
1517329
1387526
1529228
1597323
1589857
1529225
1517321
1507328
1589852
1397523
1378621
1387328
1597446
1370732
1587321
1397522
1527324
1397327
1378626
1527328
1587320
1529226
1527327
1397326
1527325
1527329
1507327
1597445
1387527
1519729
1529227
1397325
1397328
1589855
1387329
1589859
1527326
1529229
1517327
1387525
1590732
1517323
1390732
1519715
1387326
1507326
