1376987
1518802
1528780
1588749
1398748
1598749
1528791
1592497
1592473
1592480
1376977
1520874
1596914
1592472
1597457
1528801
1588791
1528804
1598746
1588742
1598744
1357741
1528783
1592491
1592490
1518790
1398742
1352985
1518807
1518740
1352957
1376956
1388748
1587788
1508745
1373278
1373276
1528790
1518783
1518745
1376976
1376984
1388743
1592498
1510865
1518810
1591195
1591144
1518784
1588748
1388744
1587781
1501220
1592470
1376985
1597458
1588743
1376967
1357745
1398893
1592479
1588790
1598745
1591198
1597467
1592484
1373277
1598747
1528747
1388719
1518799
1592483
1597455
1528787
1518742
1508744
1588744
1518785
1518786
1518797
1592493
1528789
1528796
1508743
1370868
1376979
1528724
1376972
1518741
1597466
1376965
1587789
1376986
1357737
1388714
1388745
1398896
1592471
1518743
1510869
1518796
1528782
1591143
1598742
1587782
1518814
1591207
1592492
1352986
1597459
1376957
1352958
1528748
1598748
1528788
1390874
1590874
1518781
1398745
1597456
1528794
1592482
1376958
1518809
1582506
1528795
1528797
1528741
1398895
1588745
1518794
1591202
1592478
1591197
1587783
1528723
1588797
1376951
1518800
1376978
1591201
1592485
1589187
1591146
1398747
1588796
1518749
1580874
1357744
1596910
1528729
1592486
1591208
1591200
1376980
1373272
1597469
1592477
1528786
1528740
1376950
1510867
1518788
1373275
1582507
1528746
1588746
1508742
1360874
1376973
1589189
1357743
1597460
1398898
1592476
1589188
1587784
1376952
1357735
1508746
1592487
1388716
1597453
1598740
1592495
1518813
1352989
1518795
1357742
1591205
1518798
1592494
1518748
1528749
1597468
1591192
1597454
1518787
1591204
1528800
1591145
1528807
1508741
1518793
1398749
1398897
1588747
1528745
1376970
1398892
1373273
1597461
1388715
1591199
1376981
1350874
1357749
1352956
1528785
1357738
1518747
1373274
1528792
1588794
1598743
1376953
1510868
1582508
1591206
1591148
1376971
1597462
1376982
1592475
1528805
1587780
1528793
1518746
1592488
1528799
1528742
1588795
1518805
1398744
1508740
1376968
1388741
1528744
1587785
1592489
1370874
1376989
1398741
1357739
1591203
1518792
1376975
1518806
1588793
1582509
1591140
1528808
1508748
1376954
1373270
1591147
1518804
1592499
1357748
1518789
1597451
1398894
1352959
1587786
1518811
1376969
1596913
1388740
1582510
1388717
1582505
1388718
1510866
1597464
1508747
1582503
1376983
1350881
1596912
1528806
1592481
1373271
1591193
1528743
1591142
1376988
1588741
1597452
1508749
1591194
1597465
1528784
1528798
1398890
1357736
1592474
1528809
1518782
1528802
1357747
1582511
1598741
1592496
1398891
1518803
1352987
1528803
1588740
1376974
1373279
1582504
1518744
1596911
1597450
1528781
1388742
1501221
1518808
1582502
1591196
1518801
1376955
1588792
1591209
1518812
1376966
1380874
1591141
1597463
1376959
1388747
1357740
1518780
1352988
1357746
1587787
1518791
