1335778
1530142
1330142
1338259
1337603
1891451
1336522
1333887
1330526
1895264
1896105
1896103
1336523
1891440
1534523
1333888
1895117
1891454
1336524
1531278
1896104
1895265
1895114
1895267
1332779
1891209
1531277
1896106
1534513
1336521
1896100
1895266
1338257
1896107
1337602
1333779
1896102
1892173
1892174
1531276
1334779
1334778
1337600
1895116
1895263
1338246
1896108
1338255
1892172
1895260
1330143
1531238
1895269
1891452
1891444
1895261
1891442
1531237
1534522
1890142
1895262
1891453
1896109
1890526
1892171
1895268
1530526
1531279
1336520
1338256
1896101
1337601
1892170
1891443
1335779
1891441
1333778
1895115
1338258
1530143
1890143
1891219
1891450
1333889
1332778
