1589600
1585296
1506100
1599600
1381598
1381446
1381591
1518992
1525267
1506109
1392174
1599606
1381597
1370142
1391451
1585088
1505231
1385284
1505289
1385265
1595116
1396105
1390142
1381594
1595266
1586103
1515295
1505234
1589605
1505288
1596102
1526100
1377565
1506142
1505281
1377576
1519062
1395266
1596109
1529521
1395268
1580526
1589606
1385288
1586102
1360526
1518991
1518998
1395263
1380526
1585297
1515261
1391452
1515268
1519522
1529524
1525260
1385267
1390143
1525264
1377577
1505237
1506108
1519526
1381593
1385287
1525269
1595265
1385268
1381595
1505280
1599604
1596101
1515265
1516108
1529522
1381448
1395117
1377567
1586104
1529523
1586100
1526106
1589607
1596104
1380052
1505239
1595264
1599609
1395261
1529529
1518999
1599603
1518994
1381249
1505282
1515248
1585085
1396104
1391442
1515266
1519520
1516105
1526103
1595268
1381248
1505236
1506102
1385269
1391209
1381449
1519064
1595261
1586108
1350526
1506101
1395262
1586109
1515249
1377574
1516100
1377575
1516107
1518995
1519063
1596103
1396102
1590526
1529526
1519528
1518996
1385264
1392171
1599602
1391441
1385289
1506103
1505283
1585086
1396108
1516101
1377566
1526109
1392170
1505238
1526101
1596105
1529527
1370526
1589602
1515264
1526104
1516106
1519061
1377572
1519525
1525266
1516103
1395115
1586101
1395269
1525263
1391444
1529528
1529525
1396101
1377569
1518997
1506104
1519527
1585087
1377578
1586107
1595117
1515263
1589601
1396100
1599607
1505050
1516109
1525265
1595263
1518990
1395114
1599601
1519060
1505284
1391219
1505232
1515299
1505285
1395116
1509433
1500526
1370143
1377568
1515262
1505290
1377573
1515269
1529520
1516104
1510526
1506105
1351255
1519523
1596107
1515260
1380143
1586106
1505286
1526102
1505233
1519529
1385286
1391443
1595269
1525268
1385261
1595114
1525261
1505279
1395264
1585298
1596100
1505240
1515298
1596106
1377571
1391453
1377570
1518993
1526107
1599608
1380901
1380142
1509432
1595260
1395265
1381238
1586105
1520526
1392172
1381599
1506106
1381596
1595267
1525262
1351516
1519524
1385260
1585299
1390526
1373910
1392173
1505287
1596108
1381590
1599605
1515297
1589603
1519521
1585089
1505230
1391454
1526108
1516102
1585295
1595115
1595262
1515296
1506299
1589604
1391440
1526105
1515267
1385241
1506107
1351515
1505235
