1327077
1301672
1322875
1322876
1321872
1328520
1308358
1329523
1560143
1329524
1860523
1565115
1327076
1321871
1565114
1305295
1300445
1309227
1301673
1306297
1301674
1322873
1323619
1323615
1560142
1309223
1306295
1322874
1314288
1309224
1306298
1328523
1314286
1323614
1310181
1301675
1314199
1303358
1328522
1309225
1317936
1309222
1314289
1305298
1328521
1314285
1305299
1321870
1328524
1300446
1566452
1314198
1306296
1305296
1560526
1310180
1309244
1569523
1323618
1327079
1322879
1305297
1328526
1328525
1301671
1566442
1322878
1329525
1300444
1860610
1323617
1323616
1309229
1565117
1329526
1309228
1322248
1327078
1301670
1322877
1309226
1306299
1565116
1860611
