1555109
1565559
1555556
1565550
1555554
1565552
1550555
1306320
1319555
1555551
1565558
1305320
1569555
1315550
1321555
1555553
1565553
1301310
1560555
1315536
1555550
1309555
1301311
1315551
1322555
1555552
1555559
1565555
1303311
1320555
1313544
1555107
1309546
1303310
1315535
1565554
1315555
1555106
1555557
1308320
1308310
1566555
1567555
1303544
1555105
1309350
1860961
1328555
1315554
1329555
1565551
1555558
1565557
1308311
1565556
1860555
1315553
1327555
1555108
1555555
1315552
1305321
1308555
