1599297
1591704
1521904
1500751
1355360
1371978
1581296
1501508
1511343
1597626
1372750
1372759
1382795
1591703
1350020
1581923
1522084
1392784
1360224
1350905
1511920
1587513
1372751
1521903
1392781
1372655
1597625
1591480
1392788
1372758
1508985
1371974
1580751
1581299
1522083
1382635
1511917
1522082
1599299
1382798
1392782
1581920
1581298
1392787
1382791
1587511
1511919
1392258
1508988
1511341
1581499
1501454
1372756
1382634
1392257
1379468
1390234
1357079
1511918
1597628
1350986
1522081
1590751
1382637
1591486
1355361
1508987
1380281
1581651
1581498
1382631
1392780
1392259
1522080
1392789
1588985
1599295
1581650
1372755
1360291
1522085
1587512
1379469
1357078
1597627
1355362
1372659
1372658
1508986
1382636
1581497
1599296
1591484
1591489
1591485
1371970
1382793
1582012
1382799
1350985
1379466
1587510
1382796
1382630
1510751
1581922
1382797
1501507
1591488
1511342
1371971
1597629
1382790
1582011
1591705
1591481
1379465
1360290
1392785
1382639
1360021
1372656
1382633
1582010
1591487
1355364
1372752
1392786
1520751
1382792
1599298
1581297
1581924
1511921
1511922
1581921
1521902
1382794
1501816
1371977
1501509
1392783
1382632
1591482
1382638
1501506
1371979
1372753
1357075
1372657
