1324253
1307621
1322936
1566028
1314905
1328812
1324254
1307622
1307629
1566029
1860751
1311207
1562258
1562784
1562785
1560234
1311200
1311206
1303010
1300537
1324251
1322654
1569751
1325751
1562608
1307620
1328813
1562781
1322653
1324252
1311205
1300536
1307627
1562789
1562259
1307628
1311203
1562783
1321751
1322651
1322652
1323206
1311204
1303013
1323209
1867607
1562257
1314908
1307626
1322939
1314868
1562788
1303014
1311202
1324250
1307625
1307623
1322938
1562780
1305822
1323205
1562787
1324255
1303011
1314869
1307624
1328894
1314906
1301053
1311208
1301871
1322650
1323207
1324256
1322937
1311201
1303012
1562782
1314907
1311209
