1892911
1532242
1899803
1892557
1333262
1334266
1892294
1339237
1337773
1338014
1533800
1892823
1892929
1892584
1533836
1532290
1892436
1892299
1335645
1892949
1532249
1331845
1337769
1339272
1892913
1331663
1892589
1532243
1892251
1333264
1532282
1892554
1890260
1898870
1892820
1892548
1892687
1892298
1339273
1331844
1892543
1532291
1892549
1899802
1890261
1338015
1337778
1338017
1892295
1337776
1334263
1336065
1331081
1532281
1339235
1892919
1331662
1337770
1892296
1338016
1532292
1337849
1339271
1892555
1892542
1892921
1892435
1532244
1337860
1892686
1333261
1892585
1334267
1892922
1892254
1892680
1337777
1530769
1892541
1532280
1337775
1892945
1339236
1892559
1892924
1890303
1892550
1892577
1533802
1532299
1338018
1337861
1331664
1892826
1533838
1330260
1892437
1898874
1333269
1892587
1892920
1892570
1532352
1533837
1892579
1339233
1892923
1899804
1331843
1892827
1892576
1331668
1339270
1892917
1336048
1533801
1532351
1892540
1892946
1892685
1334260
1532245
1332686
1892558
1533839
1339234
1899800
1892944
1892828
1899805
1890264
1533803
1892588
1333268
1532246
1892290
1892578
1338010
1892571
1892926
1336068
1892551
1892575
1335648
1892918
1332260
1330261
1532296
1336063
1331667
1334269
1892684
1532287
1899806
1892581
1892552
1533804
1892925
1892291
1892829
1532294
1892572
1890269
1892915
1336046
1332685
1335647
1338012
1333267
1331666
1532286
1333260
1892824
1892574
1532285
1892943
1532293
1899807
1336064
1335649
1532295
1532248
1892928
1532288
1892942
1892580
1892910
1892586
1892573
1892948
1892252
1532353
1333266
1339239
1892433
1892553
1331082
1337771
1892947
1892916
1339231
1892292
1334262
1892927
1332261
1336066
1339230
1898873
1332688
1339238
1892293
1892825
1892940
1330269
1892689
1532247
1892547
1892682
1892822
1532240
1331665
1333265
1892556
1532350
1338013
1334261
1336047
1331660
1892434
1899808
1338011
1331661
1892941
1892545
1334268
1898872
1337774
1336067
1892253
1337779
1338019
1892681
1332687
1335646
1892583
1532298
1332689
1899801
1532289
1899809
1533835
1892821
1892546
1336045
1892688
1330264
1892544
1331669
1333263
1532284
1334265
1339232
1339274
1337772
1532297
1532241
1331846
1892912
1532283
1892582
1334264
1892297
1892683
1892914
1331080
1892250
1898871
