1355679
1342472
1341266
1342308
1352796
1343134
1341273
1341586
1341444
1341298
1371312
1342346
1343120
1343747
1343364
1354375
1355972
1341248
1371275
1341255
1342847
1341695
1341662
1341688
1343151
1355973
1341245
1343307
1342854
1348007
1343113
1341823
1342840
1343127
1341276
1341263
1354694
1372817
1341213
1341433
1371268
1342324
1355669
1342197
1341680
1342315
1341593
1341685
1343361
1371248
1366981
1341291
1342343
1341666
1341203
1342196
1341833
1343409
1341423
1341294
1342860
1341825
1341671
1371241
1341694
1342474
1348041
1376320
1342479
1354377
1341699
1371255
1342198
1343739
1341283
1343748
1341826
1341686
1343133
1341589
1341598
1343455
1342325
1341230
1372822
1371276
1354947
1342781
1371212
1341663
1371266
1342305
1352790
1341229
1345002
1343737
1343746
1343363
1371313
1341247
1341227
1341216
1343308
1341237
1348006
1343119
1342853
1341284
1371193
1341264
1371201
1342334
1343150
1341424
1341204
1342316
1341274
1343408
1341221
1341299
1341228
1364983
1341434
1371302
1371267
1343451
1354373
1371223
1343458
1343112
1371194
1342344
1342788
1342482
1342852
1341256
1343369
1341595
1342842
1342849
1343738
1354379
1341249
1341218
1342333
1348001
1354691
1343362
1371216
1341679
1348040
1341265
1341834
1371246
1341215
1342327
1341693
1342313
1341436
1371259
1343305
1343125
1341660
1371230
1341839
1355665
1341443
1343402
1345009
1372359
1343304
1343118
1343128
1348048
1343135
1341201
1341279
1341224
1342336
1342780
1341820
1341242
1342489
1355385
1341278
1341296
1341236
1342859
1343452
1371314
1341683
1343145
1341285
1341243
1341421
1354692
1343149
1341272
1345006
1342322
1369494
1354376
1371316
1345061
1342341
1355662
1341442
1341831
1342471
1342851
1371231
1343111
1364987
1369493
1342786
1342473
1341435
1371236
1371308
1341223
1341271
1341257
1342306
1341692
1372810
1343126
1343306
1341210
1371260
1371274
1341250
1354921
1371222
1355380
1341673
1341422
1343407
1364288
1345068
1343457
1375144
1355672
1341668
1341241
1343744
1341587
1342311
1343146
1342843
1341597
1342314
1342303
1341684
1354372
1342300
1364980
1343117
1342321
1342850
1371228
1342484
1371214
1342335
1341430
1341280
1342349
1341832
1341244
1342841
1341592
1341293
1342328
1341682
1371262
1341220
1371261
1343403
1343302
1342858
1341277
1372358
1341258
1342787
1345065
1341235
1343745
1341590
1341665
1341674
1371207
1355664
1341427
1342864
1343743
1341437
1341420
1341286
1343110
1341209
1343136
1341202
1341822
1341681
1591679
1371244
1343137
1343368
1343116
1342347
1342342
1342338
1372457
1342487
1342309
1348002
1371234
1342329
1343459
1343130
1343123
1342857
1345062
1371215
1371224
1369492
1343404
1343147
1343405
1343154
1341689
1341269
1341262
1341290
1341438
1343303
1371206
1342192
1341252
1348044
1341207
1341829
1342785
1341428
1375123
1341698
1342304
1341837
1369496
1345008
1343144
1343367
1345067
1342339
1341429
1355670
1342320
1343450
1341259
1341585
1341214
1341670
1343115
1371271
1341287
1343148
1341260
1366988
1342319
1371225
1341234
1371257
1342330
1341270
1341251
1371270
1371311
1371279
1371253
1353285
1341288
1342348
1371235
1341594
1341599
1341690
1342845
1341675
1348003
1341233
1354695
1342302
1341211
1343143
1343124
1343742
1345001
1341838
1354923
1372820
1342486
1341232
1352798
1342191
1342863
1342856
1341830
1341821
1342301
1341289
1341667
1354698
1371198
1341208
1343454
1341676
1341295
1342340
1371192
1342199
1371319
1343153
1341827
1371197
1342312
1343735
1342310
1341588
1341225
1341440
1343142
1341697
1341246
1371226
1372815
1341219
1343300
1371263
1341669
1371242
1341439
1341261
1371278
1343366
1341591
1341206
1341239
1343114
1342345
1343121
1372447
1341664
1348009
1341282
1342337
1342332
1343309
1355388
1343741
1355389
1345007
1341678
1371199
1341687
1342194
1366983
1342480
1371305
1342318
1342862
1343152
1354940
1341253
1343365
1343140
1371205
1342855
1348043
1341672
1341824
1371233
1341696
1341268
1341596
1343360
1341205
1341275
1342485
1354922
1342323
1371191
1341240
1342782
1371272
1341254
1341297
1342307
1343301
1341835
1341828
1343749
1341292
1343456
1341200
1341226
1371317
1371213
1342317
1341281
1342477
1341661
1341231
1342861
1345004
1341267
1341677
1343740
1371196
1348042
1343122
1343736
1341836
1348000
1342193
1343453
1341431
1354693
1371200
1343131
