1368627
1368607
1342331
1353736
1353725
1343141
1366275
1353714
1371273
1353259
1366287
1362007
1353834
1353733
1353852
1366987
1365040
1365026
1368625
1365003
1364294
1353836
1361274
1353704
1364985
1353254
1365043
1368609
1368628
1354937
1353713
1371221
1365025
1362262
1354477
1587696
1364295
1353849
1355678
1365013
1354486
1352853
1365256
1371182
1353708
1368602
1341426
1368666
1368664
1354483
1368663
1366270
1353744
1353901
1365004
1353715
1361277
1371183
1364286
1366982
1371740
1361273
1366295
1368667
1364291
1353832
1354471
1368626
1361279
1353246
1365247
1365246
1354924
1366284
1581431
1353749
1362269
1354485
1362000
1354946
1353734
1353860
1365021
1362265
1365269
1368615
1366298
1365257
1366271
1365028
1354478
1365022
1368617
1368662
1343401
1353835
1365263
1353703
1591831
1365047
1368893
1371203
1362003
1365260
1354484
1353728
1353743
1365038
1371265
1353298
1361265
1353707
1365251
1353850
1365044
1354945
1369495
1365001
1361276
1354489
1353723
1368618
1361272
1366980
1368620
1364290
1364296
1364982
1366280
1365010
1342326
1354466
1364289
1376329
1354938
1354928
1379021
1354935
1362261
1368668
1353831
1353232
1353866
1353234
1353843
1353710
1353904
1368616
1362008
1353737
1368619
1365261
1365262
1365045
1354476
1353855
1365000
1353748
1364238
1354939
1353837
1365023
1353717
1353864
1365029
1354472
1353846
1371188
1365011
1365039
1366297
1365268
1366272
1353237
1354920
1368613
1361266
1353709
1362005
1364297
1368661
1364237
1368604
1581417
1354934
1353726
1365046
1353905
1365020
1365250
1353731
1353747
1353844
1354469
1365037
1353718
1353838
1361267
1581437
1372580
1353732
1353250
1362263
1365031
1354462
1368622
1368601
1364282
1365248
1353900
1362267
1353863
1341441
1353738
1366984
1366296
1368891
1366279
1365017
1354926
1365006
1354475
1353240
1353739
1366985
1354473
1371321
1365265
1353845
1354461
1353274
1368603
1354482
1361269
1353721
1581773
1365245
1368614
1368660
1353719
1365253
1364283
1366276
1341691
1354470
1353712
1365258
1599273
1364986
1353902
1364239
1353263
1354467
1364981
1343406
1368669
1353841
1365267
1366288
1365030
1365016
1371716
1341212
1353729
1353297
1365007
1353242
1368621
1353264
1366283
1353862
1353746
1353272
1353908
1362002
1365036
1353848
1354929
1353724
1362006
1365266
1341217
1364281
1365035
1365008
1354474
1365264
1368600
1353740
1353720
1369491
1366282
1365252
1353861
1365033
1365018
1353839
1366989
1372453
1354936
1353235
1599276
1365048
1368611
1366277
1354927
1368665
1353842
1353907
1369498
1353711
1354941
1353847
1362009
1364988
1354479
1365015
1362260
1353840
1353730
1354464
1361268
1353745
1353255
1368606
1353700
1353705
1365259
1369497
1362004
1369499
1364989
1368624
1343129
1352799
1354930
1364284
1353716
1341425
1353294
1362264
1364280
1354949
1364299
1354488
1365019
1365014
1368896
1368623
1368629
1368612
1366299
1353741
1365009
1369490
1365049
1362268
1365254
1354948
1353245
1354463
1354371
1343139
1354931
1343132
1362001
1354942
1341432
1353903
1368605
1354925
1353722
1365249
1361271
1354481
1353288
1353261
1364984
1365032
1353727
1365034
1353706
1365002
1364285
1353833
1354480
1368895
1354487
1353293
1364298
1353701
1581833
1353851
1366274
1354460
1366986
1353742
1599274
1354465
1365255
1353251
1353248
1354943
1353253
1368608
1353830
1361278
1353909
1362266
1365024
1353735
1364293
1354468
1354932
1365027
1368610
1365005
1365042
1365041
1361275
1354933
1364287
1353702
1361270
1354944
