1324993
1326619
1312984
1326752
1311317
1560264
1314487
1326890
1314855
1323833
1562574
1311324
1562253
1314326
1310686
1301068
1562293
1307135
1313882
1326728
1328889
1324692
1326889
1328885
1562818
1562832
1307132
1301861
1326614
1326854
1321527
1562829
1324994
1311325
1320270
1562680
1326859
1867693
1326877
1303882
1326734
1314734
1562843
1326751
1307098
1321538
1562291
1310687
1562298
1300680
1326609
1306610
1326733
1562815
1314491
1324695
1326866
1311280
1305854
1326847
1326627
1562292
1326618
1324699
1326884
1562804
1311306
1303885
1314492
1326858
1326872
1562575
1314325
1312985
1562835
1860208
1301864
1321100
1314735
1324063
1300683
1867695
1324050
1562297
1326897
1310477
1328888
1314486
1562252
1311288
1307099
1321101
1311307
1305855
1301664
1311316
1326848
1324996
1306611
1307133
1314857
1314499
1326735
1562681
1562821
1311281
1326606
1313883
1305856
1324498
1320271
1562826
1321530
1314736
1326750
1562840
1326853
1562849
1301867
1303884
1301862
1324064
1307134
1326876
1326867
1562812
1328886
1311329
1326842
1326885
1320268
1307138
1867696
1326757
1314323
1562552
1326759
1326857
1307092
1562814
1326896
1326628
1311308
1314856
1311315
1323839
1562838
1314485
1560261
1310476
1562809
1305857
1314324
1860209
1326736
1326864
1312983
1562689
1562555
1562254
1321522
1326621
1321534
1562816
1306619
1326852
1311282
1562827
1303887
1562581
1562296
1303889
1321525
1326849
1311287
1560269
1307091
1301863
1326616
1324496
1326620
1326607
1324995
1301866
1321516
1562588
1323830
1305943
1311323
1562845
1320269
1326730
1326758
1562842
1326755
1326744
1324990
1562839
1562294
1326879
1305858
1314498
1569769
1306618
1326850
1311309
1300684
1307093
1324061
1326865
1310685
1305852
1314738
1326748
1305851
1326737
1326749
1562824
1311314
1310475
1562836
1326888
1323834
1326886
1562801
1307090
1311328
1324052
1301869
1312982
1326521
1569246
1326895
1562819
1562580
1326851
1562823
1562571
1312988
1305850
1324051
1307139
1303881
1314730
1562687
1306616
1867690
1326629
1324997
1562686
1326529
1313884
1326841
1321514
1867697
1867698
1326725
1326528
1314490
1307094
1314497
1562844
1324998
1326873
1326887
1305853
1562800
1326747
1562583
1324499
1326878
1562688
1562558
1562295
1305859
1321515
1562586
1311283
1311310
1324069
1326862
1326869
1562589
1303886
1326743
1326840
1300685
1326880
1312981
1320266
1321529
1306617
1324059
1324062
1314737
1321542
1326612
1321520
1562830
1562825
1562811
1560303
1326623
1326729
1560260
1562837
1301868
1314321
1326527
1326605
1305942
1324055
1320272
1323836
1326600
1326893
1321532
1326894
1321511
1310689
1324068
1311320
1314859
1323832
1323837
1314858
1562806
1307136
1326522
1314732
1321769
1307131
1326756
1311284
1562570
1307095
1562578
1562803
1324698
1326613
1562553
1312989
1311321
1326738
1562817
1321537
1326881
1321512
1307137
1324060
1326604
1562684
1562820
1314496
1314328
1311312
1314731
1303883
1305944
1562847
1306615
1562808
1569206
1326742
1562582
1314495
1312980
1326622
1320265
1867692
1867699
1324067
1314322
1321510
1562579
1326624
1326523
1562848
1300682
1326746
1323831
1324056
1323838
1314739
1326863
1311305
1314489
1326617
1562550
1562834
1867691
1314320
1311326
1562584
1326727
1321523
1310688
1311319
1324694
1326526
1326753
1306614
1326892
1321535
1321513
1307130
1323835
1321531
1326524
1314488
1326739
1314329
1312987
1562685
1860769
1326856
1307097
1321526
1562250
1326754
1324497
1562828
1562682
1326603
1326871
1303880
1326610
1314494
1324053
1326844
1311285
1562807
1305945
1326732
1326882
1562572
1320273
1321536
1562813
1324992
1324066
1562577
1562841
1306613
1321518
1326875
1326745
1562556
1324991
1326520
1314327
1562846
1324947
1324697
1326845
1311327
1313881
1324693
1311313
1867604
1305946
1326740
1324057
1326741
1562551
1310479
1562802
1326861
1311318
1326726
1326868
1301663
1326602
1326625
1326525
1562822
1326891
1562576
1326855
1326898
1305940
1562559
1324054
1562810
1321521
1326611
1321528
1562573
1867694
1326731
1321546
1562831
1320267
1320274
1307096
1562587
1314493
1312986
1326870
1326874
1303888
1313880
1321519
1326608
1311289
1310478
1562290
1562554
1321533
1324065
1326601
1326846
1326883
1300681
1562683
1305941
1324696
1321539
1562833
1562299
1314733
1301860
1562251
1324495
1562805
1326626
1324058
1321524
1325769
1562557
1306612
1326860
1867605
1326899
1326615
1562585
1301865
