1379028
1358098
1379044
1372833
1375133
1382722
1363178
1358091
1581827
1358096
1371333
1363175
1372997
1356088
1358074
1343400
1375124
1379055
1372993
1581825
1375138
1392573
1356089
1379480
1376313
1372838
1345066
1342848
1375132
1358099
1392550
1392575
1392948
1379482
1345063
1382723
1376328
1372831
1379038
1358094
1598961
1371285
1379013
1342789
1376319
1371342
1379049
1341238
1372844
1382729
1358072
1392576
1375126
1379019
1342481
1345000
1379489
1371349
1379026
1372839
1342195
1375125
1348049
1342476
1372991
1379012
1379062
1375135
1353290
1372843
1379046
1359272
1382728
1371208
1392577
1379056
1371738
1356081
1358084
1371337
1371296
1348008
1379065
1342190
1358076
1348047
1375127
1371281
1592064
1581848
1382727
1372840
1358078
1358092
1358087
1379040
1592067
1599978
1371341
1345064
1356082
1371336
1358088
1392942
1376324
1371344
1348046
1392556
1371297
1382720
1379068
1358086
1599970
1379485
1345003
1375137
1392553
1392578
1358095
1372841
1371290
1371345
1341222
1379050
1371280
1348045
1382721
1342483
1342478
1371340
1599980
1371347
1342470
1375128
1379878
1342844
1379059
1379494
1382726
1356083
1582099
1392943
1376323
1372994
1342488
1392554
1358071
1392572
1371298
1392579
1379053
1392947
1356084
1342475
1371331
1345005
1358075
1375140
1345060
1598966
1371204
1375122
1358093
1379879
1342784
1379067
1379016
1348005
1379052
1379022
1356086
1379488
1379031
1392946
1342783
1371330
1345069
1392571
1382724
1348004
1581845
1599976
1379492
1358090
1382725
1581826
1379017
1379011
1371332
1371338
1392941
1379061
1392559
1342846
1363174
1371283
1375139
1379029
1379036
1375146
1376315
1371292
1358080
1379883
1358077
1356085
1392574
1375141
1392570
1376325
1359274
1375149
