1501483
1511273
1372459
1581439
1371258
1375131
1371293
1591379
1501522
1581681
1379881
1392925
1599292
1371346
1379010
1379047
1598994
1502409
1382928
1382922
1353265
1581282
1372836
1372585
1355667
1599284
1371232
1355387
1353236
1372446
1582091
1392292
1353859
1502403
1353260
1501788
1372648
1360234
1591382
1392587
1501679
1375120
1371186
1587646
1591690
1501528
1350920
1581834
1371294
1501542
1582084
1501517
1359270
1501714
1501480
1358083
1581761
1599982
1581430
1501531
1592023
1501537
1581758
1392583
1501692
1581840
1371309
1581434
1350009
1581847
1371303
1581420
1581776
1366281
1511855
1379874
1372845
1511834
1589969
1371195
1360969
1375148
1392949
1371742
1360027
1382577
1363171
1591832
1511820
1511833
1355666
1511839
1511271
1371741
1358070
1592061
1380982
1511846
1501700
1392684
1392557
1379882
1364292
1371202
1350980
1352867
1599983
1587693
1589960
1501676
1501709
1376327
1368894
1501486
1581849
1591765
1360966
1511289
1521875
1353858
1598964
1382916
1591675
1372572
1509971
1501902
1353295
1511827
1599278
1591687
1359275
1353277
1591676
1380926
1372458
1379491
1358082
1582083
1501913
1522036
1355381
1599974
1501900
1392924
1581429
1382915
1379889
1521878
1501539
1501520
1379039
1390303
1581835
1363179
1392920
1501525
1352795
1501687
1599288
1582097
1581762
1501701
1502411
1501482
1511288
1587694
1501545
1591689
1371306
1501475
1581820
1589965
1371335
1371735
1511840
1599289
1591770
1372578
1352858
1591688
1581771
1379498
1372647
1501481
1372832
1360235
1581281
1509970
1599270
1581757
1582085
1392582
1511856
1581680
1360028
1371315
1591833
1350981
1382914
1522041
1363170
1592024
1355978
1372990
1511270
1591834
1581763
1587645
1352794
1581435
1371247
1371734
1501708
1591692
1352866
1372440
1501718
1372999
1582092
1379875
1372450
1360225
1587640
1371256
1392299
1372646
1581412
1379063
1599989
1352856
1353267
1372823
1501715
1372449
1359273
1382696
1521876
1379054
1511853
1392291
1501684
1502418
1501916
1360024
1598990
1599984
1591384
1581824
1372816
1501489
1511279
1379020
1355386
1509973
1371209
1382570
1511826
1353296
1355676
1366294
1592062
1382691
1371180
1591766
1360967
1372571
1372351
1501534
1592065
1352859
1581821
1501903
1581777
1355677
1392681
1501514
1379481
1511832
1501533
1501707
1371736
1501686
1501538
1358085
1379057
1502410
1581428
1379064
1511280
1582096
1501512
1589994
1501997
1353284
1353281
1599275
1511831
1356087
1379888
1371252
1359279
1371307
1371719
1353857
1382923
1371245
1501681
1587649
1392923
1501698
1511848
1589966
1372441
1368898
1392581
1582082
1371334
1390264
1371239
1380239
1501515
1581756
1511835
1353243
1376314
1372992
1501911
1581836
1390269
1371238
1599973
1522033
1581418
1372451
1392558
1591371
1599282
1598991
1587691
1592026
1589968
1599290
1390261
1380927
1581770
1353279
1511821
1392688
1581411
1501689
1501908
1501716
1581436
1587648
1371343
1392294
1592063
1392682
1353906
1509978
1510769
1501548
1591674
1350922
1353270
1592021
1500765
1599285
1379041
1372352
1355382
1382924
1372448
1392680
1592066
1511287
1501535
1360025
1581767
1581842
1591771
1511285
1372830
1598962
1591381
1372579
1355979
1352855
1382690
1392437
1379876
1591769
1591691
1382917
1371739
1500767
1581830
1502419
1372829
1372998
1352860
1352791
1392433
1591685
1599280
1372570
1511829
1368890
1352865
1522034
1382571
1511830
1511277
1501678
1353244
1382693
1591836
1501699
1379890
1501706
1353231
1372443
1392293
1502413
1511286
1371229
1599272
1358073
1392434
1392687
1372456
1355974
1360029
1509972
1379496
1379873
1501785
1371737
1591378
1522039
1592025
1581280
1592022
1372589
1501530
1511836
1371217
1501523
1355663
1371718
1363173
1379887
1509975
1358097
1501719
1371301
1581755
1372819
1359278
1581289
1376322
1589967
1581839
1379027
1520769
1382925
1371295
1380238
1372577
1511847
1591372
1392436
1353287
1380237
1502417
1371187
1350921
1352792
1353269
1501543
1591673
1376311
1392928
1353276
1501540
1379497
1353282
1379484
1511854
1581831
1598960
1501484
1371189
1372644
1372837
1501688
1501702
1379014
1366278
1599293
1375145
1376312
1581427
1581414
1372842
1581754
1501919
1591772
1590769
1587647
1508815
1587642
1371322
1501717
1599277
1582081
1581766
1581772
1382698
1353856
1511838
1379043
1521879
1355383
1380962
1371190
1501697
1363172
1372645
1379032
1355975
1392552
1352793
1581287
1375134
1371254
1372357
1353289
1350984
1587692
1582080
1581423
1522042
1500769
1353865
1352850
1355976
1380961
1382572
1376317
1592027
1371237
1382920
1371282
1501510
1589963
1379025
1598968
1352797
1599977
1591693
1582098
1353273
1592028
1511276
1591686
1372811
1522032
1371730
1379499
1366273
1581838
1511844
1589964
1353241
1511822
1501487
1379051
1581416
1511278
1392551
1392435
1581843
1589991
1502412
1511837
1379058
1376321
1501485
1592068
1355674
1379872
1581841
1379891
1372442
1580769
1372588
1353239
1511828
1372849
1599287
1591683
1591672
1599986
1379490
1371251
1353853
1581288
1379069
1501711
1372350
1392945
1591370
1581684
1392253
1368892
1371287
1355977
1581753
1501532
1501683
1379483
1581751
1598969
1599283
1581426
1501546
1355671
1522029
1379035
1379015
1372818
1392944
1354374
1501917
1382579
1589992
1599271
1353292
1522040
1501710
1355384
1372643
1371227
1380245
1591383
1380963
1591374
1379486
1581413
1392555
1353247
1581286
1372827
1352862
1379048
1392296
1372582
1371323
1501519
1371289
1353249
1581774
1371744
1581765
1382927
1379033
1501786
1358079
1501541
1371300
1366290
1522031
1371181
1599294
1501680
1372576
1392929
1376318
1353291
1581844
1581837
1372642
1392689
1511843
1581779
1382692
1372575
1511849
1501996
1360237
1354697
1599985
1501477
1511275
1501488
1353271
1581438
1375142
1382913
1379024
1501907
1589993
1587641
1353854
1372848
1371731
1350901
1372454
1502404
1581828
1598967
1502416
1511283
1354690
1591684
1368897
1501914
1379892
1591694
1591837
1372355
1598993
1372821
1501513
1371320
1352861
1353266
1379045
1599971
1372812
1379871
1379034
1382573
1382574
1371328
1382578
1591680
1501696
1353868
1376310
1372587
1368899
1592069
1599279
1350924
1591380
1372444
1511845
1353278
1353867
1501478
1360236
1581425
1355675
1379060
1591373
1372834
1581421
1587695
1371299
1360230
1589961
1372573
1581752
1371288
1392250
1366289
1375143
1388998
1392254
1501527
1501999
1372353
1599286
1501549
1522037
1392926
1358089
1522030
1581832
1392685
1371243
1581285
1591698
1371348
1511823
1372826
1372828
1582086
1359276
1591681
1502407
1392940
1591774
1372574
1587690
1392586
1379493
1581750
1501691
1379023
1581829
1501787
1379030
1581823
1366291
1587699
1350902
1501675
1382926
1511857
1360233
1581683
1501915
1592060
1363177
1350923
1366285
1511274
1501906
1372445
1392290
1501704
1372847
1372356
1501476
1372640
1375129
1371284
1502405
1382921
1599988
1392927
1354696
1372455
1511284
1371743
1581764
1392686
1352864
1382911
1392297
1372583
1581432
1501901
1371184
1501544
1501912
1501713
1352852
1375136
1366292
1360239
1592020
1371329
1353238
1599972
1501998
1591670
1380964
1372813
1502415
1587644
1353299
1350900
1501547
1372586
1511841
1581775
1591375
1372649
1581778
1509974
1582088
1591677
1354370
1591838
1511842
1379885
1371717
1353258
1591835
1382695
1375147
1521877
1371339
1353252
1599979
1379037
1501524
1582095
1392585
1379495
1392295
1591678
1371291
1382699
1511824
1358081
1371277
1353256
1379870
1501511
1371211
1581769
1371264
1376326
1581822
1591682
1502406
1382929
1501694
1501536
1582087
1591696
1382575
1501690
1355971
1501995
1581760
1359277
1360231
1372846
1501703
1581422
1582089
1591671
1392589
1352869
1501526
1582094
1379884
1591377
1350982
1392580
1379893
1392251
1501479
1501521
1509977
1591697
1511852
1375130
1388999
1355970
1501685
1371310
1354378
1379042
1372995
1375121
1599987
1581284
1371218
1372824
1522038
1599981
1371732
1392922
1353230
1353275
1355668
1587697
1379894
1352851
1372835
1371210
1599281
1355673
1382694
1502401
1372581
1382910
1591767
1372641
1371325
1501918
1501905
1366293
1379066
1371715
1392584
1372452
1356080
1502408
1372584
1581682
1359271
1502414
1501516
1352863
1587698
1353233
1591376
1363176
1501712
1353283
1591773
1591830
1376316
1379018
1589990
1581283
1382918
1501705
1502402
1371318
1371326
1366286
1511281
1589962
1371250
1353257
1392298
1581419
1511850
1371185
1591768
1581433
1371240
1501904
1353268
1379880
1591695
1581424
1501909
1581415
1581410
1598965
1350983
1355661
1360232
1501910
1502400
1581846
1355660
1353262
1587643
1371269
1379487
1371324
1353286
1353869
1352868
1501529
1371219
1392588
1371249
1511272
1501518
1372825
1581759
1354699
1388997
1353280
1390260
1392683
1365012
1352854
1392252
1511825
1598963
1509979
1501682
1511851
1598992
1371304
1371733
1522035
1592029
1392921
1599975
1582090
1591839
1501695
1360026
1511282
1352857
1371286
1360238
1382919
1371220
1360968
1379886
1372996
1509976
1581768
1501693
1582093
1382576
1372814
1379877
1372354
1371327
1501677
1599291
1382697
