1312806
1319202
1302680
1316842
1316845
1304687
1312801
1319209
1316954
1302681
1312810
1312941
1316898
1316951
1312943
1312813
1316892
1317210
1317211
1304977
1304686
1316844
1317216
1316848
1312949
1312818
1312805
1304685
1312942
1316890
1302682
1312809
1319207
1312819
1304976
1304684
1304971
1312804
1304683
1304974
1312816
1316891
1319206
1316843
1316896
1312808
1302683
1312802
1304688
1304979
1319200
1312945
1312817
1302684
1316953
1316899
1319205
1316841
1304978
1304689
1304972
1302685
1312947
1319201
1326843
1312814
1304970
1319204
1304682
1312812
1304975
1316894
1312944
1316840
1316897
1316952
1316847
1312948
1319203
1316849
1312803
1319208
1312800
1312815
1316950
1304973
1312946
1312811
1316893
1316895
1316846
1312807
1312940
