1580469
1368469
1384697
1514590
1376667
1514693
1379637
1524685
1389585
1389588
1390468
1384696
1504692
1514588
1518467
1504571
1355545
1514695
1394660
1524686
1514589
1514692
1504683
1514694
1504694
1504693
1379639
1384695
1504682
1514691
1394579
1379638
1504690
1514697
1584684
1394662
1389586
1384694
1384693
1350485
1355544
1584683
1394661
1379690
1360458
1514690
1514696
1384698
1514698
1504684
1518468
1504574
1384692
1379691
1394664
1350464
1504691
1373450
1514699
1524687
1514591
1373451
1384691
1394578
1504575
1524690
1518466
1524688
1394663
1584642
1394667
1504573
1394666
1384690
1590469
1524689
1376668
1394577
1394669
1380369
1518469
1394665
1389587
1504572
