1383028
1399324
1383023
1399320
1509549
1399329
1509548
1391971
1582582
1580947
1519326
1521397
1383029
1510177
1380932
1391969
1521398
1373932
1351932
1383021
1399326
1529323
1519347
1510932
1383027
1391968
1509547
1502586
1519329
1502583
1383024
1399321
1521393
1529325
1399322
1383026
1399323
1509546
1521396
1519328
1510180
1519324
1502584
1529320
1521394
1351902
1520932
1521395
1510183
1383022
1399328
1519325
1510182
1582581
1519322
1519321
1399327
1502591
1391972
1399325
1510181
1519348
1519323
1529322
1383025
1519320
1502592
1521399
1510178
1509550
1500932
1510179
1521392
1580932
1529321
1529324
1580946
1519327
1383020
1391970
1502585
