1394833
1374734
1514744
1384735
1374833
1351473
1394733
1584833
1366485
1520473
1524732
1514738
1517474
1374830
1524736
1517471
1384734
1514739
1514731
1584832
1504832
1580473
1384835
1373473
1514740
1524735
1514730
1504814
1384733
1584808
1390473
1394732
1374831
1374736
1584830
1384834
1504834
1504833
1384732
1514741
1590473
1510473
1584831
1374730
1524730
1384831
1514732
1517473
1394730
1394734
1504979
1384731
1374731
1384830
1394834
1524731
1514743
1504978
1504818
1517470
1394731
1514742
1584930
1584835
1584931
1374732
1384833
1384736
1384832
1524734
1374733
1374832
1384730
1584834
1517472
1360473
1374735
1514737
1524733
