1554593
1554537
1328493
1563676
1564575
1554659
1309150
1554589
1321468
1554580
1554538
1306994
1560468
1308977
1311468
1563673
1554592
1554581
1300997
1563677
1564576
1301902
1325856
1563672
1554587
1563674
1554588
1310168
1569968
1309149
1315993
1314968
1567289
1563675
1860468
1322468
1309151
1554658
1554586
1313690
1328468
1311564
1310468
1320468
1311548
1321297
1567273
1323468
1554584
1303973
1308951
1315992
1306995
1554585
1560488
1311538
1554591
1559096
1325168
1563678
1308950
1554582
1315988
1567272
1319961
1305438
1563679
1864515
1554594
1554583
1311568
1314468
1554590
1559097
