1380368
1514587
1584688
1594583
1594665
1369469
1514686
1379694
1394576
1384689
1350487
1514687
1590468
1514685
1394575
1594528
1394674
1384686
1389592
1594660
1514682
1394673
1379646
1384687
1509454
1370464
1594582
1384684
1584669
1524682
1509455
1594529
1514683
1390488
1394679
1514680
1594664
1514584
1394675
1379647
1509453
1394676
1384685
1518465
1594585
1524681
1376670
1509452
1584548
1520468
1594663
1584547
1524684
1514681
1394678
1509450
1384682
1514586
1514688
1594662
1376671
1584546
1394672
1350458
1384683
1584629
1394677
1368468
1594581
1594661
1580468
1524683
1509451
1514585
1384681
1376368
1594584
1384680
