1528134
1377857
1377853
1356832
1500810
1589220
1389000
1380815
1388142
1528135
1354741
1519604
1598418
1355892
1519603
1377854
1500811
1580823
1389001
1588133
1518134
1388143
1389006
1355891
1351846
1360815
1522861
1389005
1589221
1522862
1588134
1355890
1350817
1377859
1589222
1598417
1580820
1588131
1398022
1598316
1388141
1390900
1598415
1589223
1377856
1519601
1379556
1389008
1370815
1598416
1598315
1389007
1588132
1379555
1388140
1522864
1377852
1528139
1589224
1518131
1598318
1518262
1354740
1519600
1518261
1528137
1528131
1379557
1528130
1377855
1518263
1580813
1522863
1598319
1518260
1377858
1500812
1580822
1580824
1500814
1588130
1389003
1518133
1528132
1528138
1356833
1522860
1355076
1500813
1518264
1580821
1398023
1518130
1598419
1528133
1518132
1388144
1528136
1519602
