1565570
1565678
1555622
1560557
1309358
1303400
1309356
1565579
1555117
1555625
1305301
1555590
1555579
1555572
1328557
1305300
1565578
1308400
1555624
1566537
1565670
1567557
1555116
1555578
1550557
1555573
1555591
1555110
1303401
1566536
1329557
1565575
1555111
1565671
1328566
1555577
1565676
1313557
1320557
1565679
1565677
1565574
1860567
1301401
1309557
1555576
1565573
1566539
1315557
1555626
1555627
1860557
1322577
1566557
1566538
1309357
1566535
1565674
1555113
1555621
1565572
1301400
1555115
1555593
1566549
1555575
1555628
1327557
1308501
1565571
1566534
1306340
1565675
1555112
1555629
1555592
1555620
1555574
1321557
1308302
1555570
1317021
1565577
1309359
1308557
1566548
1555623
1569557
1565672
1565576
1303500
1565673
1555571
1555114
1555594
1322557
1308401
