1386654
1585624
1363718
1517827
1395577
1505670
1525575
1585670
1395579
1369562
1585532
1521254
1385573
1373307
1585572
1395687
1385570
1395578
1585536
1525574
1585571
1505536
1517826
1370557
1505673
1505574
1515579
1505573
1525576
1369557
1592245
1521253
1385574
1386658
1592248
1592246
1585533
1595572
1515665
1386686
1395685
1585621
1595578
1515573
1395574
1505537
1510557
1525573
1517829
1505672
1395571
1505572
1395688
1595557
1372129
1521255
1396530
1385575
1386659
1515547
1386649
1585623
1396536
1395572
1585622
1580557
1505674
1521247
1585629
1595577
1585534
1395576
1396535
1521256
1395683
1595575
1595600
1515572
1517825
1505571
1585573
1517824
1595570
1585537
1585627
1500557
1521250
1386669
1585628
1585535
1521257
1396533
1525557
1517822
1505535
1515571
1585538
1385576
1525570
1585539
1373308
1351494
1395686
1372127
1390567
1515545
1585531
1395573
1525579
1515574
1360557
1515570
1385577
1515575
1350557
1595601
1595573
1520557
1396534
1595579
1390557
1515546
1521258
1585620
1372125
1396531
1585625
1585557
1592249
1517823
1386557
1395570
1585626
1595576
1395684
1592247
1505671
1595602
1517828
1525577
1372128
1521252
1595571
1386687
1517821
1525572
1515576
1590557
1585530
1386655
1367557
1525578
1380557
1396532
1373309
1585671
1515578
1372126
1515577
1595574
1395575
1363717
1585570
1505538
1525571
1385571
1517820
1505539
1385572
1350058
1521251
