1348950
1345952
1348932
1348940
1348980
1348958
1348987
1348983
1348928
1348970
1348939
1348933
1345956
1348949
1345955
1340087
1348978
1348947
1348956
1348927
1348941
1348955
1348952
1350503
1340089
1340086
1348942
1348934
1348948
1348986
1348925
1340081
1348984
1348989
1345954
1348935
1340080
1348943
1348954
1348926
1348974
1348936
1350692
1345953
1348951
1348944
1348981
1348929
1348953
1348924
1348973
1348946
1340082
1348937
1363690
1348979
1348982
1348959
1348988
1348930
1340083
1345959
1348945
1348923
1348976
1348971
1348985
1348938
1345951
1386076
1340085
1340084
1348931
1345950
1345957
1348977
1348957
1345958
1348922
1348975
1348921
