1336597
1332854
1534594
1335855
1896025
1335843
1334852
1332851
1334851
1332887
1890699
1895996
1336598
1896046
1896045
1330507
1331499
1896044
1896032
1896039
1896024
1332897
1335854
1895985
1331382
1896038
1334850
1895983
1895990
1335859
1330508
1890598
1332889
1336595
1895993
1332843
1534599
1333858
1896040
1890507
1896023
1896033
1895997
1896043
1895994
1896030
1895992
1895982
1339509
1337599
1333848
1336596
1331374
1330609
1895995
1335856
1896022
1335858
1330598
1895980
1333857
1530503
1332856
1896041
1895974
1896042
1895973
1331383
1335857
1332857
1334856
1895987
1896031
1332896
1333849
1530509
1334045
1896027
1896034
1331497
1332853
1332898
1331498
1896049
1334855
1331389
1896048
1896020
1895975
1895981
1334857
1332850
1530696
1530608
1896035
1895972
1895986
1334046
1337696
1890609
1896026
1337595
1895976
1534595
1895989
1339407
1890595
1334854
1333859
1330699
1890505
1895998
1339595
1333856
1895978
1895988
1890596
1890506
1338595
1330506
1896047
1896021
1332855
1331387
1895971
1332899
1896036
1331388
1533755
1339506
1896029
1330595
1330505
1890597
1530595
1334853
1895970
1530695
1895999
1335842
1339402
1895979
1896037
1330597
1331496
1895984
1333847
1896028
1332852
1890508
1895977
1332888
1895991
1332842
1334044
1530500
1330596
