1368590
1362595
1596058
1366590
1395993
1355963
1362605
1355906
1355951
1364592
1367592
1355942
1355962
1366599
1355905
1516043
1367596
1366593
1355958
1367595
1366598
1379989
1355940
1365592
1368594
1364594
1355956
1362597
1362608
1365598
1355957
1362596
1368593
1366591
1365590
1364595
1355908
1362609
1361592
1367590
1361596
1355941
1365595
1355907
1362606
1367597
1362598
1364596
1365593
1362599
1355954
1361597
1364590
1355936
1364591
1366595
1355955
1364597
1368591
1366594
1365591
1368592
1367599
1361594
1361590
1366592
1596041
1367593
1385073
1355903
1365594
1395991
1364599
1367594
1366597
1361591
1348920
1355937
1365596
1361595
1364598
1365599
1355964
1355904
1385978
1396036
1355953
1364593
1366596
1355950
