1510607
1525976
1396033
1595952
1379955
1596043
1359916
1586094
1598005
1378880
1516035
1526038
1506087
1377484
1359977
1359923
1588095
1586049
1505976
1350590
1585953
1586058
1379987
1598007
1379959
1590505
1596056
1506049
1350507
1526039
1585954
1395997
1525952
1505987
1390506
1598593
1590607
1586035
1515984
1505959
1590509
1350602
1506095
1586092
1505950
1515959
1378885
1395978
1506091
1505982
1585950
1359971
1515970
1588099
1515957
1515971
1506082
1515985
1386078
1526072
1590504
1525948
1351401
1598033
1588071
1525970
1586031
1515974
1598599
1363693
1508043
1379954
1590597
1590609
1379953
1588085
1396032
1510601
1379945
1526077
1526081
1506094
1598006
1395979
1380851
1598046
1598594
1350596
1380598
1525942
1363694
1525977
1595956
1390059
1586034
1505977
1588072
1588096
1595953
1395994
1386071
1585979
1586056
1526035
1510602
1395976
1580508
1525953
1590608
1395970
1526082
1396038
1396020
1590599
1580599
1585947
1359978
1588093
1596074
1385970
1506088
1506060
1525949
1598002
1586030
1395986
1590590
1396048
1586045
1377483
1590594
1515986
1595950
1506046
1505951
1528048
1515987
1526078
1505971
1585959
1516044
1525954
1396026
1588076
1588097
1505985
1350595
1525978
1379946
1505988
1590503
1505974
1380852
1596079
1586059
1528047
1595986
1508041
1515951
1526042
1396031
1515975
1586046
1588088
1395977
1385075
1359925
1586050
1380597
1505975
1350695
1506047
1505953
1377482
1363695
1372085
1516030
1379951
1379924
1526088
1588073
1386075
1379988
1385976
1598003
1525950
1506080
1359914
1505980
1372086
1380595
1385971
1586033
1586093
1506085
1510609
1395987
1526036
1516038
1395972
1528045
1598031
1598047
1596055
1526070
1363696
1526079
1526044
1588087
1598597
1528049
1525959
1588098
1359924
1595958
1515953
1396039
1598049
1526041
1390595
1526075
1396029
1585973
1359974
1350598
1359915
1586047
1506045
1590602
1588070
1506062
1506093
1580500
1588094
1510604
1596040
1588091
1586040
1525979
1506083
1395999
1359927
1395988
1580597
1508040
1585974
1505952
1525941
1590596
1598044
1359994
1385074
1350591
1505970
1390507
1598009
1525955
1525972
1379952
1395971
1580506
1580509
1526080
1586051
1525944
1590501
1359920
1586057
1505972
1516031
1595957
1515988
1515976
1590604
1378881
1390596
1516075
1590592
1510603
1385077
1598045
1598000
1526076
1525943
1377486
1526033
1526043
1506090
1588081
1359975
1380850
1586048
1526087
1526073
1351400
1396030
1595988
1528046
1390508
1588078
1595987
1595998
1598030
1396043
1350606
1505973
1350597
1586039
1588090
1590601
1505983
1377481
1515952
1516040
1596073
1588075
1526034
1380593
1395974
1596059
1588092
1580501
1526085
1595951
1586053
1526048
1526047
1396024
1585957
1395984
1379950
1515977
1580598
1363697
1359921
1580507
1596071
1525971
1351503
1598598
1590593
1585975
1586052
1395973
1598592
1396041
1516079
1585958
1588089
1350506
1379985
1580504
1598590
1580502
1506099
1516076
1380855
1588082
1377480
1586038
1515989
1506064
1390609
1385977
1377487
1505955
1598001
1386074
1378884
1505981
1595985
1525946
1350605
1386072
1360071
1586041
1598032
1596072
1363699
1379957
1525956
1390699
1516039
1396044
1506098
1515983
1526086
1585955
1380594
1525945
1395983
1585951
1595959
1585976
1396023
1390505
1377488
1516032
1598595
1588084
1526031
1372084
1351504
1508044
1510605
1510606
1525974
1380592
1526046
1515978
1526071
1359929
1515955
1385076
1380853
1505986
1395990
1350608
1595997
1506092
1586055
1590603
1380599
1379947
1595996
1586037
1586091
1580505
1586032
1386077
1580503
1526030
1516042
1359999
1525973
1516033
1350609
1351402
1526089
1350505
1580595
1505958
1505954
1585946
1385974
1515954
1526049
1590500
1515981
1515972
1505957
1350502
1590598
1525957
1586036
1588083
1506048
1526045
1379921
1526083
1590507
1515979
1396021
1588080
1525958
1363698
1515982
1385078
1396049
1586042
1585978
1526032
1598040
1516077
1585956
1506097
1596057
1580596
1386073
1396035
1505978
1396027
1585952
1596075
1379956
1350694
1506061
1598043
1350607
1377489
1598042
1505989
1598596
1515980
1516037
1360070
1359928
1516078
1385975
1595995
1516036
1586054
1588077
1525951
1505979
1598004
1505984
1585972
1525940
1590506
1590591
1505956
1379958
1506089
1526084
1516034
1359998
1395981
1526074
1379986
1585970
1596042
1395995
1350508
1596044
1586044
1525975
1585945
1590606
1590595
1515973
1379948
1506084
1585977
1359993
1525947
1598041
1515956
1585949
1590600
1588079
1350693
1510608
1596077
1526037
1588086
1598048
1526040
1585948
1598591
1350504
1586090
1595999
1590605
1380590
1590508
1395996
1585971
1360073
1506096
1506063
1359970
1396034
1377485
1515958
1516041
1596070
1386079
1359979
1350593
1588074
1586043
1378882
1395982
1506086
1380854
1508042
