1300486
1560608
1860504
1301581
1311073
1311082
1322595
1329502
1555903
1315902
1310782
1306716
1306702
1566574
1322500
1310780
1305562
1321506
1555916
1555902
1315904
1305565
1311072
1306708
1555906
1310787
1560504
1860696
1327694
1305595
1555909
1327595
1311083
1566570
1306714
1315903
1328501
1327609
1307492
1565909
1300487
1303099
1320506
1301583
1327505
1303094
1565972
1310788
1305546
1560696
1311097
1310785
1321507
1306715
1315909
1327507
1315906
1310509
1565908
1565949
1555917
1311599
1301048
1320508
1555908
1329088
1329505
1328504
1315900
1305560
1860605
1312447
1325500
1565987
1566595
1325503
1310146
1300480
1311098
1311070
1307493
1860695
1565948
1327508
1315908
1560698
1860595
1328503
1329590
1328599
1565906
1566584
1566577
1311095
1300481
1329500
1311085
1306706
1303098
1315907
1305532
1300485
1319406
1312446
1327698
1310508
1300482
1565920
1323595
1310786
1306713
1301587
1305563
1555912
1307495
1306747
1565985
1322598
1301588
1565907
1305566
1555910
1306704
1565951
1329085
1560603
1320507
1311096
1565921
1310144
1566585
1301586
1300484
1329086
1860603
1310507
1305561
1300483
1311086
1565960
1305533
1303097
1565922
1560500
1310783
1555911
1555913
1565950
1307497
1310145
1306712
1565971
1560595
1327600
1329595
1311094
1310506
1306709
1860698
1301585
1555905
1565923
1310789
1320595
1307491
1306719
1566599
1565970
1555901
1311080
1565988
1315905
1320505
1306748
1306718
1310784
1860608
1305581
1307496
1321595
1300488
1306707
1555919
1310781
1325595
1301582
1565905
1311595
1555914
1301584
1305580
1305567
1555904
1307499
1566578
1311074
1555900
1300489
1860500
1307490
1306749
1555918
1569595
1555915
1320509
1311071
1311099
1328595
1306717
1305564
1565986
1565947
1306703
1555907
