1368756
1363756
1362757
1369754
1351982
1369755
1363757
1362758
1351988
1380763
1351886
1361755
1368757
1362754
1363752
1387614
1351981
1368758
1368753
1364861
1351884
1363759
1361756
1364759
1351980
1363758
1368752
1361753
1368759
1362752
1363753
1361751
1361757
1369751
1351985
1368751
1369752
1351881
1369758
1364758
1369759
1361750
1363751
1351880
1351889
1361758
1362753
1369753
1364756
1369750
1368750
1364757
1369756
1363750
1351882
1364750
1351987
1362750
1368755
1351887
1361752
1361759
1364751
1351984
1363755
1362756
1351986
1364752
1362751
1368754
1364754
1369757
1351983
1362759
1351885
1351888
1364753
1363754
1364755
