1387681
1364862
1390755
1387652
1387607
1387604
1387660
1387663
1397610
1387641
1500803
1512080
1500808
1397691
1387697
1363765
1509198
1369899
1387625
1387616
1397674
1500890
1880894
1397681
1512089
1397637
1390766
1397663
1364869
1387669
1397661
1510986
1500897
1512069
1580890
1363762
1510985
1387664
1510363
1380757
1510309
1380758
1397662
1387633
1370043
1370047
1387689
1351807
1510360
1397651
1510894
1387642
1880897
1380751
1580899
1387603
1397678
1509190
1397612
1520899
1387686
1880895
1390756
1387659
1520369
1500891
1370756
1510306
1387615
1512068
1397682
1364863
1369895
1397684
1397677
1520304
1380764
1387645
1512081
1500802
1580898
1512075
1370042
1500896
1351808
1397699
1387622
1390763
1387634
1351801
1387608
1397609
1369892
1512067
1510893
1370759
1370750
1512088
1363763
1397613
1520305
1512066
1512082
1510983
1397658
1510301
1387632
1397642
1397696
1397634
1387639
1510895
1387666
1387690
1370044
1387602
1387654
1510368
1387678
1387653
1512065
1512095
1380750
1397671
1397627
1387601
1397622
1380756
1880896
1580891
1387623
1397635
1370758
1509192
1397649
1397648
1363768
1512087
1390769
1520307
1512060
1387644
1512090
1387688
1520362
1370757
1390764
1387679
1387609
1397608
1387667
1364864
1387600
1520893
1397675
1512073
1370751
1387695
1387665
1380755
1380759
1580892
1387698
1510981
1390757
1387630
1397672
1512096
1500893
1510984
1500800
1387631
1387648
1500895
1510303
1370754
1500801
1520361
1370045
1397665
1510369
1351802
1510896
1520306
1397697
1397685
1369890
1512076
1397676
1512061
1387676
1397683
1387640
1509195
1510300
1397646
1512063
1390758
1520894
1397607
1512086
1387658
1370049
1387673
1380754
1397653
1387683
1510367
1520897
1380760
1397629
1387696
1380753
1397606
1397647
1380762
1369896
1363769
1369893
1520360
1397636
1520302
1397626
1351803
1512091
1510308
1387682
1387613
1580893
1390767
1370046
1397611
1370752
1500892
1390075
1387656
1500894
1397600
1512084
1397664
1510890
1510897
1397670
1362755
1363766
1397673
1370753
1380761
1512094
1397652
1380752
1364868
1397618
1387672
1387694
1397655
1520898
1397619
1351800
1880893
1510898
1510361
1512093
1397690
1880898
1390759
1510366
1380768
1512083
1387693
1512074
1509194
1397628
1397631
1397689
1387655
1512064
1370755
1387621
1387638
1512070
1397669
1397601
1397695
1351804
1520895
1397630
1512092
1369898
1509197
1520309
1397604
1387637
1387612
1520891
1397692
1363761
1390754
1351809
1520367
1520366
1363767
1397617
1387646
1512085
1380767
1510982
1387671
1510305
1370041
1380089
1387674
1512062
1397624
1390753
1880892
1387684
1880899
1500805
1510364
1369891
1397644
1351805
1387691
1500807
1370040
1387618
1397605
1387670
1387620
1387629
1397639
1397668
1390760
1520892
1510892
1510302
1509196
1387647
1520308
1390765
1510989
1387649
1363760
1387677
1397602
1387675
1509191
1387699
1500899
1387627
1369894
1397616
1512078
1520368
1397659
1380766
1580895
1520363
1510988
1387610
1397645
1880891
1520303
1387628
1510307
1370048
1397654
1397625
1510304
1520300
1520365
1387635
1397666
1397688
1380765
1397693
1520896
1387685
1397614
1397667
1512099
1580897
1397657
1397640
1390752
1510365
1520890
1387619
1397650
1500804
1510891
1520301
1390768
1510899
1397615
1363764
1397694
1387657
1397679
1387605
1500806
1351806
1387636
1369897
1390761
1387624
1580894
1397621
1509199
1520364
1387692
1387651
1387626
1512072
1397660
1512079
1580896
1387643
1500898
1397633
1387606
1387617
1397698
1509193
1390751
1512098
1397603
1500809
1512077
1387680
1397680
1397686
1390762
1397641
1512097
1510980
1397638
1397632
1387662
1390750
1397687
1397643
1512071
1387687
1387661
1397623
1387650
1510987
1397656
1880890
1397620
1387668
1510362
