1890762
1530891
1533895
1534885
1333760
1337992
1338982
1890761
1330764
1332209
1333761
1338989
1890760
1339898
1330766
1330750
1337980
1332205
1534880
1333768
1333769
1337997
1336898
1338981
1333750
1330756
1534881
1890753
1890767
1333753
1333762
1533894
1337989
1339897
1333767
1338987
1533891
1339899
1890755
1336890
1332206
1533893
1530899
1337990
1337998
1337987
1890764
1530890
1330755
1338988
1534889
1890750
1338980
1530893
1330765
1336892
1534882
1890754
1530897
1333765
1333752
1336897
1330754
1533899
1333755
1337996
1890766
1337981
1336891
1530898
1890757
1330769
1337982
1337995
1332207
1534888
1337988
1339892
1333751
1890751
1339893
1338985
1330768
1337993
1333756
1533890
1890769
1533786
1337984
1530892
1330767
1530895
1339891
1533898
1333757
1890763
1332204
1534887
1336894
1890768
1332208
1337985
1338986
1330757
1330753
1890756
1332201
1333764
1534884
1339894
1336899
1533897
1330760
1330762
1337986
1337983
1336893
1338984
1337994
1330751
1333766
1339890
1534883
1330758
1330761
1332202
1332203
1337999
1890759
1333754
1333759
1333763
1333758
1530896
1339895
1332200
1336896
1330759
1890765
1338983
1330752
1337991
1533896
1530894
1533892
1534886
1890752
1336895
1339896
1330763
1890758
