1303494
1860898
1309890
1321588
1311191
1313895
1313891
1560768
1559561
1313892
1569259
1311899
1300607
1860896
1560760
1308607
1309893
1303499
1307895
1560750
1559592
1311892
1321574
1315897
1327898
1300509
1303490
1569250
1320897
1559597
1559587
1321578
1560765
1300605
1309891
1303604
1560758
1320894
1313606
1860891
1559583
1320896
1550891
1559578
1308604
1309892
1860897
1560751
1550898
1307894
1303600
1560757
1327894
1569257
1311199
1569251
1327899
1559560
1311190
1560766
1559589
1315893
1300501
1320895
1321589
1313893
1313605
1300602
1559586
1860899
1327895
1303498
1303491
1550897
1327892
1559568
1300603
1311891
1303608
1320891
1860894
1321580
1550892
1309895
1315892
1303606
1559567
1321586
1560756
1311890
1311193
1559579
1303497
1307896
1320898
1569253
1303609
1559571
1300506
1321581
1320892
1313604
1308606
1313890
1559594
1560764
1315895
1321587
1320893
1321571
1559566
1300500
1559576
1311192
1303603
1301623
1560763
1320890
1327893
1327897
1308609
1300507
1307897
1300503
1559562
1300600
1301050
1569255
1320899
1311897
1559565
1308601
1313899
1569252
1309894
1303496
1560755
1559599
1311896
1301628
1300609
1301629
1559588
1313600
1303601
1300504
1311194
1315898
1315894
1321583
1559574
1321584
1860892
1559577
1315890
1303605
1309897
1327890
1569254
1313898
1307891
1560753
1559563
1321573
1559564
1308600
1307898
1321585
1321570
1309896
1301622
1860895
1559591
1300505
1559596
1300601
1300502
1560761
1321582
1559582
1860890
1311195
1560754
1559569
1303493
1550899
1550890
1300608
1300606
1311895
1315891
1303602
1560752
1327891
1308608
1313601
1307899
1308603
1307890
1313897
1303492
1313602
1311894
1313894
1308602
1301626
1560762
1313609
1321577
1559590
1559593
1559572
1569258
1321576
1550896
1301620
1559581
1300604
1308605
1559585
1327896
1311196
1307892
1550893
1313896
1560767
1321575
1303495
1311898
1309898
1315899
1860893
1301625
1313608
1559598
1313603
1560769
1311893
1559575
1309899
1303607
1311197
1569256
1301621
1559584
1300508
1301624
1315896
1321572
1559570
1559580
1311198
1321579
1550895
1550894
1559595
1307893
1560759
1559573
1313607
