1591127
1508792
1376994
1515485
1512567
1528767
1375903
1388798
1592524
1357792
1589199
1398795
1357817
1375904
1500871
1500876
1512550
1512561
1376995
1598799
1519831
1512566
1598797
1388799
1508793
1508794
1357794
1512568
1592539
1591298
1512553
1590699
1376908
1512569
1589449
1398798
1398709
1360879
1376993
1512558
1590879
1512552
1357797
1357795
1589197
1512563
1398797
1500874
1512560
1376907
1376992
1515486
1508795
1512555
1357819
1515483
1589198
1591128
1598796
1376998
1515484
1398799
1528766
1398794
1592528
1398793
1512554
1592525
1357796
1589195
1376990
1515482
1357818
1591295
1376909
1376991
1508797
1515487
1591299
1388794
1512565
1528768
1592529
1376999
1589196
1592527
1357798
1375900
1357791
1500875
1512557
1589448
1388797
1398792
1508796
1512562
1500872
1592526
1515488
1598798
1591126
1508799
1519830
1508790
1375901
1515481
1589447
1388796
1528769
1500881
1376996
1357790
1357799
1591129
1515480
1398790
1589446
1375902
1512556
1500873
1390879
1515489
1591297
1388795
1589194
1508798
1512551
1398791
1500880
1512559
1520879
1357793
1398796
1508791
1591296
1512564
1500870
