1890141
1896195
1892187
1892185
1334798
1896202
1336518
1896209
1531288
1890510
1891257
1332798
1337524
1338264
1337523
1895148
1892184
1332799
1534515
1530511
1333798
1339068
1892189
1334799
1891466
1896208
1892183
1891464
1891467
1339071
1891256
1891465
1891468
1330510
1896190
1338262
1530141
1333894
1330141
1335799
1896207
1339070
1891250
1333893
1891463
1891251
1896198
1534528
1891258
1896206
1891469
1896199
1891253
1534527
1891259
1896192
1335798
1531286
1333799
1895155
1896205
1892180
1891462
1338260
1333895
1896200
1892186
1891252
1896191
1895154
1531289
1330511
1339073
1530510
1891461
1892181
1338263
1339072
1896197
1336519
1896201
1534529
1337525
1891255
1339074
1891460
1896203
1338247
1339067
1896194
1896196
1892182
1890511
1896193
1892188
1333892
1337526
1891254
1531287
1339069
1896204
1338261
