1300448
1321862
1321851
1322239
1860151
1309212
1309213
1329125
1311516
1327008
1303259
1300348
1311526
1322238
1565148
1322232
1566848
1560511
1317403
1318212
1327614
1327007
1565155
1860150
1327621
1306483
1305619
1309214
1315136
1323612
1305613
1318211
1317402
1322233
1306486
1327006
1321860
1327620
1305618
1314190
1318214
1309215
1321863
1566849
1321852
1322234
1327612
1306485
1860152
1305617
1315135
1305615
1309217
1306484
1318213
1301653
1323629
1314191
1321850
1322235
1318219
1301650
1327005
1309216
1305616
1327613
1318210
1309210
1301652
1300449
1321861
1322237
1305614
1560510
1327004
1323627
1323628
1323611
1329135
1569515
1309219
1301651
1327610
1318215
1306487
1329136
1322515
1323645
1300447
1318216
1322236
1327515
1565154
1318217
1327003
1323610
1323613
1301655
1560141
1309211
1860515
1322245
1301654
1327611
1327009
1327002
1308259
1309218
