1518929
1391469
1525107
1381555
1516191
1518925
1385110
1381431
1529532
1525118
1377028
1589516
1391259
1599517
1381344
1595026
1586200
1377021
1396191
1506168
1595030
1392181
1525108
1506161
1596204
1529535
1585103
1518934
1350510
1377010
1585109
1520510
1391468
1377003
1385111
1396204
1519552
1526198
1529530
1515109
1505109
1596195
1519517
1391467
1518924
1358477
1377029
1391466
1595024
1377020
1599518
1381343
1586193
1586202
1595155
1518938
1358475
1518931
1381342
1515105
1596190
1370510
1519554
1590510
1510511
1506167
1390141
1519543
1596201
1519519
1596194
1525114
1585102
1377000
1360141
1505108
1377002
1396196
1392180
1381556
1599515
1377011
1525105
1595034
1586194
1519553
1595031
1525102
1391460
1396190
1518930
1526193
1396197
1515106
1519516
1391253
1385117
1586191
1358476
1586190
1516193
1396209
1385112
1586201
1589519
1525106
1585101
1599516
1396195
1589518
1519542
1396194
1385114
1391254
1360142
1516199
1594912
1370511
1525113
1516190
1596193
1505107
1586195
1381557
1596192
1506166
1392186
1505132
1596202
1515103
1518939
1381553
1596191
1586204
1358479
1351259
1525112
1526199
1516192
1377008
1381558
1525103
1596209
1505133
1526194
1585112
1585113
1360511
1519515
1377022
1505105
1381341
1377009
1595033
1595028
1396208
1590511
1381434
1385131
1385116
1594911
1506118
1585100
1518922
1391251
1381559
1395154
1595025
1381321
1586203
1586196
1586192
1589510
1385113
1381340
1518921
1516198
1377023
1589513
1595154
1392189
1518933
1505134
1525104
1595020
1392185
1505106
1381437
1381322
1526191
1585107
1385130
1396202
1351258
1519514
1586198
1391465
1585114
1505065
1377014
1595148
1391252
1360510
1589512
1596208
1596197
1506165
1519513
1381432
1381552
1391463
1377007
1529539
1585104
1525115
1396205
1525111
1396201
1506164
1510510
1519518
1377024
1515104
1589511
1586207
1392188
1385119
1385107
1358478
1518920
1525100
1518923
1377017
1506119
1506162
1381551
1396207
1516195
1596207
1500511
1526190
1580511
1377015
1525119
1351514
1525110
1585105
1526192
1596198
1518932
1589515
1529533
1585106
1392184
1529538
1595029
1385106
1350511
1395155
1506163
1586197
1377025
1381550
1515108
1385118
1377016
1395148
1392187
1518937
1385104
1381435
1391258
1386140
1526197
1500510
1586208
1381433
1396206
1351513
1391461
1516194
1381324
1595027
1392183
1519511
1377012
1391250
1385103
1396193
1396200
1596199
1525109
1525116
1377026
1377019
1594913
1594910
1377005
1586205
1526196
1515102
1529534
1516197
1391257
1385100
1385132
1518936
1525101
1529537
1381430
1580510
1585110
1385109
1515107
1390511
1515100
1595032
1518927
1381439
1596206
1386141
1586209
1380511
1506116
1596205
1390510
1589514
1599519
1586206
1380141
1391464
1525117
1391256
1385102
1586199
1506115
1377013
1381554
1381436
1594914
1520511
1596200
1377027
1396203
1518926
1396198
1589517
1519512
1377004
1505066
1377018
1381323
1516196
1380510
1385108
1506160
1506143
1526195
1506117
1529536
1529531
1596196
1518928
1515101
1596203
1585111
1585108
1519510
1595023
1392182
1518935
