1315567
1305318
1328568
1555675
1555614
1555527
1315673
1327567
1315678
1308336
1303065
1307501
1315671
1321567
1565687
1555526
1315679
1565689
1860968
1555615
1307507
1315670
1566567
1555616
1555525
1309335
1329567
1555674
1555617
1555677
1560567
1565686
1307503
1307504
1565685
1309337
1565684
1303064
1555676
1315676
1315677
1555672
1315674
1565683
1303069
1320567
1555528
1565682
1315675
1308406
1550567
1565688
1313547
1308338
1328567
1322567
1322587
1315672
1555670
1565681
1315568
1555673
1560967
1569567
1306339
1565680
1555529
1555671
1860967
