1587340
1519745
1397477
1587476
1587349
1354852
1527348
1597346
1521143
1397470
1387344
1357511
1588645
1519741
1378642
1510734
1507347
1500734
1521136
1387347
1387576
1588640
1397547
1519742
1521138
1387348
1357513
1397341
1507474
1517347
1387563
1597338
1357524
1588644
1378771
1519740
1521135
1376244
1521144
1517343
1387561
1587473
1507342
1387564
1521183
1387578
1509608
1507349
1521180
1509609
1521184
1387575
1376248
1521149
1387349
1517341
1597347
1519744
1587470
1357478
1357512
1397541
1588643
1521142
1397478
1587474
1521189
1597349
1387574
1507475
1509603
1397549
1397545
1597348
1378644
1587479
1517344
1357525
1357514
1589734
1378939
1390734
1387343
1517340
1397473
1360734
1378646
1509600
1519748
1376245
1507341
1511680
1588642
1507476
1390747
1521141
1517345
1370734
1387341
1351734
1378938
1387346
1507477
1509602
1387573
1588649
1376246
1380734
1509601
1507344
1587345
1511681
1511546
1357477
1517342
1587341
1521140
1521147
1387340
1511689
1387567
1597343
1511547
1511540
1357523
1527349
1519746
1597344
1387566
1588641
1509605
1587346
1372384
1378647
1519749
1521187
1507478
1387572
1507343
1378648
1511683
1378641
1397471
1376240
1521148
1357479
1376247
1397343
1587342
1580734
1511545
1357515
1390844
1507470
1387345
1511688
1397546
1517348
1521139
1511548
1597342
1397544
1387571
1527344
1397344
1527341
1519747
1380747
1387342
1378640
1378935
1387569
1588648
1507479
1590734
1357528
1378649
1511682
1587477
1378936
1521181
1397472
1521188
1376241
1397475
1511544
1511549
1587343
1587347
1509604
1387570
1507473
1397345
1511685
1517349
1354850
1588647
1587471
1587344
1509606
1597341
1527342
1587478
1527343
1397540
1521185
1519743
1387562
1597345
1511687
1597340
1521145
1511542
1370747
1507345
1517346
1587348
1527346
1520734
1378937
1357529
1397346
1587472
1507346
1527347
1587475
1357510
1387560
1397548
1521182
1397476
1354851
1511541
1376242
1511684
1527340
1597339
1521186
1372383
1509607
1521146
1387577
1511543
1507472
1378643
1507340
1511686
1588646
1527345
1521137
1376243
