1302746
1567341
1557471
1557540
1325734
1301716
1557557
1323734
1567340
1567470
1557547
1314233
1561667
1557548
1557554
1561606
1314234
1557096
1305506
1321734
1320305
1320304
1311754
1567472
1301717
1557476
1305405
1305406
1305505
1320734
1557095
1301618
1867344
1561630
1567475
1329734
1329858
1567545
1561664
1557344
1561632
1314239
1557545
1310034
1561665
1557473
1557559
1313504
1320307
1567544
1321269
1314230
1301619
1557090
1308724
1860734
1310734
1557470
1561631
1557479
1557341
1557091
1327230
1557345
1561670
1557346
1557556
1567346
1308734
1320306
1304724
1567477
1557546
1314232
1303734
1557342
1557474
1557670
1329863
1567542
1557340
1321268
1311734
1557553
1561669
1557551
1327231
1327234
1301734
1567345
1567476
1329857
1557092
1557671
1557673
1310704
1867341
1314231
1557472
1567344
1327233
1561668
1557543
1313534
1567543
1557343
1557347
1310026
1314237
1320309
1557672
1314238
1567471
1327232
1302734
1561671
1314235
1567546
1557542
1567479
1320308
1557093
1314236
1557558
1860747
1567549
1569734
1557544
1327221
1567342
1557549
1560734
1569747
1557094
1557555
1567540
1557348
1557099
1557098
1567541
1300746
1567478
1567547
1557477
1557550
1557478
1557541
1557552
1557349
1567343
1567474
1567548
1318716
1557475
1560747
1300734
1567473
1557674
1557097
1561607
