1585646
1585520
1515641
1595645
1520564
1521284
1370564
1585645
1505642
1385642
1515691
1386579
1585649
1386570
1515648
1396631
1595647
1585647
1385641
1521287
1585527
1585594
1595598
1595648
1595593
1395610
1386571
1521281
1386543
1515644
1385643
1505641
1505595
1386573
1367561
1385644
1515646
1505640
1595595
1515643
1367566
1373302
1385640
1585526
1585640
1521248
1521288
1350564
1525640
1585593
1396630
1395613
1396628
1521285
1515645
1373304
1386546
1515695
1500569
1585525
1595642
1585591
1525645
1386575
1595640
1373196
1396629
1367564
1385645
1395612
1585524
1585641
1505521
1585592
1386545
1595592
1595604
1385646
1521280
1396546
1373301
1396547
1595603
1395611
1595643
1521283
1595597
1590564
1580564
1521249
1373197
1595594
1585522
1525642
1515694
1585642
1386544
1505594
1505597
1385647
1396627
1515640
1396624
1396548
1505522
1386577
1515649
1515692
1396545
1515697
1585528
1595591
1373303
1521286
1525641
1585648
1585643
1373194
1585644
1595644
1363726
1585523
1500564
1396549
1515696
1396626
1585529
1363725
1505596
1351644
1386574
1363727
1360564
1510564
1390564
1505523
1595646
1386564
1525644
1521282
1385649
1595599
1505644
1515690
1595596
1585521
1373195
1369564
1595649
1515642
1521289
1373300
1585590
1525643
1396625
1515647
1386578
1585595
1595564
1505524
1385648
1505643
