1555609
1322580
1306342
1327584
1565646
1301402
1555600
1327588
1321564
1327581
1565642
1555607
1313542
1555641
1555601
1550564
1565643
1550506
1566564
1555606
1329564
1327582
1555642
1565640
1308403
1550505
1565649
1308504
1322588
1322564
1565641
1550502
1560964
1550507
1306343
1301403
1555605
1555640
1315564
1565648
1555666
1303403
1327580
1315538
1550508
1308404
1555604
1309342
1550500
1320564
1555667
1322586
1303402
1308503
1309343
1860560
1555603
1322583
1550501
1565645
1308502
1322582
1303542
1550509
1565644
1327564
1328564
1569564
1555602
1315539
1322584
1550504
1322581
1560564
1305302
1860964
1565647
1860564
1327583
1555643
1308509
1550503
1566568
1569568
1305303
1555608
1309341
