1598789
1596923
1509699
1398826
1357823
1520881
1596922
1398820
1589443
1357822
1518491
1590882
1520885
1518495
1520880
1510860
1589442
1509698
1357821
1357828
1598756
1398824
1375924
1398821
1357820
1380878
1357829
1518498
1596924
1398823
1398822
1528722
1596925
1398828
1518496
1589441
1375923
1352953
1510862
1357826
1598758
1398827
1592545
1596926
1510861
1388787
1357827
1596920
1375922
1398702
1598788
1598757
1375921
1520889
1360876
1510864
1596928
1398825
1518492
1388786
1520882
1596927
1592543
1357825
1588755
1518493
1375920
1510863
1398829
1520884
1352952
1370862
1518494
1596905
1357824
1592544
1588754
1390882
1589440
1518490
1596904
1528763
1588753
1589444
1518497
