1564807
1302040
1320486
1303040
1564706
1308850
1327470
1313495
1569470
1564703
1308853
1559889
1554703
1556072
1315470
1554708
1564806
1564702
1321470
1554700
1313494
1564707
1554702
1308854
1315090
1313493
1308852
1564701
1321498
1308855
1554801
1559891
1554057
1556069
1554800
1564708
1554704
1323470
1564805
1554049
1314528
1559890
1556076
1554803
1556075
1313492
1564835
1554701
1301512
1564804
1556070
1564709
1564700
1324598
1554707
1554006
1554802
1564836
1329470
1564809
1556067
1554009
1564800
1860470
1560470
1564803
1564839
1554058
1324084
1554047
1313470
1564801
1324599
1301951
1564837
1320470
1313496
1324085
1564808
1301511
1556068
1564838
1564704
1554705
1860481
1554805
1303042
1554008
1554048
1556073
1564802
1301952
1313497
1554804
1554007
1313490
1559892
1303041
1554709
1569093
1308470
1313491
1559893
1564705
1554706
1321499
1860480
1556074
1308851
1554059
1556071
