1383167
1583060
1378562
1583160
1513364
1513260
1507565
1378566
1372264
1510316
1593064
1510066
1393062
1503063
1513367
1522666
1393266
1520326
1523368
1507664
1383367
1503064
1523064
1593261
1393264
1370326
1507562
1383266
1523162
1513264
1523063
1507646
1517565
1593146
1512765
1513267
1351301
1509763
1383261
1583046
1510061
1583261
1522665
1583061
1513266
1383364
1358264
1373162
1383165
1513261
1383344
1593264
1378569
1378560
1583167
1528426
1393161
1350324
1507665
1583168
1393061
1351300
1383267
1364316
1583316
1350316
1523062
1378477
1383366
1512762
1593336
1393164
1593364
1523367
1509764
1503065
1503316
1360326
1523069
1512842
1393265
1593316
1583169
1510326
1593160
1510068
1593067
1583260
1593065
1503045
1378546
1583166
1522668
1580326
1523160
1370316
1393067
1378478
1510067
1507563
1593166
1393165
1528436
1583062
1593263
1523061
1512845
1512763
1593066
1503067
1513342
1503161
1510036
1512865
1372266
1358278
1383369
1503162
1513269
1583263
1593363
1378561
1383162
1507560
1508166
1373161
1583165
1393392
1383262
1512766
1373036
1580336
1510069
1507569
1375456
1378026
1512841
1383360
1383161
1523369
1513361
1512868
1393068
1522667
1583268
1517567
1393166
1393269
1500336
1520336
1512846
1383361
1372261
1513360
1593060
1383163
1393263
1372246
1507561
1580316
1383168
1523164
1512761
1503066
1378558
1583262
1383363
1508146
1590326
1593306
1512843
1373160
1373037
1393162
1523060
1513268
1507660
1523068
1373326
1393393
1383368
1358279
1523067
1393167
1383265
1507568
1517566
1510062
1393262
1393168
1503046
1510063
1593046
1507668
1508168
1393066
1351316
1378046
1383166
1583164
1372260
1512760
1513362
1503246
1523163
1513368
1590316
1583163
1378479
1378559
1358246
1593068
1513343
1383264
1383260
1507567
1358277
1503061
1593164
1593165
1512767
1393267
1378481
1513369
1513263
1503068
1509761
1393065
1393069
1393261
1372263
1593063
1517569
1513262
1593163
1375446
1510071
1378412
1351326
1503160
1510072
1523306
1513363
1510336
1372262
1510060
1390326
1500326
1358296
1523326
1393064
1583162
1507566
1583266
1583267
1507662
1512768
1507661
1508167
1593216
1523065
1378446
1503069
1522669
1378482
1393268
1593062
1360316
1512866
1507667
1512869
1393260
1383365
1378547
1380316
1383160
1523366
1510064
1500316
1383263
1509760
1512769
1507663
1523316
1503060
1512894
1383362
1593162
1520316
1583161
1583264
1593326
1358266
1393063
1593260
1360336
1510070
1393160
1507546
1383169
1517568
1507564
1383164
1507666
1523165
1523161
1390316
1513265
1593206
1523066
1372265
1512764
1513366
1378411
1350326
1503062
1378565
1583265
1512844
1509762
1513365
1510065
1512867
1593161
1508169
1593262
1378447
1383269
