1553165
1563260
1327364
1553065
1317217
1561363
1323161
1321547
1301321
1321541
1329265
1553343
1563267
1553263
1323068
1563262
1313164
1563263
1863164
1321544
1321545
1313160
1313167
1323069
1310316
1569014
1329264
1561365
1553066
1323162
1863166
1323169
1563265
1563166
1308205
1563264
1553063
1563167
1329046
1563066
1561260
1553064
1569013
1310326
1313161
1323164
1323163
1563069
1304316
1553164
1553261
1553266
1553267
1863165
1301208
1569483
1553166
1561261
1561242
1308204
1313166
1561364
1563061
1310336
1563164
1561367
1301194
1321543
1303149
1553341
1328832
1317212
1323065
1563261
1309130
1863168
1321540
1329262
1561262
1553265
1561369
1553167
1563161
1551261
1561241
1563060
1561240
1303181
1317213
1553262
1310306
1569016
1553061
1561263
1553268
1310245
1308207
1553342
1327361
1561366
1563165
1863167
1553344
1308206
1863160
1553160
1563062
1327360
1329260
1563068
1313169
1563063
1329261
1569017
1313168
1300143
1563160
1860316
1310249
1553269
1329269
1323067
1553062
1561368
1310246
1317215
1553264
1551264
1553161
1323165
1561361
1563269
1563163
1563065
1560316
1553069
1327363
1553260
1303180
1863169
1321549
1310669
1317214
1310248
1863161
1561243
1329268
1308208
1314315
1321548
1309139
1310247
1553168
1553316
1561360
1323066
1553340
1323166
1328887
1329267
1563169
1323168
1569046
1553067
1301193
1563268
1561264
1327362
1308209
1317219
1323167
1553068
1563162
1301200
1551262
1563067
1551260
1303148
1563316
1311370
1329066
1563266
1313162
1553162
1323160
1863162
1300183
1317218
1553060
1553169
1561362
1329266
1553163
1329263
1563064
1313163
1551263
1301148
1313165
1561244
1569015
1863163
1563168
