1864319
1324430
1310444
1559057
1315968
1319437
1324427
1554318
1321449
1312570
1315431
1564304
1554358
1564301
1308913
1310443
1559053
1321430
1306910
1325175
1560444
1317443
1554368
1308941
1313430
1303932
1569950
1554313
1860431
1317430
1564364
1325884
1317444
1319438
1554359
1566246
1325170
1560448
1307435
1320430
1310449
1317437
1564306
1310430
1564315
1566244
1315953
1554364
1554328
1554341
1564375
1552687
1306911
1314765
1323442
1310448
1310445
1308910
1308688
1554353
1554375
1325260
1552681
1564374
1315961
1312580
1319431
1315951
1329431
1564389
1306924
1554360
1864313
1317436
1864314
1307431
1566247
1860430
1303904
1301922
1300914
1559050
1317442
1564349
1564307
1560449
1560445
1564363
1325263
1321431
1303922
1864306
1317445
1313448
1554316
1321443
1303910
1564373
1315950
1310446
1566243
1552682
1554374
1307430
1314764
1559068
1313446
1554361
1325173
1319430
1307437
1317431
1319439
1308001
1864307
1325888
1560442
1569430
1323441
1310447
1552688
1564362
1559058
1550600
1566223
1308682
1315964
1315956
1300900
1303912
1566224
1554319
1559054
1314430
1324442
1554352
1303930
1864315
1308685
1325174
1552667
1301911
1552666
1307436
1566222
1321442
1307438
1564317
1564308
1317446
1301912
1569431
1554355
1313447
1312582
1569957
1564361
1317441
1554345
1322430
1554317
1317439
1564314
1323430
1317447
1317448
1554314
1566242
1317449
1552684
1301913
1329888
1308911
1554362
1325171
1303920
1308683
1554311
1303931
1308002
1312574
1864316
1554327
1300901
1308684
1324441
1323440
1307439
1306901
1301910
1324431
1559066
1317440
1564316
1317438
1554309
1566248
1306920
1300911
1564309
1324426
1300910
1550605
1322431
1325181
1564372
1315436
1321440
1552683
1569956
1566241
1566221
1308003
1554372
1564360
1301920
1554373
1560440
1554350
1325261
1315975
1325172
1308680
1554351
1554340
1314766
1315977
1559056
1318080
1303914
1554363
1303900
1554301
1560443
1308687
1318089
1559067
1324440
1560430
1310440
1306900
1327430
1564371
1300913
1315437
1559052
1308942
1552686
1864310
1564310
1301921
1306921
1323447
1306914
1566240
1564319
1564312
1560431
1321441
1554354
1303921
1864318
1864317
1308681
1323446
1308914
1301091
1552685
1315430
1554356
1552665
1566220
1323431
1303934
1566249
1554378
1554371
1559059
1560441
1564370
1310431
1303901
1327431
1313445
1310441
1307432
1554312
1559055
1306913
1324443
1308004
1321446
1315960
1323449
1313431
1569955
1552664
1564311
1564313
1554367
1308689
1317433
1312581
1308686
1554315
1564318
1306904
1303913
1321448
1564303
1554310
1552689
1552680
1315439
1319435
1321447
1323445
1325264
1560446
1550601
1307433
1323448
1864312
1315435
1554379
1310442
1308912
1554370
1303911
1314771
1564302
1554369
1559051
1319436
1307434
1554357
1314431
1325262
1552663
1327810
1554349
1554366
1554376
1560447
1325180
1313443
1566245
1554377
1323444
1554365
1300912
1329430
1564300
1308940
1323443
1864311
1306912
1317434
1315974
1313449
1314770
1564305
1315952
1317435
1320431
1554300
