1359617
1514316
1584407
1594315
1594817
1375618
1584313
1375645
1394495
1594308
1394499
1357883
1384487
1375663
1384409
1590446
1504306
1594309
1594417
1504317
1375668
1375667
1594415
1357864
1374404
1389489
1375638
1504409
1594834
1380439
1375628
1389488
1516436
1357868
1594784
1584305
1594878
1369430
1394498
1384491
1594875
1510445
1584417
1375695
1360433
1580441
1514318
1374488
1394485
1394300
1384481
1374401
1598100
1368985
1504438
1510447
1590449
1375601
1594833
1394406
1389483
1594418
1514307
1374314
1580430
1504406
1598107
1389476
1350445
1360440
1594416
1590445
1594808
1375627
1375694
1594818
1374498
1357879
1375666
1584308
1374418
1504316
1359607
1394405
1384303
1390432
1374497
1384302
1516435
1375664
1384415
1357882
1375655
1594317
1389477
1375619
1380433
1584314
1514315
1374315
1359618
1504431
1357878
1359605
1384417
1375684
1598101
1384488
1504411
1504401
1514408
1594813
1594872
1368984
1375692
1359611
1584413
1375646
1594314
1394301
1374496
1504307
1375647
1375633
1384316
1359619
1590444
1375605
1510444
1594307
1594407
1510446
1504314
1375600
1516434
1514417
1594811
1514308
1594783
1350443
1374489
1374407
1580440
1384317
1520430
1584406
1394408
1594836
1374419
1594402
1374306
1594409
1514301
1384490
1514407
1394497
1584408
1357893
1375637
1357899
1884318
1359606
1594826
1598102
1514401
1594823
1375665
1360439
1514309
1369431
1374406
1594871
1584419
1384416
1394486
1590430
1375606
1594805
1504436
1350433
1584316
1504308
1598109
1594816
1375626
1360431
1394492
1375640
1514314
1504400
1375693
1394310
1357876
1594306
1384418
1350431
1374307
1514400
1359610
1375654
1357889
1357871
1384310
1390431
1510440
1357894
1360443
1580431
1584315
1504403
1594408
1384480
1370436
1375686
1594835
1516438
1590443
1504315
1594824
1594829
1357895
1516433
1594401
1359609
1504417
1357877
1594812
1359613
1514406
1375620
1394419
1584405
1514414
1359642
1375613
1500430
1389485
1389482
1584414
1394319
1374304
1359603
1394411
1384300
1359602
1580448
1380437
1359649
1394414
1384309
1594410
1357888
1598103
1374416
1584302
1374313
1374481
1375634
1514415
1504309
1384496
1594411
1350479
1594873
1504414
1384318
1375639
1375658
1357898
1504412
1580443
1594838
1374495
1375653
1394400
1384410
1584307
1500431
1514300
1360432
1375687
1594802
1375612
1594821
1504408
1594405
1394312
1374409
1594301
1594316
1504437
1375621
1594815
1375648
1357870
1394487
1394407
1516430
1374486
1514312
1384482
1514402
1375642
1374480
1504302
1357874
1594787
1394401
1384408
1516432
1350441
1394410
1350470
1394491
1389484
1504313
1514413
1359608
1357887
1514419
1504405
1375649
1374417
1384407
1584317
1351441
1504300
1374494
1375607
1884316
1584404
1514305
1394318
1359612
1584403
1580449
1374400
1375659
1594302
1594305
1598104
1504435
1594876
1374318
1594412
1594406
1504434
1584410
1584303
1594832
1375603
1394416
1374411
1394494
1375681
1384301
1390433
1594303
1368982
1374487
1375652
1394490
1394313
1504415
1594807
1375625
1884312
1384319
1580442
1374332
1380435
1374312
1594809
1504402
1374408
1516431
1384400
1584310
1594403
1375615
1374319
1584318
1594810
1375660
1514412
1594313
1375650
1514313
1374414
1504301
1384406
1384483
1375631
1389480
1594789
1504312
1594822
1394409
1394311
1594312
1584409
1594801
1384498
1384411
1594819
1514416
1359615
1394317
1514403
1504407
1590441
1374483
1594828
1374044
1375624
1360436
1375699
1394482
1590431
1368983
1594837
1389481
1584412
1394493
1384499
1580445
1374484
1514411
1357897
1359644
1375688
1594414
1514304
1884317
1394480
1384419
1374415
1375604
1590442
1884313
1510430
1510441
1374302
1520431
1374410
1375632
1357896
1594300
1374311
1594780
1594788
1374493
1594879
1350448
1375641
1584309
1394304
1394489
1394402
1374405
1375680
1510431
1357886
1594304
1389486
1884310
1514310
1514303
1884314
1357885
1594400
1375609
1374303
1584319
1375623
1375614
1384412
1504304
1594804
1359614
1357875
1394413
1594830
1374482
1389479
1504432
1594318
1584416
1374316
1350086
1594874
1357863
1375651
1389487
1516439
1394403
1389478
1375616
1357860
1394415
1380430
1384313
1394315
1350447
1375698
1584300
1375689
1594419
1504311
1504318
1594413
1504410
1374310
1590448
1357881
1375683
1594311
1384493
1384405
1350440
1504413
1580444
1359645
1374300
1374485
1384304
1374403
1374492
1594782
1594785
1504433
1375629
1374402
1884311
1514410
1504418
1360430
1584401
1384413
1514404
1375622
1510443
1375657
1384306
1584304
1374490
1390430
1357862
1510449
1374412
1594803
1504404
1598105
1350085
1504310
1514311
1374499
1357884
1375636
1375608
1375661
1594806
1394418
1374309
1375690
1394404
1580446
1514405
1394483
1357867
1394496
1384485
1357890
1384315
1584311
1375643
1375697
1375669
1350449
1504305
1351447
1357861
1584301
1374413
1368980
1584400
1384312
1384486
1384403
1594786
1357891
1884315
1594319
1359600
1590440
1375644
1594310
1594820
1350080
1375630
1594877
1375602
1514306
1590447
1357873
1584418
1584402
1514418
1584411
1375682
1357865
1380431
1514302
1516437
1394306
1390439
1360442
1504319
1350439
1594825
1384314
1359616
1375617
1359646
1394484
1374308
1375691
1375696
1504419
1374491
1384307
1514409
1514319
1350088
1584415
1594814
1594839
1884319
1394308
1368981
1357866
1594870
1594781
1375656
1375662
1504439
1394316
1374301
1357892
1584312
1394412
1598106
1375611
1504416
1384414
1584306
1598108
1510442
1594827
1514317
1394417
1374317
1359641
1380432
1375635
1357880
1504430
1580447
1510448
1384305
