1894311
1331431
1534431
1336461
1894319
1339447
1530446
1532640
1894310
1334143
1534430
1332431
1890431
1894301
1333169
1334145
1338430
1330433
1532642
1336464
1338449
1530440
1336463
1334144
1530445
1894309
1333164
1335327
1333158
1332140
1332154
1894316
1334146
1332141
1534437
1530447
1339430
1335324
1334159
1336430
1894317
1894302
1335314
1335326
1894308
1334158
1894303
1336448
1332447
1336450
1334148
1330430
1334141
1331439
1894312
1894314
1530430
1530431
1336447
1330439
1894305
1334157
1334147
1532630
1332430
1894307
1533060
1334142
1894313
1894306
1894304
1333165
1894315
1336460
1890440
1333166
1338447
1533110
1333174
1530442
1330432
1530448
1534436
1533061
1336431
1335154
1334140
1335310
1336468
1338448
1335329
1335319
1338431
1333167
1333154
1334149
1330431
1890441
1333177
1890430
1332446
1530441
1336446
1336451
1333176
1532631
1530444
1335430
1332158
1335150
1336469
1336454
1339431
1333168
1335320
1331430
1339448
1894300
1532641
1530443
1339449
1335311
1894318
1333175
1335431
