1398694
1582799
1399797
1399798
1502735
1502727
1582798
1517154
1587186
1592604
1359740
1590862
1580722
1527113
1527123
1359399
1380722
1587184
1597229
1359390
1502726
1354599
1592603
1527114
1502729
1398692
1517157
1397261
1590861
1597228
1590722
1587183
1582691
1527116
1587193
1587188
1582689
1359398
1378991
1517156
1359745
1517151
1502728
1388695
1388698
1582793
1582688
1390722
1587187
1597199
1397262
1387297
1592606
1397294
1359397
1510722
1527115
1582693
1360722
1397293
1597227
1587189
1502732
1592605
1582794
1502725
1387296
1359744
1527119
1592609
1592608
1502733
1359393
1350722
1354596
1527122
1582690
1582795
1527117
1388697
1359743
1520722
1587190
1592607
1397263
1502730
1527120
1527121
1597197
1359394
1587191
1597198
1388699
1582797
1354597
1359395
1359742
1398695
1397218
1527118
1582692
1517153
1587192
1399796
1358130
1517152
1582796
1502731
1359396
1397217
1397292
1500722
1370722
1359741
1387298
1398693
1354598
1587185
1373340
1517155
1358131
1387299
1399795
1397219
1590860
1502734
