1304286
1561492
1311725
1327768
1304288
1311711
1327749
1308514
1323553
1557285
1304713
1311433
1562928
1303538
1860864
1557284
1569728
1327746
1308512
1311712
1303535
1327747
1304714
1327748
1303539
1311432
1567118
1309834
1560722
1309429
1303537
1327745
1323552
1313599
1557283
1326497
1567113
1303534
1309426
1309832
1326498
1557282
1557289
1567119
1557228
1327744
1860866
1562927
1304284
1567116
1557290
1554909
1557281
1327769
1309833
1310073
1309329
1327728
1304285
1567117
1557230
1557280
1557287
1329720
1303536
1323555
1557229
1327767
1567114
1557288
1325728
1561493
1304289
1311724
1304287
1557286
1567115
1557231
1562929
1309425
1323554
1304712
1308513
