1514962
1378947
1594758
1510477
1513482
1394771
1504773
1594717
1514773
1504734
1514975
1384773
1504941
1373487
1514751
1504876
1590477
1504779
1584979
1524737
1514941
1372208
1524845
1594737
1584747
1514948
1524840
1524779
1504476
1584972
1504759
1504772
1384778
1524849
1504946
1378967
1504877
1524772
1504947
1514955
1589494
1514961
1504940
1514750
1394847
1504730
1504778
1514776
1594773
1589493
1514968
1580489
1593495
1524773
1513491
1513488
1584772
1378957
1514958
1584730
1504774
1384774
1514967
1375407
1594736
1504879
1524778
1378977
1594763
1504479
1504988
1394772
1514965
1584771
1384771
1514777
1589483
1513485
1514956
1504731
1394877
1504477
1580481
1514947
1584978
1375417
1514966
1514976
1580480
1503489
1378974
1394777
1514964
1504713
1384847
1504985
1514957
1504492
1504870
1594739
1584731
1504775
1504878
1504739
1513484
1524770
1524843
1513494
1594940
1594759
1520480
1584974
1394817
1514959
1514977
1504944
1514946
1504957
1592457
1514942
1584707
1504987
1584975
1524846
1372219
1504776
1350067
1504732
1592440
1524771
1384772
1514775
1524847
1394778
1384877
1513480
1594945
1513486
1514774
1374777
1514972
1514945
1592458
1504959
1384776
1514951
1594749
1514978
1520477
1504871
1504738
1384854
1504945
1394837
1589499
1524776
1580487
1589498
1374779
1593497
1514950
1513489
1394770
1394867
1513481
1514973
1504733
1592448
1394779
1594772
1514753
1524848
1504490
1504473
1514943
1394737
1584770
1514979
1514770
1514779
1384775
1351477
1500477
1524841
1394775
1524777
1514944
1384770
1504872
1594750
1504777
1594707
1504770
1504737
1504491
1589490
1372207
1504873
1513492
1504942
1504714
1351487
1394773
1394887
1504989
1394776
1384797
1374778
1504874
1524739
1594733
1524774
1584970
1384879
1593498
1384737
1514754
1514771
1504839
1524844
1384867
1363477
1504943
1372217
1514971
1504474
1589491
1504478
1594726
1504771
1593490
1592450
1514952
1580484
1594742
1589497
1504948
1580485
1584976
1373477
1524775
1594765
1384777
1514953
1513487
1584971
1384857
1514970
1514778
1504736
1513493
1394774
1504986
1580477
1514940
1589492
1513483
1384779
1504958
1514974
1514752
1514949
1514963
1514772
1394857
1504475
1584973
1504712
1370477
1504949
1504875
1589496
1514954
1584709
1594949
1594727
1584977
1384837
1360477
1524738
1589495
1524842
1513490
1514969
1514960
1584737
1373483
1504735
