1304176
1556010
1554866
1308719
1564870
1554859
1554820
1315088
1328483
1556021
1566189
1564777
1328484
1554046
1564879
1566197
1308155
1559877
1564772
1323483
1319083
1554079
1327477
1566182
1559862
1564878
1301507
1313484
1554033
1554852
1566188
1313477
1559871
1554861
1315089
1556009
1554853
1554851
1564778
1554867
1559875
1556031
1566187
1312144
1556000
1556022
1559863
1554773
1559870
1313485
1564871
1554822
1303477
1554038
1311350
1554860
1559874
1566176
1864727
1566174
1301957
1300957
1566194
1559884
1320487
1564771
1311353
1559878
1554864
1556015
1564770
1569097
1556008
1554850
1320484
1556030
1319080
1554772
1554775
1864718
1564874
1566177
1556001
1301517
1556034
1559879
1554818
1864717
1559873
1556023
1566175
1559869
1554854
1556016
1308477
1308029
1311351
1566195
1323477
1320485
1324590
1321483
1313486
1315477
1564875
1319081
1556007
1556024
1554865
1566186
1554863
1564779
1554045
1554078
1566172
1320477
1559868
1554855
1554774
1559872
1556029
1556006
1554821
1556033
1556002
1329487
1566185
1313487
1556013
1556018
1315086
1327489
1554031
1329477
1556025
1566192
1566171
1569477
1328477
1556005
1554037
1566184
1556032
1556003
1314177
1566178
1554862
1564775
1556028
1315087
1566170
1554868
1564872
1554777
1560477
1556026
1324591
1559880
1566193
1566198
1864719
1554778
1554036
1566179
1556014
1554030
1559866
1554856
1554819
1860477
1312694
1559881
1564873
1566173
1554857
1566180
1559865
1556004
1319084
1556011
1302044
1559867
1566191
1328485
1554779
1564877
1556017
1566199
1554077
1329489
1321477
1329696
1556027
1554039
1315085
1556020
1554034
1322477
1323484
1327487
1554771
1564774
1559882
1321484
1860487
1556012
1554776
1554035
1559876
1566181
1301527
1556019
1564776
1564876
1559864
1554869
1308718
1554770
1321485
1566183
1319082
1554858
1559883
1313488
1566196
1311352
1564773
1566190
1554032
