1399030
1399039
1355053
1398037
1389032
1390903
1379552
1528374
1399034
1377885
1588331
1598431
1354823
1528234
1379554
1528376
1588432
1379553
1598432
1356831
1528375
1355055
1389034
1519646
1399031
1377882
1380816
1354768
1588330
1389039
1528233
1598333
1356830
1518330
1518331
1360816
1519647
1588333
1528232
1399032
1389030
1528377
1354767
1518224
1508232
1588430
1377887
1350807
1354765
1528235
1589274
1389036
1528239
1588433
1518333
1588332
1528231
1518334
1528378
1398036
1519648
1389031
1356824
1519645
1528236
1598334
1377884
1528238
1588431
1399036
1377880
1508233
1519649
1598331
1518222
1518332
1528237
1373490
1389038
1354766
1399035
1354822
1377889
1588434
1355052
1354769
1589272
1518223
1598434
1588334
1377883
1528379
1598332
1528230
1399038
1355051
1377886
1389037
1389035
1589273
1518221
1351840
1370816
1379550
1508235
1589270
1399037
1508234
1355050
1377881
1373491
1598330
1399033
1598433
1528373
1518220
1377888
1598430
1389033
1354824
1589271
1379551
