1314790
1301983
1314974
1554203
1314791
1313063
1327426
1566351
1310416
1305046
1323689
1564061
1319416
1564066
1860406
1301982
1564163
1554200
1860496
1564060
1323816
1314792
1322416
1323686
1554162
1569899
1860416
1569426
1313060
1564067
1321416
1560496
1566350
1314973
1564165
1554201
1550266
1554164
1323894
1323688
1564063
1327416
1554163
1569870
1554283
1313062
1314976
1308129
1564064
1300934
1550265
1314970
1566345
1313066
1564166
1564065
1564062
1564169
1308128
1564160
1310426
1328416
1566346
1324392
1305042
1564167
1313065
1305045
1554204
1554281
1313416
1312416
1323685
1566347
1314978
1305044
1324391
1305043
1313064
1566352
1550267
1560406
1300826
1300935
1323416
1315416
1554282
1564162
1305047
1560416
1301981
1305040
1564068
1313061
1315424
1554284
1566349
1564161
1305049
1564069
1569416
1300933
1314789
1320416
1564168
1564164
1323687
1308127
1566348
1554161
1305048
1305041
1554202
1554160
