1350046
1363498
1524166
1508419
1514263
1374065
1514266
1384062
1594069
1504268
1389787
1504166
1394060
1514166
1524152
1514168
1594060
1384068
1389786
1359127
1584166
1394163
1370006
1384168
1374169
1524135
1390406
1517405
1524163
1514260
1594166
1524137
1360496
1380416
1524151
1504161
1394066
1513419
1389785
1510416
1374166
1504162
1514163
1370406
1351606
1350416
1374067
1384069
1524136
1384063
1374064
1508414
1370496
1504269
1517407
1500428
1512401
1500423
1384064
1384169
1394166
1514167
1524164
1584167
1384066
1504167
1513416
1374161
1594160
1514160
1514268
1363494
1504169
1517423
1508417
1500422
1524161
1504168
1394165
1520414
1374163
1370416
1594165
1389782
1500980
1524150
1394065
1524168
1500989
1516419
1504266
1500420
1359129
1384163
1517420
1390496
1594063
1384161
1504261
1374160
1584169
1384065
1394064
1524162
1514264
1384162
1524167
1594065
1389839
1584160
1517406
1504267
1517422
1384067
1594163
1520413
1374168
1508412
1584168
1594066
1384160
1590416
1514165
1594169
1374069
1504260
1504263
1513417
1517425
1594064
1504160
1584161
1520416
1520412
1512403
1517409
1384165
1514162
1594164
1514267
1374162
1508418
1514164
1394067
1374066
1508415
1504262
1394063
1394162
1516417
1594061
1394169
1512404
1520411
1374165
1384164
1374061
1359126
1514262
1594067
1524169
1360416
1394062
1584162
1517408
1394161
1517428
1512400
1384167
1524160
1389789
1394061
1517424
1594161
1520415
1594162
1374063
1508410
1370016
1594068
1504265
1513415
1514265
1584163
1374164
1394167
1359125
1374167
1594062
1508413
1594168
1524154
1504164
1524165
1584164
1504264
1394069
1514269
1512402
1504165
1363496
1516415
1384166
1594167
1384060
1520410
1508411
1384061
1516418
1500981
1517427
1514161
1580416
1350406
1374068
1374062
1500416
1394168
1508416
1394068
1359128
1514169
1514261
1389835
1389783
1517426
1584165
1351416
1524153
1500982
1513418
1394164
1504163
1363497
1516416
1390416
1517421
