1334589
1895844
1330679
1337689
1896791
1890579
1895798
1335589
1338579
1532598
1890679
1333579
1896937
1532579
1330579
1333599
1898944
1337380
1533692
1337384
1534589
1895843
1339579
1896797
1896790
1330589
1895799
1336293
1896936
1895796
1895841
1334590
1896744
1337381
1333598
1898941
1896745
1336292
1532595
1336294
1534579
1898940
1895847
1895840
1532596
1333592
1333597
1531497
1532594
1339689
1896793
1895797
1335706
1896747
1339679
1896792
1533691
1333595
1336291
1898943
1531496
1338866
1896741
1338845
1532589
1330689
1333591
1895848
1337579
1896794
1532590
1896799
1896746
1898942
1335705
1333596
1532599
1532593
1531499
1895794
1895845
1337383
1333590
1337249
1332579
1896938
1896740
1895795
1336290
1336299
1338846
1530579
1533693
1532592
1338865
1531498
1896748
1890689
1530679
1333593
1895790
1333589
1896939
1336298
1332599
1337589
1339589
1890589
1895791
1336297
1896749
1533769
1896796
1338589
1334593
1533690
1530589
1895846
1895842
1896935
1532591
1895793
1335579
1333594
1336295
1332589
1896742
1334579
1334591
1334594
1337382
1896795
1532597
1896798
1335704
1334592
1336296
1335703
1531495
1896743
1895792
1530689
1895849
