1560579
1324883
1305897
1306593
1860656
1328294
1555867
1566964
1317491
1315792
1304991
1321622
1300265
1304996
1306462
1325579
1311687
1306469
1309464
1311579
1566958
1860679
1560679
1328579
1328297
1315797
1569587
1317496
1315790
1317490
1565891
1301796
1308465
1305896
1324885
1328293
1566959
1310625
1318449
1565898
1566962
1566967
1310624
1555791
1324889
1565796
1306595
1328292
1323579
1321626
1304999
1566952
1317499
1315799
1300466
1328298
1306590
1301795
1308466
1329149
1566966
1566951
1555790
1328251
1310623
1555793
1565799
1324886
1306463
1565890
1325109
1566961
1329158
1317493
1304994
1565797
1317498
1304997
1566968
1565893
1328291
1317492
1555794
1303366
1324849
1306598
1300464
1328299
1324880
1300467
1860688
1566953
1565791
1324887
1315794
1322125
1315793
1566950
1310622
1305895
1566954
1555795
1565794
1565899
1306466
1301798
1565892
1560589
1566957
1310621
1324888
1566969
1320579
1306597
1310579
1309465
1315796
1317497
1566960
1317495
1308566
1306596
1300465
1325099
1860589
1324846
1328589
1329589
1560689
1306465
1305899
1328289
1321621
1325589
1566963
1301797
1555796
1317494
1310640
1310620
1860579
1310641
1550579
1321624
1304992
1308567
1555868
1328290
1306464
1321679
1565795
1310559
1329157
1322127
1555797
1566955
1306592
1316580
1324882
1565895
1565897
1309466
1323589
1322129
1565790
1310626
1566956
1321620
1550589
1565792
1324848
1304995
1569579
1860689
1555798
1303425
1309587
1322126
1310642
1328296
1321625
1320589
1315795
1306599
1327679
1315798
1565894
1322149
1329159
1306594
1306468
1324881
1555869
1315791
1306461
1301799
1304998
1322128
1321623
1565896
1555799
1565793
1860655
1311689
1860654
1328295
1565798
1309579
1301794
1309589
1304990
1327689
1304993
1860657
1310589
1566965
1329579
1308464
1308565
1555792
1306460
1306591
1324847
1324884
1305898
1302467
1309588
1311688
