1385893
1373898
1502452
1508823
1356691
1526730
1373241
1377752
1506802
1375092
1595795
1585899
1386895
1373890
1375894
1508828
1515891
1373579
1396796
1385792
1516791
1516796
1350579
1506704
1585890
1398944
1385899
1505850
1375794
1380679
1505851
1595794
1596793
1525797
1396741
1592595
1585795
1396748
1592420
1395846
1510579
1377791
1356676
1586928
1598851
1396793
1502454
1505782
1395797
1580589
1516798
1515793
1586794
1505865
1373569
1526740
1373576
1582577
1375897
1525792
1586893
1592426
1505796
1525896
1386794
1357591
1505858
1356675
1595792
1586927
1585792
1386894
1598852
1398941
1515894
1396743
1356692
1385892
1373899
1373566
1386792
1356693
1358864
1592427
1586898
1595895
1373893
1351698
1515899
1515790
1506796
1375096
1351696
1526739
1357594
1585797
1502457
1380678
1506709
1395796
1586894
1385796
1595841
1375797
1373896
1396792
1525894
1395798
1596799
1585796
1508820
1525899
1506804
1596790
1526733
1586793
1526863
1585896
1398942
1526797
1500589
1526790
1375892
1358698
1502438
1585793
1375097
1506805
1595791
1375796
1506797
1515791
1373561
1516797
1351697
1502456
1351699
1595896
1505794
1595793
1502455
1386796
1395845
1396747
1385890
1585895
1351589
1582579
1508825
1592596
1592597
1358695
1506790
1360572
1505784
1500579
1585794
1375899
1585893
1351691
1370679
1358863
1598858
1585790
1377754
1373564
1516794
1502439
1395795
1390679
1526737
1373891
1395847
1373567
1526798
1360679
1526864
1356670
1505795
1515795
1525893
1505853
1525795
1381990
1506806
1595844
1373897
1588896
1592591
1396742
1381998
1385799
1373578
1506799
1350659
1385891
1396794
1386798
1360069
1595893
1586895
1351689
1592424
1526738
1505852
1370689
1375098
1356677
1390689
1526741
1516795
1510589
1585791
1358862
1582576
1596792
1526791
1598850
1520579
1526731
1375898
1515896
1373572
1395844
1506791
1370579
1592429
1373573
1356694
1585894
1595840
1508822
1373244
1351690
1515794
1398940
1375799
1395843
1373562
1525798
1506807
1385794
1588899
1595843
1592590
1586790
1586897
1525892
1586799
1596797
1586896
1506798
1598857
1351579
1598855
1588895
1595846
1515893
1377792
1356695
1505855
1506792
1526734
1505792
1386799
1381993
1585799
1586797
1370589
1592598
1526869
1592592
1395793
1508824
1385791
1373894
1526736
1375890
1385797
1381995
1506707
1351693
1508827
1386791
1358861
1596791
1375793
1526861
1356699
1592423
1595799
1590579
1375099
1586926
1526799
1526792
1356671
1505793
1595894
1590589
1515895
1395842
1377751
1375798
1502451
1526860
1588890
1515797
1390579
1515892
1588894
1358866
1595798
1396745
1373570
1595890
1525891
1375893
1595897
1373565
1350689
1525897
1506808
1585798
1356672
1525890
1586798
1506708
1598859
1357598
1506793
1386890
1586929
1373892
1582575
1592599
1351684
1596798
1502458
1373895
1381992
1358697
1505854
1502459
1526732
1526862
1586899
1516792
1595891
1356696
1515796
1375891
1505790
1350658
1526735
1525793
1592422
1505799
1375790
1358867
1373560
1588898
1357599
1356678
1506809
1596796
1396790
1508821
1505857
1515898
1373568
1502450
1526867
1585897
1590689
1396749
1505780
1396744
1395790
1582578
1526866
1506759
1525898
1357593
1358860
1588891
1508826
1595845
1351692
1386898
1373575
1385790
1526796
1375094
1360059
1506705
1525796
1526793
1373571
1377750
1592593
1395791
1373242
1598853
1595898
1586792
1385895
1358868
1360582
1505856
1588897
1525794
1395849
1356674
1596795
1525799
1588892
1598856
1351695
1592421
1357597
1595797
1396791
1396798
1506794
1356697
1505791
1516793
1586796
1588893
1586892
1505798
1506803
1356690
1586890
1585892
1595790
1375791
1515897
1395840
1526795
1505783
1350589
1357569
1586795
1373563
1506706
1595899
1375895
1585898
1398943
1505797
1526865
1377753
1525790
1396795
1508829
1598854
1592425
1526794
1506758
1595848
1505866
1373243
1505867
1590679
1505781
1360689
1595796
1516799
1585891
1520589
1595892
1516790
1596794
1385798
1373574
1526868
1373577
1358869
1515890
1525895
1506795
1381999
1351679
1386795
1395799
1592594
1380677
1586925
1350679
1595842
1381994
1351694
1515792
1592428
1595849
1595847
1396746
1502453
1385894
1375093
1525791
1360589
1357592
1390589
1357596
1505859
1385898
1586891
