1503724
1589078
1513724
1378386
1593668
1383728
1589681
1509000
1599387
1523659
1523724
1374929
1583631
1583634
1583721
1393727
1589077
1583726
1599380
1513653
1593726
1509004
1393868
1593667
1509396
1522617
1583630
1370346
1350397
1503723
1582468
1523651
1523658
1378372
1523721
1378380
1593682
1383722
1383727
1513725
1508304
1503722
1522618
1583632
1378381
1520372
1503998
1513729
1378388
1508307
1599388
1589684
1374926
1599410
1582469
1360372
1523652
1593669
1509395
1523657
1510372
1589680
1522619
1523727
1370072
1359814
1351372
1393997
1503728
1383726
1508306
1523722
1394950
1513728
1529048
1593728
1523720
1522614
1508309
1374927
1503999
1589683
1383720
1508302
1513887
1356909
1378383
1583635
1599382
1583723
1523653
1529045
1356904
1509394
1583633
1599412
1583720
1503729
1393720
1593720
1359813
1593721
1360346
1503721
1384926
1503997
1522613
1508303
1383725
1500372
1393723
1356908
1503720
1513720
1503726
1599413
1590372
1374925
1356905
1359812
1513889
1390372
1599381
1513726
1529046
1393999
1580372
1509393
1593649
1589686
1582462
1522612
1599411
1593722
1589685
1523725
1593680
1513721
1360862
1378382
1582464
1503727
1599384
1583638
1523654
1583725
1583722
1599414
1508308
1513650
1359811
1593646
1523729
1599386
1394953
1508300
1583639
1589687
1503996
1509392
1384927
1582465
1582461
1393729
1593723
1513727
1513654
1356907
1356902
1378385
1529049
1383723
1509399
1582460
1384924
1593725
1523655
1589075
1359810
1593666
1593724
1393722
1509390
1523726
1350346
1374924
1508301
1394952
1593645
1589688
1593647
1513722
1593683
1599385
1503725
1384925
1393721
1599383
1503995
1394954
1509398
1522610
1378384
1522611
1356906
1583729
1509391
1589682
1393725
1523656
1593665
1583728
1583727
1522615
1583636
1509002
1513651
1593729
1582463
1370766
1582466
1356901
1589689
1394951
1351383
1593684
1374928
1513723
1383729
1513888
1589079
1393998
1589076
1508305
1370372
1523728
1509397
1522616
1583637
1393728
1582467
1509003
1593648
1583724
1593727
1513652
1523723
1509001
1529047
1523650
1593681
