1551488
1863908
1312443
1325306
1553720
1563721
1329082
1563722
1314040
1321325
1553721
1567078
1564954
1551512
1324302
1551884
1308386
1551889
1551484
1306440
1554403
1566407
1563725
1551503
1308387
1551482
1551483
1321327
1560384
1325300
1551726
1553726
1551401
1563723
1310372
1551883
1551888
1551402
1321326
1569060
1551729
1325301
1553725
1306441
1551500
1551517
1551510
1553729
1564953
1566406
1322399
1563724
1308372
1551519
1569061
1561746
1563726
1300759
1301752
1554402
1551881
1551502
1325305
1553724
1551728
1551400
1567075
1553728
1551509
1551725
1551480
1313720
1302759
1553727
1551720
1322372
1563727
1551518
1567077
1551882
1561799
1325302
1308385
1551508
1551515
1325303
1551481
1554400
1551877
1567261
1563729
1860372
1551501
1310362
1310172
1551878
1325304
1551507
1551516
1551489
1563720
1551880
1554401
1560383
1324300
1551506
1329079
1553722
1313719
1321328
1312441
1551513
1306444
1863906
1325307
1551722
1313721
1551879
1551514
1551486
1863907
1551505
1551787
1306442
1321329
1551887
1551723
1553723
1551886
1564952
1314041
1560372
1551885
1551727
1300769
1567076
1551487
1312442
1551724
1551511
1554404
1561745
1551485
1563728
1306443
1567079
1324301
1551504
1551721
