1569414
1320428
1569424
1313010
1313038
1305021
1313013
1564149
1305024
1308138
1554278
1569895
1327414
1569896
1564148
1308139
1305025
1321414
1303073
1564147
1301967
1328414
1308136
1564142
1312414
1564143
1323669
1313039
1303072
1305026
1323822
1313014
1305027
1313011
1560414
1564146
1305022
1308137
1564140
1566340
1305023
1308135
1323668
1310424
1564145
1566341
1564141
1310414
1564144
1319414
1560424
1320414
1320426
1322414
1860424
1313414
1305029
1860414
1300922
1313012
1301968
1305020
1323820
1315414
1305028
1323414
1560494
