1374240
1394246
1374141
1394144
1524190
1584146
1594149
1384240
1384147
1384242
1390414
1524191
1517404
1517413
1374246
1514140
1384244
1504069
1394145
1384146
1384140
1584144
1394140
1504148
1374241
1394243
1508427
1394244
1524192
1374147
1384144
1517412
1384245
1514141
1394249
1517401
1384143
1374142
1504147
1517402
1504068
1584145
1524143
1504141
1594146
1394241
1374245
1594143
1384246
1504140
1374140
1500414
1513414
1584141
1374145
1524144
1594144
1517403
1580414
1394147
1394148
1508426
1374244
1504142
1590414
1594145
1584140
1384247
1394247
1594148
1380414
1517414
1517400
1374148
1370414
1508429
1504149
1594141
1504143
1524142
1394240
1514142
1374243
1384145
1350044
1584143
1384248
1594147
1394141
1524141
1374143
1394248
1390494
1390424
1584148
1384149
1514143
1594142
1508428
1374242
1524140
1374249
1504144
1389820
1394149
1384249
1394245
1384141
1394242
1374146
1517411
1594140
1584149
1524193
1514144
1384241
1384243
1374248
1584147
1510414
1504146
1350414
1394142
1504145
1508425
1384148
1584142
1374149
1374144
1384142
1370014
1517410
1374247
1394143
1524194
