1305997
1315728
1315721
1565725
1325092
1322120
1305891
1328572
1325206
1305998
1550572
1320582
1308392
1555728
1311572
1322121
1305995
1323572
1315720
1309484
1315729
1318442
1313652
1560672
1565726
1555722
1322122
1325200
1565728
1305892
1313654
1309485
1555721
1565727
1308390
1560582
1325572
1305893
1560682
1325221
1322123
1315727
1305996
1321642
1309584
1305894
1569572
1318522
1321651
1555720
1325220
1325202
1555727
1325207
1305992
1323582
1310572
1321650
1860682
1322124
1301790
1860672
1325208
1308391
1329572
1313651
1555726
1309585
1300426
1555729
1305994
1325201
1300261
1321652
1550582
1305999
1560572
1325205
1315724
1300427
1555725
1329582
1301791
1328582
1325209
1321655
1309572
1315725
1305993
1305991
1321653
1313650
1325191
1315723
1325204
1313653
1321656
1300425
1565724
1325192
1860572
1565729
1305890
1315726
1325203
1325582
1315722
1555724
1320572
1321672
1311682
1310582
1309486
1860582
1321654
1305990
1555723
