1338841
1533696
1530582
1333683
1896928
1533699
1334572
1333572
1330572
1532572
1896726
1890682
1339672
1896725
1895728
1338869
1336226
1336220
1895729
1334582
1896929
1332618
1896727
1332572
1533697
1336227
1534572
1335582
1337572
1896724
1895727
1339572
1336228
1890582
1339582
1337582
1332615
1333582
1336223
1533694
1332592
1895726
1533762
1530682
1338582
1333685
1332616
1532547
1332582
1533695
1336224
1330582
1532546
1330682
1339682
1330672
1332617
1532582
1895724
1896729
1890672
1890572
1533698
1532548
1895725
1338572
1336221
1896926
1530572
1336222
1532549
1530672
1336229
1333684
1336225
1896728
1896927
1335572
