1506721
1373823
1373511
1358791
1373519
1351123
1596821
1596824
1396728
1375726
1590672
1596829
1580582
1358729
1350582
1526821
1526873
1395727
1370653
1351582
1596724
1356795
1585724
1585728
1508837
1595724
1356725
1396729
1373821
1508834
1373512
1586823
1525722
1586829
1596822
1506722
1381920
1373513
1370572
1526872
1370652
1373820
1373238
1351126
1585727
1520582
1508831
1596723
1525721
1506723
1580572
1375728
1526874
1390682
1396726
1596720
1370672
1386827
1386727
1375707
1526826
1516720
1395728
1508835
1375721
1351125
1375422
1395725
1590682
1373239
1596828
1396725
1358720
1508830
1373517
1381925
1526828
1375729
1586828
1585726
1526871
1508832
1595727
1595722
1386825
1596827
1375723
1510572
1525720
1595720
1526823
1506724
1381922
1506729
1356723
1370682
1516721
1590582
1596820
1515725
1586820
1385727
1386726
1351121
1586825
1506725
1396724
1386826
1508838
1373237
1358721
1596826
1508833
1350672
1526820
1516722
1585721
1373514
1356724
1350572
1386829
1525726
1375722
1595728
1506728
1515724
1390582
1375420
1375423
1351127
1506726
1510582
1515720
1351120
1386729
1516729
1358727
1358794
1586822
1373236
1373515
1351122
1526870
1390672
1595721
1375706
1525725
1390572
1596825
1356799
1585720
1375708
1375421
1381923
1395726
1520572
1395724
1356798
1500582
1385728
1526825
1526829
1381928
1516723
1500572
1586827
1356729
1386828
1386728
1381927
1516728
1358726
1526822
1356796
1373518
1595725
1506727
1358792
1515721
1596722
1385729
1386724
1586824
1375724
1358725
1358722
1373516
1373824
1596823
1516727
1395729
1516725
1526824
1370582
1381929
1515722
1585723
1508839
1595726
1356722
1525724
1373510
1595729
1596721
1358790
1356797
1506720
1373822
1351124
1585722
1586826
1586821
1515723
1381921
1358723
1375424
1396727
1351572
1386725
1385726
1585725
1381926
1516726
1525723
1585729
1526827
1595723
1358728
1525727
1516724
1356727
1590572
1508836
