1379479
1371987
1392639
1597565
1581307
1382985
1511948
1390252
1501814
1370967
1371988
1501812
1392638
1511949
1521814
1392439
1581914
1508958
1598629
1591642
1382767
1382495
1392201
1372560
1370305
1581913
1591709
1501813
1587514
1382984
1382762
1597566
1370267
1382983
1375164
1372562
1509982
1379477
1581915
1392200
1382765
1375163
1501635
1382982
1598627
1379476
1508956
1370280
1582034
1581916
1501499
1382768
1598628
1382763
1511945
1587518
1382987
1392630
1392202
1597568
1501634
1591708
1521817
1382980
1598625
1392635
1597567
1382496
1370281
1371985
1392631
1380972
1350021
1379475
1382498
1372561
1591707
1581917
1511946
1382497
1581918
1521818
1597569
1581308
1508959
1598626
1587517
1382499
1350149
1382986
1392636
1372564
1587516
1392632
1582036
1511355
1382981
1521815
1581912
1581309
1382766
1382760
1392633
1508957
1591643
1382761
1511353
1511354
1382769
1379478
1382989
1521816
1511947
1392637
1392634
1581919
1587515
1382764
1501815
1382988
1591644
