1508842
1375741
1385830
1595828
1356657
1373611
1596788
1377711
1586787
1356658
1356742
1350668
1395829
1373211
1596786
1525828
1586783
1599029
1356603
1506743
1885804
1596847
1358675
1398932
1525814
1377797
1358680
1596893
1599057
1508881
1598864
1373845
1395838
1377725
1595789
1380581
1885800
1525788
1526787
1373884
1395839
1506744
1585848
1588819
1398930
1385787
1525787
1508883
1385780
1582427
1590654
1508886
1505845
1505824
1525784
1516856
1516850
1515836
1588809
1586725
1525820
1505744
1582422
1395745
1585841
1582429
1588802
1525817
1360588
1381988
1595825
1505886
1385836
1356663
1592437
1356638
1526839
1377710
1358651
1525823
1388441
1373619
1386787
1582450
1588816
1596898
1505803
1358665
1396839
1356749
1360584
1398935
1582457
1358693
1580584
1378007
1356744
1356790
1380582
1396820
1385820
1396838
1381981
1358662
1385745
1373849
1380665
1377796
1395820
1590574
1515839
1380588
1377703
1370684
1586784
1586958
1525785
1358690
1599050
1377724
1586788
1373210
1586726
1395821
1505844
1506740
1599055
1516859
1596896
1373616
1506742
1510574
1885801
1388446
1596894
1582451
1588803
1505804
1596805
1586758
1390668
1588851
1590653
1358672
1596848
1586952
1582456
1586933
1398938
1385783
1526788
1885805
1516853
1586757
1375747
1385823
1356650
1590657
1377717
1375740
1525824
1358654
1356630
1386781
1508845
1385742
1350688
1377704
1395828
1377799
1373889
1385782
1516858
1356745
1588808
1525812
1356746
1395836
1516818
1358692
1396830
1378006
1356606
1586748
1525747
1596895
1582423
1385839
1596897
1358659
1582428
1350588
1385789
1595883
1592433
1395787
1377713
1380589
1351574
1377718
1396821
1356605
1510584
1373607
1380664
1396787
1586731
1388440
1373617
1395822
1385749
1385833
1596842
1398937
1590658
1596840
1582459
1358678
1599059
1380587
1506748
1595888
1586747
1586724
1586720
1586957
1396780
1588811
1506741
1595826
1596804
1516814
1373618
1390669
1395832
1356747
1505805
1360688
1373218
1525838
1595886
1582420
1385838
1598865
1373848
1395783
1596784
1395782
1525829
1525835
1377709
1508840
1373212
1516851
1586934
1377728
1586734
1586742
1505843
1395833
1505822
1505881
1396829
1585846
1595744
1525786
1885806
1590656
1358656
1378000
1358684
1526789
1358657
1586749
1378009
1356600
1358681
1595820
1373881
1395788
1586753
1505823
1373606
1596783
1396822
1398939
1390584
1599052
1373213
1520584
1377726
1395837
1398933
1590584
1385785
1598866
1380663
1396823
1586938
1599058
1508884
1595749
1525837
1586935
1385786
1585840
1377705
1505741
1356656
1375745
1590684
1516811
1356604
1586959
1380586
1525830
1526844
1588810
1595821
1586733
1595747
1358685
1586739
1526837
1525749
1373600
1385825
1595880
1377719
1595829
1596800
1885807
1596803
1390684
1516817
1505842
1596789
1508843
1360062
1358670
1582421
1586723
1356787
1582559
1596899
1525815
1385741
1395742
1515830
1525744
1373219
1582458
1590655
1390574
1595785
1520574
1598868
1590674
1395830
1588853
1373614
1360578
1586789
1885809
1373883
1373847
1398936
1377793
1395825
1373886
1596841
1356655
1373215
1505806
1381942
1596844
1505740
1505841
1396828
1595743
1358676
1586754
1385824
1506749
1526781
1586937
1396837
1360674
1525832
1526784
1505880
1396788
1378001
1588801
1358694
1373880
1385746
1592435
1586732
1585847
1377729
1356636
1386783
1358671
1590659
1585747
1373846
1380580
1585743
1385826
1390662
1525813
1373609
1505846
1595881
1598867
1505829
1586741
1595748
1582558
1358652
1508848
1586740
1380585
1351588
1599028
1505801
1586729
1360659
1395741
1505743
1395744
1586722
1586950
1599021
1596802
1356786
1525827
1505820
1526843
1585843
1388449
1375746
1378008
1358658
1356632
1586750
1505748
1515831
1586936
1585748
1595822
1526780
1358655
1526842
1525818
1381984
1582455
1350578
1358668
1595884
1586780
1596849
1505888
1396789
1586954
1356631
1599054
1381943
1360658
1396824
1373608
1598863
1396783
1506747
1388442
1356607
1505828
1356635
1588854
1595786
1505883
1595788
1350669
1395824
1386788
1377712
1377707
1595887
1395831
1370674
1525746
1586730
1595742
1582424
1525831
1373214
1596843
1505840
1373888
1525810
1373842
1356653
1599022
1586755
1385788
1592434
1505821
1505882
1595824
1505800
1586955
1586743
1592430
1358679
1385832
1508882
1398931
1356634
1350684
1515837
1582454
1588812
1596801
1356654
1505827
1515832
1373603
1508849
1396827
1500574
1585746
1526783
1381985
1586744
1516813
1508841
1598860
1505847
1505742
1350678
1516810
1592438
1596780
1525740
1373885
1356740
1588805
1585749
1596808
1505807
1585742
1516815
1586751
1585845
1358674
1588817
1390660
1526840
1582557
1373615
1398934
1356661
1373612
1595741
1596787
1515838
1586721
1585741
1505749
1396781
1505848
1381987
1595787
1505889
1356781
1358650
1595745
1375744
1395835
1516812
1596890
1595889
1506746
1396784
1395746
1586953
1377720
1592431
1599051
1588813
1508885
1585745
1599027
1375742
1588859
1358669
1377798
1356780
1595827
1516855
1386780
1596846
1508846
1386785
1373887
1525816
1396825
1582452
1358663
1586728
1505885
1588818
1596781
1378003
1585842
1386784
1586785
1385834
1356639
1586956
1505745
1350574
1395826
1582556
1377723
1596891
1588804
1595823
1525743
1599026
1390661
1588800
1388447
1588855
1586756
1526782
1885802
1377714
1586930
1586781
1373602
1385828
1599023
1515833
1505808
1599056
1525789
1525821
1582425
1586752
1592439
1356660
1586735
1358691
1380666
1377700
1500584
1598862
1526786
1588856
1358677
1505809
1373613
1586932
1525748
1592436
1351678
1515834
1885803
1592432
1373217
1585740
1508847
1373216
1525834
1360684
1385829
1526838
1586745
1595882
1356609
1506745
1370584
1380584
1588814
1516819
1505884
1586939
1586736
1588807
1885808
1525825
1598869
1596807
1595746
1585744
1596809
1588858
1525811
1395827
1525742
1526841
1395748
1516852
1505746
1378005
1516854
1375743
1508844
1390674
1586727
1358667
1356659
1582426
1356637
1388448
1385837
1525822
1596845
1586737
1360678
1596782
1388445
1525836
1356748
1385781
1356792
1373605
1358688
1590651
1525839
1380667
1358660
1526785
1596892
1586746
1525833
1505826
1595740
1585844
1373843
1599024
1395789
1377701
1516857
1395780
1596806
1585849
1588815
1595885
1599025
1588850
1373844
1586786
1377715
1586759
1582555
1580574
1590652
1588857
1378004
1356662
1505849
1515835
1508880
1505747
1599020
1582453
1356782
1350674
1386789
1599053
1525741
1373604
1596785
1375749
1588806
1586931
1356608
1505825
1350584
1373610
1598861
1505887
1516816
1525826
1505802
1381980
1396831
1360574
1385821
1525819
1586782
1525745
