1302374
1306584
1316592
1302378
1300374
1308197
1305684
1318432
1316496
1318430
1300895
1317595
1300897
1305676
1316593
1302375
1318599
1318592
1318590
1305695
1308195
1317592
1303468
1306589
1318593
1307194
1309590
1317593
1318591
1300375
1318434
1305688
1316594
1317515
1317599
1318688
1316591
1318598
1318433
1307195
1309593
1318594
1305683
1305670
1308290
1308298
1318597
1309592
1318574
1316590
1309574
1317518
1300891
1302370
1300898
1317598
1305682
1317517
1318596
1318595
1307192
1317519
1306586
1303461
1302377
1317596
1316499
1317590
1308295
1302371
1317597
1302376
1315744
1306566
1317591
1305693
1318687
1318689
1316498
1302373
1308196
1307198
1317594
1302372
1317516
1305678
1318686
1316497
1318431
1302379
1309598
