1364584
1361588
1361688
1368571
1365578
1368572
1368589
1362684
1365674
1362680
1368582
1368573
1364660
1364662
1362681
1361659
1368588
1358664
1388443
1377727
1362584
1375748
1368581
1351584
1368587
1358673
1365584
1368580
1368584
1368586
1588852
1362574
1362674
1373840
1395747
1361678
1361574
1365684
1368583
1365678
1365588
1364665
1358661
1360061
1361656
1364668
1396782
1368570
1358683
1590650
1395784
1385835
1364664
1378002
1365574
1356788
1380583
1361658
1356741
1364663
1586738
1364666
1385743
1358666
1362682
1368585
1365688
1373882
1396826
1364661
1356783
1364574
1362683
1364667
1381989
1361657
