1307197
1325197
1561470
1329194
1325224
1321665
1305677
1555829
1306583
1561473
1309599
1324859
1325226
1865748
1313635
1560660
1324869
1565840
1322198
1565835
1860686
1555787
1310553
1561467
1555700
1305697
1325098
1565785
1324855
1555831
1300379
1320808
1322191
1307199
1303462
1324564
1324563
1325093
1567632
1555830
1324870
1311669
1324874
1565844
1305694
1555843
1322197
1328221
1324864
1565826
1555823
1567625
1311660
1565837
1566917
1320809
1561463
1324556
1312381
1565743
1550021
1315748
1321682
1566923
1315747
1302899
1302891
1321661
1565745
1312384
1566910
1328224
1306560
1329192
1324552
1328227
1567630
1324867
1320805
1567623
1305687
1322144
1566924
1300376
1555839
1305696
1303463
1860584
1305685
1550574
1325097
1329193
1309596
1325242
1307191
1307196
1561469
1555744
1561474
1321668
1325227
1310556
1569574
1560668
1321674
1309591
1565845
1550020
1325223
1313633
1311666
1302890
1566915
1329681
1315742
1308296
1550027
1312389
1312387
1567637
1555840
1328223
1315749
1555704
1565836
1324551
1304042
1567634
1324852
1567631
1329682
1324555
1322189
1865740
1569589
1860687
1565846
1300896
1865747
1324557
1307190
1321660
1565742
1325241
1325222
1328584
1313634
1300894
1310574
1327682
1302897
1300378
1555740
1310555
1309597
1329196
1565781
1302896
1555785
1324568
1328228
1300372
1320574
1324862
1567622
1322192
1565839
1311667
1865746
1565822
1304043
1565786
1312388
1555745
1315741
1560584
1306568
1555841
1555837
1328226
1308297
1555836
1566914
1309482
1300893
1310557
1567635
1555706
1309594
1323574
1860660
1555703
1561475
1321669
1305674
1567636
1303469
1555749
1306562
1321666
1308291
1561464
1308192
1312386
1329191
1324854
1306587
1324567
1322190
1561462
1550028
1306569
1321684
1567628
1325244
1321663
1329684
1305675
1565780
1329198
1555748
1305689
1301037
1302893
1561476
1311664
1565744
1323584
1324851
1305681
1306567
1324558
1322199
1306588
1313632
1565741
1555835
1327670
1560674
1325095
1309483
1555746
1555824
1550024
1565830
1865745
1555705
1565847
1308293
1565789
1329584
1325574
1328220
1567626
1565747
1561471
1329195
1327674
1555741
1322193
1311665
1560669
1325229
1567629
1300371
1565740
1561461
1860574
1550025
1305690
1565838
1865741
1566921
1328225
1324868
1860661
1300892
1321662
1565788
1308193
1325243
1303466
1566912
1325240
1555820
1306561
1310558
1305680
1309595
1565783
1320806
1304040
1565820
1302892
1561478
1308299
1312383
1322188
1325190
1324860
1565825
1322194
1313639
1315743
1305672
1322142
1324865
1325096
1555701
1550023
1306585
1324566
1321664
1555742
1555825
1327684
1555788
1555826
1300373
1555844
1555708
1561460
1565843
1303467
1567633
1565746
1325584
1566913
1560661
1550026
1305691
1325225
1324559
1565832
1567624
1324560
1324856
1304041
1555822
1561466
1865742
1302895
1565784
1329685
1565782
1555747
1555834
1308191
1324565
1860669
1300890
1313638
1324569
1324863
1329574
1307193
1322195
1306565
1300899
1321667
1565828
1322196
1566920
1324561
1561465
1565823
1308198
1550584
1565831
1310552
1565787
1324866
1312380
1324554
1565833
1555743
1305673
1555833
1566929
1324857
1561477
1565841
1302894
1305699
1561468
1560662
1311574
1313637
1324853
1311662
1329686
1565848
1566918
1327672
1311663
1555827
1565842
1329197
1567638
1313630
1555832
1315745
1565824
1305686
1555707
1329683
1324562
1567627
1305679
1324858
1306563
1300377
1865744
1312385
1555821
1308199
1325228
1322187
1865743
1565749
1318444
1306581
1303460
1566927
1324553
1567621
1308292
1555789
1324871
1305698
1325196
1566928
1315740
1560574
1550029
1312382
1555786
1313636
1311661
1865749
1567639
1324873
1324550
1565827
1300370
1302898
1555702
1328229
1311668
1328574
1555709
1860662
1329190
1315746
1308294
1565748
1565834
1565849
1569586
1325094
1303464
1565829
1303465
1566926
1328222
1555828
1550580
1321683
1324872
1306582
1550022
1555838
1305692
1306564
1313631
1320584
1560684
1329144
1555842
1310554
1566919
1324850
1566916
1304044
1567620
1566911
1566922
1566925
1561479
1565821
1320807
1324861
1860668
1327678
1329199
1561472
