1348641
1348669
1348664
1342928
1342935
1342921
1348604
1348642
1342936
1348425
1345479
1345616
1342922
1348603
1345470
1348420
1345614
1345611
1348602
1348648
1348600
1348428
1348667
1345619
1348427
1345477
1342923
1342934
1348660
1348647
1348649
1348601
1348422
1345472
1345478
1342933
1342924
1345471
1348429
1348646
1348421
1342939
1348665
1348608
1345612
1342925
1342932
1348645
1342931
1345475
1345615
1345618
1348424
1348668
1345617
1348640
1345474
1342926
1348607
1348662
1342937
1342930
1348643
1348644
1348605
1348663
1348423
1345476
1348661
1345610
1348606
1348426
1345613
1345473
1348666
1342938
1342920
1342927
1342929
