1333664
1895830
1530584
1332594
1533771
1335595
1334598
1337389
1339684
1332612
1533667
1896981
1895827
1336244
1896980
1895824
1335599
1896825
1896834
1896784
1334597
1530667
1530660
1896826
1896987
1895831
1895784
1896833
1333661
1896782
1896783
1330662
1896942
1898938
1336243
1335598
1898932
1339663
1895785
1339665
1330668
1890574
1332584
1890662
1531454
1337388
1337245
1895832
1330667
1339584
1333660
1338584
1533669
1895742
1333667
1330663
1895834
1336288
1890669
1339669
1895789
1896820
1333689
1533660
1336283
1895823
1896943
1335591
1890584
1896836
1896984
1339664
1334596
1335593
1896827
1898933
1333668
1898931
1895833
1531459
1334574
1530668
1330674
1534584
1890668
1533663
1895788
1333687
1338663
1895746
1898930
1896835
1333669
1330584
1530669
1334595
1335590
1896838
1332588
1530662
1896828
1333662
1895787
1530684
1896786
1330666
1896985
1337244
1895825
1336245
1336246
1333688
1895826
1533664
1895780
1896821
1330661
1530661
1895740
1896829
1530666
1330574
1336285
1896822
1338664
1896830
1896982
1895839
1338661
1334584
1338665
1531452
1338660
1335584
1330665
1896941
1531458
1534574
1896787
1336247
1895745
1339662
1338574
1896781
1896983
1337688
1895781
1339661
1898936
1339668
1895838
1336284
1530574
1532584
1337387
1533666
1335574
1896837
1895837
1890661
1895783
1895748
1530674
1531455
1896780
1895786
1333584
1330669
1530665
1337584
1336248
1531457
1531453
1896788
1337574
1335596
1335592
1333686
1896988
1896940
1332574
1339667
1896944
1890660
1330660
1533665
1531456
1895743
1532574
1534585
1895829
1895820
1896824
1895747
1338662
1890674
1531450
1339674
1898937
1335597
1896989
1333574
1896831
1533661
1339660
1333665
1336287
1890684
1330664
1895835
1895782
1898934
1333663
1895749
1339574
1896823
1896789
1895828
1531451
1330684
1895821
1335594
1895836
1530664
1338667
1339666
1530663
1895741
1895822
1533668
1533662
1333666
1896839
1334599
1896986
1898935
1896832
1898939
1336286
1338666
1896785
1895744
