1388152
1588275
1377862
1518151
1373494
1518154
1598343
1598497
1398923
1588346
1588151
1370814
1398157
1588403
1360814
1582875
1398924
1528296
1508227
1598344
1518157
1373495
1518156
1355045
1528345
1519617
1388150
1582876
1377865
1356865
1580828
1528297
1379561
1377868
1588159
1388149
1518345
1528290
1528291
1377864
1518344
1588152
1508226
1519618
1528344
1379562
1519616
1398155
1588345
1528298
1588154
1598499
1518150
1582877
1508225
1528292
1598342
1518153
1398925
1518343
1373492
1588401
1519619
1388159
1528343
1598496
1377867
1388154
1582878
1598498
1355044
1379563
1519615
1398158
1588153
1398926
1379564
1518155
1388147
1398028
1598341
1355043
1518159
1528347
1528340
1528299
1528349
1588400
1388148
1598495
1377866
1355040
1582879
1588156
1373498
1598340
1377861
1518363
1398156
1528248
1388153
1355042
1398152
1388246
1373493
1388245
1388156
1388158
1588349
1518152
1528341
1528348
1356866
1518349
1388145
1373499
1518158
1388155
1528249
1580834
1388247
1351842
1355041
1528294
1588158
1508228
1518348
1588155
1388146
1398159
1398150
1518341
1588348
1350820
1518364
1398151
1373497
1518346
1398154
1528342
1588402
1588157
1379566
1377863
1588276
1388151
1528293
1588150
1377860
1580829
1388157
1518347
1398153
1379560
1588347
1518340
1528346
1389049
1508229
1528295
1373496
