1398585
1376561
1598565
1512161
1518594
1388564
1518600
1518582
1528644
1363810
1587019
1363811
1508627
1518593
1598561
1376568
1512167
1511774
1588578
1518585
1512160
1590256
1398586
1528540
1598566
1518597
1388565
1388560
1388567
1376567
1598564
1588515
1590856
1598563
1588579
1398446
1518596
1518599
1512168
1518590
1500856
1518584
1512162
1518598
1388561
1588514
1518591
1350856
1359565
1580856
1388566
1588517
1508628
1376566
1512163
1351856
1528640
1370856
1388569
1359564
1376565
1588577
1518587
1359567
1359560
1388568
1528641
1512166
1398534
1512165
1518604
1508626
1518586
1511772
1518602
1390856
1359561
1588516
1376564
1518589
1518580
1587018
1359566
1598567
1511773
1372157
1512164
1511771
1363814
1388562
1359562
1359569
1588518
1528544
1528541
1372156
1363813
1376563
1518588
1508583
1511770
1518603
1528543
1512169
1528643
1518595
1518581
1528542
1528642
1359563
1510856
1508629
1359568
1388563
1518583
1376560
1363812
1598562
1518601
1518592
1376562
1598560
1520856
