1386095
1385981
1508014
1395070
1520590
1586007
1351593
1516021
1510593
1395954
1506035
1520594
1395952
1508011
1588032
1598034
1385985
1395079
1516023
1395078
1359987
1526094
1520596
1596053
1385022
1359988
1380858
1586009
1596050
1516020
1508015
1390594
1510592
1379967
1506032
1385982
1526091
1516022
1589209
1526095
1385021
1395951
1506037
1385980
1508010
1395075
1351592
1370608
1379961
1526093
1370605
1595941
1526025
1385983
1385023
1395959
1586000
1588030
1510591
1385988
1510594
1516047
1520595
1588034
1385029
1359989
1516045
1526097
1508013
1360750
1526026
1379969
1395958
1595942
1598036
1380857
1379960
1386098
1510590
1386091
1395076
1506034
1516029
1395950
1359949
1596051
1520598
1508012
1395957
1379962
1586004
1385024
1516028
1596054
1360753
1379900
1595943
1508039
1386099
1586003
1385025
1520597
1380859
1516049
1351404
1595940
1385027
1386097
1386090
1395074
1385987
1516027
1520591
1359948
1508018
1506036
1589206
1379963
1506031
1359945
1395956
1360752
1395073
1526099
1508038
1586002
1526090
1526096
1351405
1586005
1516026
1520599
1526029
1379964
1508019
1359900
1380856
1359985
1506039
1395955
1520592
1359947
1516046
1386093
1385028
1588031
1506033
1379965
1586001
1508037
1526092
1359901
1526028
1379966
1508036
1386092
1360754
1516025
1520593
1508016
1395072
1370609
1596052
1385020
1589208
1586006
1395953
1385989
1359902
1526027
1359946
1379901
1589205
1586008
1395071
1506030
1588033
1385026
1526098
1508017
1589207
1395077
1385986
1516024
1508035
1385984
1370606
1359986
