1306229
1565939
1327594
1306214
1569594
1315933
1860501
1319440
1311069
1566581
1565954
1317465
1323507
1322509
1303085
1301590
1311055
1317456
1306213
1311056
1565955
1305569
1303086
1327692
1860690
1565956
1315945
1319443
1301599
1566503
1310796
1310795
1560594
1329593
1565957
1321508
1860594
1317455
1310797
1325501
1323594
1305530
1315944
1329083
1301598
1565958
1301597
1311594
1323508
1319441
1565959
1305568
1310798
1328509
1560501
1322506
1317454
1303081
1319444
1321505
1320594
1319442
1305531
1301596
1310799
1303082
1303083
1305594
1306215
