1508983
1392904
1382238
1591368
1379428
1382233
1367619
1382406
1372596
1587627
1355568
1599213
1581976
1352837
1597645
1382702
1350028
1392468
1375038
1508982
1392307
1501985
1390288
1591730
1370221
1363043
1597503
1382800
1372591
1382706
1581578
1353470
1587626
1581590
1581376
1371728
1355696
1597644
1379427
1382703
1591780
1581990
1581977
1587502
1372598
1581992
1363208
1591787
1522077
1591363
1363186
1597643
1597505
1372597
1370220
1382232
1352832
1352838
1355693
1501503
1372619
1382409
1370270
1392906
1363046
1382709
1352839
1392902
1581591
1591366
1587625
1382808
1380960
1363042
1599216
1581579
1599211
1591789
1380260
1380261
1372599
1382809
1597506
1370227
1350023
1370228
1500750
1363189
1501988
1599487
1581993
1363180
1382401
1581978
1581573
1581991
1501889
1589971
1591781
1382700
1508813
1382708
1371729
1355562
1501502
1508984
1581974
1587501
1379426
1352831
1581575
1597642
1597501
1587503
1392308
1363047
1363049
1371726
1375035
1382408
1599489
1501983
1382241
1599212
1599219
1355563
1382701
1589972
1382230
1370309
1372616
1581574
1392305
1382803
1382239
1370961
1599488
1599214
1597507
1370229
1580750
1501504
1511395
1591361
1508812
1363048
1597641
1587504
1382248
1591369
1520750
1392903
1597500
1353471
1382806
1371727
1382801
1355698
1392907
1589973
1521900
1522078
1511396
1501986
1581975
1382231
1591782
1510750
1392306
1370224
1372617
1599485
1382802
1501434
1370258
1587509
1581379
1591364
1392900
1591367
1382402
1382234
1597508
1591783
1599486
1591360
1589974
1597649
1392901
1375034
1372615
1591786
1508981
1501505
1379425
1581972
1353479
1522079
1370284
1355692
1355699
1591784
1379421
1355560
1353482
1599217
1370259
1508811
1382805
1501989
1581994
1382235
1379422
1355697
1392908
1522075
1353483
1501984
1599210
1382804
1591734
1597648
1370240
1382403
1501987
1363205
1382707
1597509
1363183
1597504
1581973
1352834
1591785
1360035
1511340
1352835
1597647
1370271
1581375
1370222
1587629
1590750
1392905
1581970
1363045
1501501
1353480
1581979
1501433
1363184
1392909
1587507
1370241
1353472
1390258
1371725
1597640
1501884
1353474
1597646
1587628
1353477
1382704
1587506
1581377
1353484
1352833
1599215
1522076
1382807
1521901
1370223
1587500
1581576
1355690
1353478
1363044
1591365
1508980
1382236
1382237
1587505
1589970
1591731
1587508
1581378
1581971
1511885
1353473
1372595
1379429
1581577
1390255
1380075
1382705
1597502
