1338098
1331675
1339207
1332682
1332681
1892906
1331865
1331671
1331672
1335644
1892335
1336044
1331676
1890255
1890288
1335643
1339208
1892203
1332684
1533812
1532264
1336043
1331670
1532269
1532265
1530750
1892204
1331673
1892202
1533811
1335655
1332683
1533810
1330288
1892908
1892200
1331674
1335656
1532268
1339206
1892905
1892308
1532267
1338095
1532210
1332680
1899853
1892907
1339205
1337750
1339250
1338096
1892900
1332288
1335641
1335658
1532211
1892901
1335640
1892306
1532266
1892904
1533813
1336020
1335642
1331863
1892903
1338099
1890258
1532212
1533814
1335657
1892201
1892902
1330255
1892305
1899815
1330258
1331864
1339209
1892307
1892909
1336021
1338097
1332289
1892468
1899814
1892205
1335659
1336022
1331866
1339251
