1368047
1342499
1353475
1352830
1362019
1354212
1367618
1362256
1368049
1365274
1365271
1354495
1367287
1361226
1368699
1367294
1343730
1368697
1365270
1343519
1368050
1353476
1367289
1367282
1342271
1353618
1353609
1354219
1342735
1367617
1354211
1367291
1368048
1368041
1361227
1591788
1354210
1353603
1353615
1353604
1367292
1368040
1353610
1353617
1362017
1368694
1367284
1367299
1367615
1354497
1368042
1353619
1367298
1353481
1363206
1367296
1366490
1354217
1368051
1367283
1367616
1353605
1367295
1368044
1368043
1353606
1354215
1367281
1353613
1353616
1367290
1366493
1354216
1342266
1367280
1368045
1367286
1353614
1591362
1366492
1354218
1368696
1361228
1353600
1365272
1353621
1368695
1353602
1353607
1362257
1367285
1353611
1353624
1368046
1367297
1353608
1362018
1367293
1353601
1365273
1354214
1366494
1361225
1599218
1361229
1343225
1367288
1353612
