1342253
1341416
1342685
1342260
1363209
1342262
1342826
1342494
1342671
1343170
1343223
1342277
1343224
1342678
1342825
1366491
1342254
1342715
1368692
1342714
1342677
1342491
1355561
1342723
1368698
1382400
1343171
1354496
1342492
1342261
1342736
1342728
1355564
1342686
1372618
1342272
1343222
1343172
1354499
1342720
1342497
1343517
1342713
1363207
1372590
1354498
1342683
1342737
1342676
1363040
1355694
1342255
1342730
1342269
1368690
1342264
1342275
1353623
1342749
1382404
1379424
1343732
1342722
1343228
1343221
1342684
1353620
1343516
1342721
1342270
1342256
1342729
1342748
1342829
1342278
1342495
1343731
1368693
1363041
1342675
1342263
1343173
1342712
1342490
1342738
1342711
1343515
1382405
1343220
1343174
1342674
1343733
1343229
1342267
1342688
1342732
1342739
1342718
1342682
1342725
1355569
1342681
1342498
1343175
1342747
1355565
1353622
1342740
1591733
1342673
1341419
1342724
1342687
1342710
1342257
1342273
1342268
1379423
1342731
1343734
1343176
1379420
1342746
1342493
1342716
1342719
1372594
1342727
1342279
1354213
1342265
1342258
1355691
1342274
1343227
1341418
1342672
1342741
1341415
1343226
1343177
1342679
1342745
1342276
1355566
1342734
1352836
1342717
1342496
1342828
1372593
1342259
1343178
1342733
1342689
1591732
1342744
1382407
1342680
1342670
1342827
1342742
1342726
1342743
1372592
1343179
1343518
1355695
1368691
1341417
