1324492
1867592
1324217
1312628
1322690
1311965
1306620
1306624
1566014
1305920
1311964
1307141
1326646
1323242
1312629
1328662
1566011
1321127
1560288
1867593
1310494
1323294
1324218
1324910
1328611
1310695
1300588
1322695
1305923
1311967
1306625
1314420
1322646
1328612
1312621
1323243
1324493
1307147
1312626
1321126
1323241
1560255
1323244
1307140
1326765
1311966
1307148
1312627
1326766
1322909
1311968
1328660
1328618
1305922
1306626
1306623
1305928
1310696
1326645
1324248
1300585
1566013
1300581
1324659
1324491
1322647
1307146
1323292
1322694
1328617
1311960
1322908
1307149
1321129
1323293
1311969
1326649
1306627
1569750
1312624
1312620
1328613
1305921
1323286
1300583
1566010
1328663
1300580
1305924
1311961
1310697
1325002
1312623
1323290
1328614
1860750
1314421
1322693
1305929
1306621
1324249
1325047
1326768
1301058
1310495
1310698
1312625
1566016
1307145
1314422
1323287
1322691
1307144
1306629
1322913
1328610
1328615
1322692
1300587
1323291
1306642
1328619
1328661
1306628
1328616
1300582
1306622
1324911
1326767
1312622
1325046
1305925
1321750
1305926
1322914
1314424
1326648
1324658
1311963
1321128
1300584
1566015
1310699
1306643
1314423
1324490
1566012
1300589
1306640
1325001
1323240
1323288
1324219
1307143
1324216
1324215
1326769
1311962
1323285
1323289
1306641
1325750
1560258
1300586
1305927
1324912
1311346
1307142
