1507201
1359770
1582694
1582696
1358128
1587119
1359766
1517206
1599711
1597237
1599712
1517205
1388646
1359761
1517202
1388649
1387205
1397178
1517207
1387214
1582697
1359765
1580723
1354555
1388648
1398658
1358129
1587116
1380723
1587113
1388647
1507203
1359762
1517208
1370723
1387212
1517203
1397280
1359764
1397177
1517201
1507202
1599710
1359763
1359774
1592691
1517200
1587117
1397176
1507204
1397279
1589777
1592690
1517209
1527166
1520723
1397175
1397277
1597254
1597154
1399599
1517211
1354551
1587115
1589778
1399595
1387210
1388645
1507293
1387208
1387207
1354553
1379778
1517210
1597153
1527205
1390723
1507205
1510723
1354552
1587120
1589775
1507206
1597252
1399598
1387213
1398660
1597235
1597151
1359773
1354549
1397278
1387206
1387211
1582698
1599714
1359769
1350723
1582695
1354556
1587118
1527165
1589776
1398659
1527204
1597155
1397276
1387209
1359772
1517204
1589779
1587114
1527203
1507207
1359768
1599713
1399596
1379777
1597152
1359767
1597253
1359771
1354554
1500723
1597236
1590723
