1313782
1553789
1551524
1564944
1553786
1308378
1567267
1313780
1563788
1551520
1310178
1301758
1564940
1863976
1300764
1563782
1553781
1313758
1327115
1563789
1563783
1313781
1327304
1553782
1329508
1863975
1553780
1551544
1306934
1551783
1553788
1553783
1560378
1324305
1313759
1328378
1551522
1551782
1321397
1321399
1563780
1564943
1551781
1563781
1313756
1327114
1324306
1551521
1322378
1553785
1569067
1551525
1321398
1863977
1322379
1310378
1308424
1312440
1313757
1566428
1313784
1860378
1308700
1563784
1563785
1553784
1328304
1563786
1564941
1301762
1564942
1314045
1551780
1306933
1313783
1327378
1553787
1551542
1551523
1551403
1322380
1563787
1551409
1551543
1314046
1551526
