1393781
1509368
1509363
1599333
1522545
1593851
1583780
1356954
1503781
1523784
1393863
1503787
1359213
1378114
1356952
1522546
1593852
1359875
1383784
1513782
1589036
1380378
1522601
1374915
1599334
1372321
1503780
1510378
1509360
1593788
1523783
1359876
1372329
1359212
1522607
1583787
1593780
1394942
1519463
1522608
1370078
1593787
1374912
1384916
1509361
1513785
1593781
1509366
1583781
1378116
1503784
1589037
1513784
1360348
1393864
1523782
1523789
1599331
1593786
1519464
1583789
1522603
1351378
1509369
1390378
1590378
1370378
1593850
1370761
1589038
1513787
1589097
1378378
1593859
1589031
1593789
1593856
1359878
1378119
1394941
1589094
1599338
1520378
1522606
1503785
1509364
1372323
1359214
1519462
1384912
1374914
1394943
1589096
1589039
1359879
1384914
1519461
1513786
1503782
1580378
1589030
1583784
1589095
1593785
1378113
1589032
1378118
1599330
1509367
1522549
1500378
1378110
1372324
1503903
1522605
1589092
1593783
1378399
1522600
1378390
1593855
1583786
1372325
1519460
1593854
1393860
1356951
1593857
1384915
1513789
1503783
1394944
1393783
1523788
1589033
1599332
1513783
1378115
1523780
1513788
1589098
1503902
1503788
1503904
1599335
1589099
1372326
1522602
1599337
1350378
1509365
1589034
1522547
1374916
1589093
1593858
1523787
1523786
1374913
1599336
1513780
1583782
1383785
1522548
1393861
1378112
1503900
1523781
1356950
1593853
1589090
1583785
1360378
1522609
1359211
1372327
1503789
1363378
1509362
1589091
1589035
1378117
1383998
1513781
1583783
1393789
1393862
1599339
1350348
1583788
1394940
1503786
1503901
1356953
1523785
1593784
1522604
