1386689
1521265
1396614
1380056
1396615
1595611
1505508
1585610
1390561
1521261
1525611
1521262
1385618
1595618
1370561
1585612
1585611
1515619
1515618
1396613
1385616
1385611
1585616
1396612
1386561
1395647
1595614
1595670
1373185
1595613
1385617
1500561
1520561
1521264
1385619
1505616
1521263
1595617
1386688
1385613
1525610
1585618
1507797
1396611
1585614
1515554
1396587
1585613
1396584
1351561
1595616
1585617
1373186
1385615
1510561
1396609
1515553
1507799
1505618
1595610
1390961
1505617
1385612
1580561
1396586
1507798
1396589
1505509
1505619
1515552
1585619
1585615
1515616
1395648
1595671
1595612
1525613
1525612
1515617
1521260
1595615
1590561
1396585
