1504801
1584773
1504974
1504907
1384702
1394708
1351480
1384808
1524707
1504806
1584801
1504800
1584906
1384850
1514842
1510493
1374706
1514924
1510490
1394709
1594700
1384807
1580470
1350060
1584800
1504975
1584905
1520494
1504703
1390470
1510494
1394830
1504954
1584702
1584904
1504802
1514929
1374700
1514859
1504972
1520495
1510492
1524709
1374709
1514841
1504813
1504906
1520470
1380047
1514849
1524706
1510495
1394702
1524702
1584704
1372203
1584703
1360470
1514925
1520496
1504904
1394808
1514858
1384870
1514705
1504909
1594775
1363474
1394860
1372202
1374708
1374701
1504803
1514928
1360474
1394701
1514843
1384705
1504812
1514922
1378960
1504973
1589482
1520498
1372210
1594710
1504905
1594740
1351470
1514857
1524708
1594720
1504804
1514844
1374702
1524700
1378950
1384804
1514923
1584908
1514901
1384809
1520497
1394707
1380470
1584901
1504811
1384707
1504956
1394890
1384704
1394704
1584700
1510487
1514902
1504702
1514845
1514920
1504951
1384840
1504902
1594946
1524701
1394703
1370470
1374703
1524704
1378940
1504970
1504810
1584909
1510488
1384703
1520492
1364470
1584900
1504900
1384706
1514707
1584701
1504805
1504903
1589480
1510497
1384890
1514856
1504809
1504971
1514847
1520499
1514926
1510470
1584903
1514921
1394870
1510498
1594774
1510499
1524705
1394840
1514706
1504908
1394880
1394809
1514855
1520490
1510489
1510496
1504704
1375403
1504950
1514848
1384700
1372201
1584902
1504953
1504808
1374704
1504976
1594730
1520493
1514709
1510491
1384803
1589481
1384709
1504701
1367470
1373996
1394706
1373470
1375400
1378970
1394850
1394700
1584774
1504807
1394705
1384708
1590480
1584809
1514840
1500470
1384860
1584878
1514927
1374707
1504955
1584802
1524703
1374705
1514846
1372200
1594776
1520491
1504977
1514708
1384701
1375410
1504901
1504700
1504952
1584907
1590470
1394807
1384880
