1512589
1509642
1512602
1512578
1512597
1598724
1512579
1598782
1591294
1352951
1370878
1508723
1591277
1398781
1580878
1388789
1509645
1352971
1357781
1590878
1512587
1512599
1398788
1518488
1357845
1512605
1589181
1591291
1376925
1589185
1512576
1582516
1512594
1597479
1589182
1350885
1350878
1598786
1598780
1508724
1512604
1591292
1509644
1597478
1398780
1589186
1398787
1598720
1388788
1598783
1390878
1589183
1512596
1518489
1512571
1512577
1512574
1509647
1520878
1512591
1598785
1352950
1398785
1357784
1589184
1376928
1398707
1512575
1588752
1512588
1588775
1512570
1512585
1509646
1512590
1352970
1591290
1357849
1598721
1398786
1588751
1512582
1512583
1512573
1509649
1398789
1398708
1512600
1598781
1512593
1598787
1588776
1376929
1512580
1376926
1596933
1591178
1512592
1512595
1509648
1591293
1398784
1598722
1357782
1598784
1512606
1588777
1512601
1512572
1357840
1512584
1512586
1512581
1598723
1376927
1509643
1512598
1357780
1596932
1357783
1588778
1589180
1528459
1512603
