1336537
1330537
1335518
1531841
1531819
1531519
1339547
1334517
1335517
1895405
1334518
1335516
1335510
1335537
1533547
1895375
1530537
1337123
1334519
1335519
1335511
1895406
1335547
1531518
1531547
1337120
1337125
1335512
1895379
1531517
1338547
1337547
1335514
1337121
1895376
1531537
1334121
1332517
1533537
1895378
1334120
1895409
1337124
1533992
1335515
1330547
1531840
1338537
1895407
1890547
1337537
1332518
1336547
1531817
1534540
1890537
1534537
1531818
1530547
1895408
1531842
1895377
1332519
1337122
1335513
1339537
