1502076
1516640
1591001
1370547
1509264
1515478
1510673
1595347
1396499
1367547
1527575
1505370
1585372
1526377
1585376
1388472
1527574
1526579
1596372
1356275
1372190
1356372
1379379
1516677
1585377
1509273
1396497
1527537
1585371
1527573
1526370
1506979
1396498
1596377
1506970
1526472
1586454
1379233
1520675
1516379
1396370
1395477
1520674
1525370
1506973
1356279
1502071
1525376
1525471
1527576
1350638
1395470
1516372
1396373
1395377
1506474
1526979
1509265
1515370
1385373
1510679
1596476
1351547
1379176
1500647
1509267
1509272
1386374
1595371
1515378
1516673
1596473
1515379
1526372
1585473
1586370
1596410
1363941
1506373
1356371
1520670
1510547
1356374
1586606
1396490
1510675
1516378
1590537
1526970
1379177
1502074
1520673
1585478
1586571
1589861
1525377
1506473
1506372
1516537
1515470
1350897
1385473
1386375
1590547
1385475
1505474
1526475
1516370
1525373
1395479
1379179
1505373
1358371
1527572
1379235
1596370
1596379
1526647
1586413
1519244
1506547
1526575
1506472
1520647
1379238
1510674
1356270
1526972
1596537
1506379
1527577
1356377
1510647
1525475
1509266
1580537
1510537
1506972
1363944
1385372
1360891
1586609
1510637
1356373
1596474
1585479
1586455
1505475
1379174
1516377
1526478
1356277
1589862
1586607
1525378
1526573
1351867
1516672
1515376
1519243
1526576
1502072
1596573
1525374
1505470
1386372
1506975
1356272
1396495
1505372
1596376
1396371
1502077
1506371
1516637
1390547
1390537
1585461
1585476
1395379
1586537
1526473
1596472
1505485
1526379
1595349
1379377
1526470
1520672
1596572
1379175
1596412
1506471
1526371
1385375
1525476
1585471
1526976
1526971
1586572
1526570
1526637
1526476
1506637
1582007
1526975
1358370
1385474
1516671
1396376
1356278
1585462
1516374
1595373
1509269
1510677
1358376
1525477
1379232
1525379
1596375
1589878
1395373
1505476
1505375
1526577
1516678
1589863
1385477
1585475
1596979
1363943
1506974
1515476
1385374
1379376
1516547
1509261
1520671
1599872
1515377
1596571
1526374
1386370
1358373
1396377
1596547
1396374
1585370
1505487
1356375
1526578
1596978
1385471
1505473
1358379
1516670
1509278
1526978
1505374
1506377
1595370
1370537
1510676
1510670
1509276
1358377
1526376
1396494
1526974
1395370
1509268
1350547
1379173
1506378
1585474
1585477
1526373
1585470
1516679
1356379
1385476
1502075
1526471
1586374
1596570
1516375
1506478
1369547
1395476
1520678
1385377
1520679
1515473
1386371
1525478
1358378
1526571
1506976
1385470
1505378
1586410
1509279
1356274
1385379
1515475
1505486
1596373
1395374
1395473
1379172
1596411
1385370
1351865
1589864
1595471
1360547
1379170
1526977
1515375
1525474
1506470
1516373
1506376
1595372
1526973
1358374
1585375
1586570
1395474
1599873
1356370
1505471
1516376
1526474
1395376
1595345
1596306
1500537
1525479
1525470
1380547
1526574
1516674
1595346
1366547
1505379
1506479
1509262
1596374
1526940
1510671
1586371
1506375
1585379
1515474
1596414
1520637
1500547
1395475
1385378
1506477
1506977
1509271
1379178
1525372
1586605
1385376
1356273
1526375
1505479
1500657
1505478
1506370
1358375
1502070
1505376
1515373
1589865
1502079
1396379
1379231
1395371
1396375
1526941
1385478
1505488
1368547
1385371
1379234
1526547
1509274
1379171
1526479
1395471
1506537
1360537
1509277
1520677
1380537
1526572
1356276
1525473
1506476
1586412
1515471
1520547
1509263
1595348
1596413
1585374
1506978
1516371
1596997
1395372
1386376
1515477
1385479
1379378
1509270
1372191
1596304
1358372
1585378
1596305
1506971
1396491
1395378
1505371
1379236
1386379
1596378
1596371
1595374
1516676
1510672
1585472
1515372
1515479
1520537
1502073
1379237
1363942
1526587
1586411
1515472
1396372
1505377
1596475
1510678
1526477
1586608
1388473
1506374
1585373
1502078
1395478
1386378
1525375
1395472
1525371
1586372
1519242
1506475
1586414
1525472
1586375
1595470
1580547
1516675
1596303
1526378
1515371
1509275
1516970
1516647
1527547
1350537
1526537
1520676
1519241
