1566617
1322081
1325800
1305377
1565372
1328725
1305374
1555372
1305499
1322080
1315377
1328729
1561557
1329537
1301261
1565377
1328726
1305371
1860547
1305376
1555375
1321079
1328003
1301293
1300178
1315371
1328547
1569809
1329030
1301260
1305496
1565371
1565376
1555374
1314537
1305373
1305379
1320537
1315370
1328727
1561587
1565370
1328722
1561537
1315373
1305497
1308263
1325804
1305378
1566692
1323537
1325801
1315372
1561547
1328728
1328721
1328007
1305495
1305370
1566657
1325802
1310537
1565378
1328720
1566675
1860647
1308262
1565379
1328008
1322079
1325537
1865368
1565375
1328009
1560547
1315375
1555371
1322547
1328006
1566624
1305375
1325547
1561597
1328723
1561567
1328537
1315374
1565374
1301265
1328005
1865367
1301292
1560537
1329547
1555370
1301263
1321049
1305372
1328049
1555376
1325805
1315379
1327537
1860537
1322537
1328004
1555377
1328724
1555373
1566607
1310547
1305498
1325803
1301264
1565373
1315376
1327547
1301262
1315378
