1582671
1587124
1592665
1359784
1387289
1517276
1507164
1397298
1517277
1527132
1599791
1397299
1377414
1599784
1587123
1589761
1599787
1377413
1507294
1507165
1587122
1599790
1390866
1358140
1527131
1399787
1582678
1527135
1597194
1387285
1377412
1597193
1507297
1388685
1599788
1363573
1507295
1358139
1388686
1599789
1597278
1398643
1507296
1377411
1399788
1507299
1388687
1589760
1589764
1517279
1517278
1582676
1582673
1589765
1377410
1397179
1387286
1359783
1387287
1377409
1507298
1597192
1582672
1388688
1597276
1379788
1582677
1599786
1388689
1582675
1587125
1589762
1359782
1379787
1582674
1589758
1597277
1387288
1589763
1399789
1589759
1399786
1398644
1507163
1527134
1399785
1527133
1599785
