1340218
1347276
1340219
1348208
1348222
1348209
1347283
1348255
1348271
1347247
1347268
1381604
1348244
1347259
1348279
1348233
1348245
1348217
1348263
1348270
1348276
1347242
1348205
1347278
1347277
1348289
1348236
1348234
1348253
1348224
1347241
1348214
1348268
1340209
1348262
1340210
1347269
1348269
1348215
1347252
1347243
1347288
1348219
1348287
1347257
1352433
1348206
1347285
1381868
1347279
1348225
1348213
1348286
1348212
1340216
1340202
1358587
1348235
1340207
1347240
1347249
1347258
1348200
1347270
1348273
1348277
1348207
1348218
1348204
1592130
1347244
1348257
1348229
1348243
1347251
1348228
1348266
1347280
1347287
1347264
1348267
1340200
1348242
1348237
1348264
1348288
1340208
1347286
1347250
1340201
1347271
1348280
1340215
1347273
1348258
1381720
1347282
1340205
1340204
1348251
1348230
1348282
1348281
1347272
1347281
1347263
1348241
1348256
1347246
1348203
1348238
1380177
1347255
1347245
1348210
1348211
1348231
1348272
1348220
1348250
1348259
1340203
1376197
1347256
1348283
1356468
1360161
1347274
1347265
1348274
1347262
1348275
1348248
1348247
1340206
1348202
1376131
1378892
1348261
1348265
1356405
1348254
1348260
1347266
1348239
1347253
1348232
1340211
1377448
1347248
1347261
1377443
1348216
1347284
1347260
1348201
1347275
1350198
1340217
1347267
1348252
1347254
1348246
1350163
1348284
1592161
1340212
1348240
1348278
1348285
