1358584
1376434
1391632
1391695
1363630
1368188
1381696
1377421
1376160
1356438
1391775
1356463
1376110
1356431
1358576
1376458
1381665
1356464
1352418
1391776
1391801
1381686
1356482
1358593
1356430
1376161
1352465
1590051
1381695
1376450
1592131
1377422
1348227
1391750
1358556
1376117
1379536
1381694
1352431
1350194
1356437
1381796
1381609
1580071
1376421
1348226
1381792
1376164
1351213
1363638
1358583
1381625
1381685
1368192
1368169
1380176
1391756
1352460
1363639
1376120
1391788
1348221
1381888
1352419
1376457
1358577
1376163
1376466
1350184
1391797
1356404
1377427
1356467
1358580
1379539
1360162
1358552
1381795
1391627
1391714
1376130
1379548
1377428
1340213
1391768
1361160
1362188
1381692
1391772
1356435
1352463
1348249
1381882
1366158
1358597
1377426
1502132
1352462
1380198
1376112
1381622
1352466
1347289
1391851
1348223
1365175
1381693
1360198
1356436
1381764
1363634
1381700
1381797
1356432
1381890
1391685
1363631
1582169
1367167
1356433
1377420
1360164
1391828
1379537
1356466
1367176
1381791
1381885
1352467
