1390016
1356476
1522180
1522152
1580178
1582143
1582114
1356455
1500009
1502643
1592188
1522173
1522106
1376191
1500175
1520195
1502699
1582163
1381848
1580074
1500043
1522187
1592185
1590173
1381852
1350197
1502162
1391655
1502649
1350191
1391855
1370179
1356488
1391811
1381774
1381723
1391862
1520218
1376132
1500000
1356401
1376184
1391816
1350161
1571163
1360183
1502683
1377449
1522113
1376489
1379531
1582132
1590196
1356456
1582170
1590178
1376125
1391729
1502183
1882105
1592112
1522109
1882108
1390013
1381663
1390189
1522138
1882117
1376198
1500025
1380197
1381669
1376480
1356472
1502663
1391619
1580215
1522102
1391765
1381780
1363666
1391885
1582188
1381674
1363665
1363648
1366161
1376170
1376461
1592152
1512107
1590066
1520217
1391846
1592179
1381627
1592198
1381613
1880217
1502126
1582192
1381799
1380021
1500034
1571019
1380179
1522177
1592175
1391838
1520181
1356491
1376177
1358570
1391793
1381710
1391819
1391833
1582182
1502115
1381709
1500089
1502192
1380168
1381603
1592104
1590050
1580069
1391711
1358588
1378895
1580185
1502177
1376412
1592115
1376152
1391718
1390183
1376138
1590165
1590174
1391642
1582135
1356458
1580048
1590060
1590215
1381878
1590192
1381619
1522128
1582103
1391790
1391868
1381738
1522191
1376496
1510217
1381871
1381733
1381898
1502662
1580054
1381832
1502125
1512106
1592191
1381724
1502107
1502182
1351219
1376419
1582110
1363636
1500181
1502159
1592184
1358571
1500061
1500035
1370198
1376133
1381655
1358581
1522133
1363654
1391722
1391854
1381666
1360190
1390185
1522142
1502193
1522124
1500072
1520183
1520180
1520216
1381785
1500055
1880210
1379524
1592195
1376101
1376119
1391633
1502648
1502172
1370165
1390178
1582153
1580196
1520194
1502136
1590183
1580039
1500174
1380195
1376486
1512114
1376437
1376479
1500063
1580217
1381781
1582165
1376430
1580033
1390162
1590080
1379545
1391815
1500052
1381794
1590085
1356449
1358599
1500042
1381703
1522115
1590094
1356421
1377435
1376124
1378890
1500183
1390190
1500172
1360163
1381689
1502139
1380186
1381877
1580083
1381704
1358566
1391857
1592132
1381807
1391672
1358559
1580183
1356408
1502185
1502129
1376465
1381849
1391864
1391656
1391671
1580092
1391805
1502664
1381853
1391728
1500062
1350180
1500024
1356439
1377432
1571014
1379525
1376109
1379526
1522146
1500211
1376199
1350160
1381610
1592139
1520219
1592170
1502693
1590053
1381834
1381713
1582171
1590195
1363658
1500001
1391749
1363647
1500218
1582120
1502657
1391740
1376472
1376116
1592145
1363664
1580084
1500017
1592156
1391735
1390196
1391646
1377441
1381843
1381629
1502165
1582106
1582148
1381813
1391840
1500090
1582193
1590179
1391847
1381714
1363637
1380161
1500008
1390177
1381743
1500081
1381833
1391645
1391634
1390193
1582140
1582183
1381858
1376147
1356489
1500060
1571160
1381677
1377442
1580031
1592128
1582134
1381706
1350162
1378894
1592142
1510216
1500192
1376171
1391620
1592117
1882110
1502698
1500099
1582144
1590046
1502154
1380167
1381740
1356471
1522151
1522103
1502682
1381646
1380180
1381895
1580051
1356443
1356429
1381732
1512118
1500018
1391608
1502164
1502174
1590175
1580068
1502147
1502690
1502103
1502644
1522195
1512102
1381654
1380166
1356465
1590047
1580188
1590168
1360171
1500053
1571164
1391883
1360185
1381786
1580036
1592109
1522139
1500189
1370187
1381766
1376166
1520184
1376190
1391814
1381656
1379544
1580179
1580174
1580193
1370190
1580056
1590072
1502654
1500027
1391786
1381611
1391791
1592196
1391871
1376431
1582119
1376464
1380187
1380174
1376495
1500098
1582187
1512111
1582112
1358598
1378897
1500091
1370164
1592103
1590095
1522100
1502194
1500073
1376478
1356424
1520215
1502167
1391812
1502647
1500074
1590214
1520179
1580079
1522121
1350168
1350175
1391893
1391641
1590065
1582176
1376127
1391878
1522118
1376102
1592167
1380194
1391850
1582159
1391869
1582173
1376183
1381886
1582162
1350179
1590088
1379535
1376137
1376413
1500047
1391785
1522136
1377423
1381647
1356493
1376134
1391675
1502117
1500005
1381835
1376487
1381758
1379546
1391653
1590061
1391710
1381776
1580182
1502656
1356460
1376494
1590189
1391763
1350190
1590180
1571165
1580037
1522154
1381628
1379543
1520214
1502665
1391892
1500068
1390179
1391800
1358579
1500171
1391727
1381664
1381861
1360166
1381618
1381815
1502173
1376445
1580057
1356498
1376473
1882111
1391648
1391826
1500191
1370185
1590176
1390165
1381705
1376108
1391635
1522143
1520197
1363663
1502184
1381602
1376193
1376172
1381812
1500216
1381725
1522167
1522153
1390168
1381830
1391736
1380181
1356440
1380188
1580032
1358555
1391626
1522157
1592102
1377440
1500184
1391839
1391630
1590044
1580043
1381667
1391670
1360191
1381841
1502692
1590073
1590182
1500080
1590212
1580091
1376459
1376436
1502108
1351214
1522185
1391865
1590198
1502122
1522186
1500077
1390160
1391688
1356469
1512109
1391848
1522168
1356452
1376144
1358565
1377433
1370167
1592146
1356470
1592118
1376162
1376155
1376446
1500194
1391824
1582158
1350182
1391692
1381600
1391813
1500179
1580219
1522131
1580210
1358551
1370193
1381850
1582186
1580040
1571012
1381769
1356474
1500079
1592107
1376136
1580194
1391835
1592168
1358590
1500092
1502178
1512101
1381887
1500075
1391602
1590190
1391870
1356499
1580062
1376400
1502673
1502187
1502195
1510215
1592140
1590087
1590219
1391762
1520178
1376165
1381842
1360180
1580187
1590197
1582172
1590167
1500011
1381805
1580049
1391856
1376154
1390171
1376411
1500213
1379533
1582142
1512112
1390188
1366196
1590213
1590096
1381789
1376145
1582127
1500026
1376439
1582137
1391849
1391804
1500033
1360177
1376477
1592148
1502655
1882101
1580081
1592155
1500004
1500038
1381751
1370175
1381687
1500002
1502116
1376418
1360170
1356483
1381707
1580076
1376126
1381869
1522108
1391607
1358592
1391706
1502645
1356490
1580073
1391709
1360192
1363642
1376456
1391654
1391636
1522160
1351215
1522158
1356441
1381759
1522196
1391895
1376484
1582125
1522197
1381840
1582199
1390167
1582198
1391770
1580175
1502170
1500019
1522112
1391780
1390019
1356451
1391716
1376493
1571162
1502691
1358564
1376467
1582126
1391879
1381672
1358574
1356444
1590062
1379542
1592165
1390166
1580090
1376401
1500185
1592110
1381804
1590045
1381690
1580078
1381659
1580088
1391888
1376173
1390198
1590063
1391755
1580034
1592120
1391744
1580070
1378896
1356462
1582117
1500188
1380183
1378899
1882119
1363649
1376449
1500069
1592178
1391877
1379547
1376438
1592127
1522148
1358554
1522183
1360165
1391859
1522117
1502196
1580181
1502120
1376428
1370182
1376107
1590049
1391705
1590181
1380175
1350167
1391773
1356454
1502134
1381894
1381650
1520186
1381750
1500032
1502646
1376121
1880212
1500219
1379541
1350176
1590082
1390014
1390180
1391751
1391852
1380192
1590089
1590055
1592154
1590099
1350181
1381636
1582104
1379528
1502156
1381765
1522170
1580216
1580035
1376182
1381645
1376410
1376192
1370195
1390187
1571166
1592147
1502111
1592126
1376128
1376188
1502694
1360179
1381601
1520171
1380193
1522134
1363662
1381845
1391629
1500210
1381735
1381897
1502137
1592181
1376476
1370169
1381836
1376447
1391691
1520190
1502131
1512104
1580089
1502667
1390170
1381616
1580172
1377444
1350193
1391664
1522105
1391618
1592192
1582177
1377439
1582196
1376474
1880211
1522141
1381608
1391841
1376174
1381770
1582175
1590211
1391779
1502653
1356423
1381638
1592138
1500093
1592183
1376420
1582129
1370180
1500003
1381864
1363661
1522161
1500010
1390181
1500187
1580211
1381630
1356459
1356481
1376195
1391614
1380165
1500046
1502679
1500193
1520196
1592101
1582150
1381715
1360178
1381745
1381839
1522184
1370160
1571015
1502680
1520199
1376100
1502660
1592137
1358550
1391647
1391610
1502672
1500180
1370183
1502151
1377430
1391752
1376181
1522156
1391726
1502687
1500039
1377425
1376114
1390174
1582178
1502176
1500049
1520185
1376485
1363652
1502105
1590054
1510214
1370174
1391637
1571161
1391899
1500022
1510213
1358562
1582149
1356485
1580082
1378891
1376135
1592119
1590090
1381866
1370191
1376106
1592125
1502652
1376475
1380173
1592189
1356445
1391650
1580198
1522145
1582107
1391876
1356446
1381624
1500186
1502168
1381753
1500058
1592166
1376416
1381831
1376149
1580218
1502686
1376115
1381644
1502186
1381637
1520187
1376423
1351212
1522159
1381658
1391806
1381798
1379534
1363657
1882113
1580189
1582105
1502197
1590081
1522162
1582124
1391734
1502674
1391894
1390195
1381631
1356486
1391615
1376105
1582118
1391717
1390163
1500076
1582184
1376402
1590187
1502101
1391743
1592153
1381767
1363643
1381784
1360186
1377424
1381851
1377431
1376156
1376142
1376448
1500029
1391757
1500040
1381787
1381742
1358557
1592129
1391782
1370194
1380182
1502171
1376492
1580180
1502135
1381748
1500067
1512117
1376429
1582156
1582139
1592194
1370189
1882100
1882118
1381837
1381875
1502148
1358595
1379520
1376129
1582131
1360168
1500031
1520176
1502666
1522120
1500173
1500078
1500066
1356425
1522172
1381641
1580087
1370172
1381684
1590042
1502110
1580065
1390169
1512103
1360167
1370186
1356428
1522198
1500020
1391704
1500096
1522132
1358585
1522119
1381874
1391858
1363644
1582179
1592121
1350173
1377445
1391668
1590217
1590064
1582174
1381838
1379549
1512119
1592143
1350166
1502102
1381661
1580190
1381617
1380185
1592136
1381844
1500048
1381859
1358553
1381803
1882112
1571167
1391802
1377446
1391604
1520213
1582128
1522155
1360175
1391753
1340214
1390197
1500085
1381673
1582197
1580080
1356495
1582185
1391628
1391896
1502181
1381652
1391725
1502121
1391746
1381727
1502681
1592160
1502145
1500087
1381734
1370166
1590071
1376189
1522169
1376498
1391624
1391679
1502671
1522163
1376175
1520170
1520177
1391651
1391842
1590057
1522181
1363651
1590199
1363633
1502150
1590210
1363669
1580173
1390173
1376409
1377438
1590169
1592149
1381814
1582151
1592174
1361174
1379521
1522150
1502695
1590160
1381698
1582130
1520191
1502651
1350196
1381754
1500013
1376417
1391794
1380162
1350165
1381772
1391875
1590186
1580042
1500178
1592164
1391694
1376408
1592105
1376433
1380199
1381682
1502130
1360194
1590069
1580097
1391707
1363650
1356453
1380172
1380190
1522199
1381867
1520188
1376491
1390182
1502153
1391829
1882114
1580192
1381872
1363641
1391889
1580064
1590188
1592199
1522101
1582157
1500041
1592171
1580045
1358594
1391690
1391822
1390017
1356427
1502661
1580063
1376422
1391771
1502160
1582115
1391882
1356478
1381623
1502143
1391886
1376157
1381691
1350183
1500023
1356480
1590170
1592190
1580075
1376180
1522190
1381634
1381856
1360182
1376143
1356434
1520212
1590076
1391623
1502100
1370177
1522110
1391638
1391808
1590161
1522137
1500021
1500059
1512110
1370178
1592187
1381749
1391701
1376426
1376194
1391758
1381614
1592180
1590091
1356461
1381775
1502675
1367197
1882102
1580060
1580098
1381896
1358589
1580212
1522114
1376123
1363640
1500030
1502658
1356496
1391754
1590056
1522194
1522176
1376440
1502189
1360181
1381721
1522175
1500028
1391767
1356479
1500084
1590218
1376158
1592150
1580095
1502669
1500086
1390164
1520192
1582100
1592135
1590077
1380184
1351211
1379529
1522107
1391853
1350170
1580099
1500217
1381728
1590043
1376490
1358575
1381643
1520172
1580030
1502140
1391832
1381739
1590171
1376483
1882107
1512115
1380171
1391787
1592114
1502113
1363645
1502696
1356448
1502179
1370196
1391897
1379530
1582147
1381855
1358563
1360199
1502142
1376176
1370173
1500214
1370199
1358586
1381681
1580197
1350174
1363646
1502133
1391843
1391830
1391796
1502199
1500065
1381683
1571018
1571013
1502190
1580061
1582136
1592108
1391693
1582166
1590079
1381632
1502118
1381881
1381701
1502689
1500212
1363655
1500195
1381737
1391745
1356457
1571168
1391652
1391601
1381892
1590084
1590216
1391616
1377437
1358582
1376454
1500007
1582109
1381811
1580055
1500012
1391860
1582116
1391603
1391887
1376425
1522147
1510218
1580072
1376404
1381744
1376141
1582161
1502640
1360176
1592182
1522111
1356426
1582168
1592177
1381891
1580094
1522189
1376169
1363668
1370176
1882106
1377436
1381640
1580050
1522129
1520189
1582180
1592159
1381607
1380170
1376499
1391809
1522125
1582191
1502670
1350177
1882103
1580067
1376179
1381806
1391844
1592144
1592122
1510211
1590068
1512100
1381615
1356403
1376441
1380191
1580184
1376122
1500070
1502175
1580213
1590083
1582181
1381642
1376113
1592172
1381857
1520198
1381893
1590162
1590164
1502650
1522171
1379540
1376468
1592106
1350171
1880219
1500198
1512116
1391821
1590098
1381783
1381793
1376186
1381800
1582123
1500094
1500177
1522104
1580044
1391649
1391781
1381862
1376148
1520175
1381653
1376103
1381660
1582141
1391818
1582154
1522193
1500196
1520211
1376455
1391702
1376427
1580191
1502659
1592173
1376482
1390192
1502676
1381757
1502106
1381846
1391723
1381736
1502188
1522140
1391715
1378898
1502112
1376469
1502685
1580085
1391874
1522122
1592163
1381718
1500045
1391792
1376470
1880216
1363632
1381671
1360188
1390191
1502678
1590052
1356409
1381847
1363660
1381668
1590041
1391884
1500015
1370163
1376196
1376442
1590194
1512105
1370188
1500170
1351210
1350164
1350195
1592162
1580058
1880213
1502104
1351218
1500044
1500036
1502152
1370161
1356450
1592116
1582167
1512113
1381873
1590078
1391644
1381648
1391795
1391891
1590059
1391817
1381633
1381729
1391898
1502166
1376159
1571010
1520193
1522164
1391613
1580038
1358569
1502146
1590092
1381675
1391784
1381662
1582122
1391631
1380163
1377447
1500215
1370181
1381702
1370170
1502119
1590185
1356422
1592158
1522182
1391766
1391759
1363653
1500083
1882115
1381818
1376407
1358560
1502191
1391640
1391713
1391658
1376453
1390176
1360195
1376151
1360184
1502141
1376463
1381680
1390018
1590048
1381865
1582101
1350199
1502668
1582113
1391667
1592113
1502688
1502155
1502198
1376432
1500056
1376150
1360160
1502123
1381626
1571169
1381621
1381747
1522178
1502697
1582189
1502642
1510210
1500051
1592151
1381854
1391834
1590067
1376168
1502180
1351217
1580176
1356473
1522135
1590097
1356477
1381716
1358561
1592111
1500050
1391742
1580052
1381697
1500097
1381688
1502684
1363667
1376140
1522149
1500176
1360197
1377429
1520173
1350192
1582155
1522144
1502169
1500190
1381883
1376415
1391747
1390175
1376187
1580199
1592134
1502677
1510212
1522165
1502149
1380169
1360187
1381612
1391783
1376435
1391820
1592141
1522188
1391799
1381863
1391674
1582195
1520210
1500014
1391606
1358591
1379522
1582190
1582133
1582138
1500197
1580170
1512108
1502161
1522126
1502114
1391827
1356487
1391678
1381860
1592186
1381782
1582160
1391810
1500088
1522174
1590074
1391696
1592100
1376488
1500071
1880218
1580214
1590163
1381719
1381880
1580053
1381708
1381635
1500006
1360196
1522130
1350169
1571016
1391660
1376104
1582108
1391730
1500037
1571017
1502109
1376460
1376178
1571011
1520174
1381711
1391845
1370171
1502163
1380160
1376414
1510219
1502641
1370168
1582146
1522166
1582152
1358578
1880214
1590040
1592124
1376153
1522179
1376118
1391760
1380178
1379523
1391659
1582102
1381788
1376167
1377434
1358568
1379538
1381741
1391873
1391880
1590184
1390194
1376139
1391778
1522116
1502158
1500082
1391643
1580086
1390184
1580195
1381870
1520182
1363656
1390161
1882104
1592197
1590086
1351216
1358558
1590058
1379532
1360174
1500016
1391803
1370192
1500095
1358596
1592123
1580177
1582145
1356406
1363635
1500182
1502124
1378893
1522192
1356494
1582111
1500064
1381768
1580077
1580093
1580059
1502144
1350172
1381746
1580186
1882116
1360189
1500057
1592133
1592157
1590177
1376462
1358573
1580041
1391867
1502127
1376481
1376497
1590191
1391890
1390199
1376424
1590166
1391712
1580046
1880215
1376443
1376146
1381730
1582164
1502157
1391657
1580047
1356442
1590093
1358567
1522123
1376111
1502138
1522127
1882109
1381649
1376452
1391639
1582121
1381879
1376471
1580066
1391621
1391798
1381899
