1316718
1316701
1304419
1312213
1316620
1304569
1301285
1312227
1316601
1304169
1316295
1302414
1304064
1316221
1304465
1304664
1312204
1316711
1303213
1312218
1302312
1316290
1316726
1316226
1316614
1304219
1316270
1316284
1302011
1304567
1316262
1316252
1304163
1302317
1301286
1304661
1316273
1316249
1302026
1302326
1302212
1316206
1316247
1306285
1304212
1312232
1316648
1316634
1301287
1312221
1316643
1312224
1316713
1312207
1302216
1303216
1302025
1304561
1316623
1304667
1316229
1304418
1304213
1316628
1316637
1312210
1304065
1302415
1304218
1316299
1316294
1316615
1316281
1302211
1316257
1316218
1316704
1316642
1300417
1316291
1312235
1316244
1304412
1316712
1304162
1316618
1302325
1303219
1316635
1303210
1312238
1316237
1316254
1316727
1316276
1316629
1304566
1316636
1302022
1302013
1303217
1316208
1302019
1304210
1302418
1304666
1312215
1312220
1316211
1302210
1304669
1302217
1316729
1302315
1300416
1302324
1316245
1302024
1316286
1304415
1316298
1302311
1316632
1302020
1316268
1316279
1303211
1316715
1316705
1316288
1302419
1303218
1316289
1304060
1316649
1316242
1301288
1316641
1304165
1316251
1306288
1304211
1304461
1316222
1316231
1312205
1306287
1316630
1316706
1302318
1316200
1316724
1312212
1316613
1316612
1300414
1304468
1316633
1304413
1316297
1316256
1316640
1302029
1302316
1304062
1316269
1302323
1316266
1316605
1312233
1316239
1304061
1302310
1316280
1316259
1302014
1304164
1316234
1312202
1316621
1316275
1316209
1312223
1316602
1316638
1306289
1312230
1316725
1316217
1312236
1304563
1304069
1302015
1316203
1316253
1300410
1316611
1302416
1304560
1316228
1304410
1316296
1316248
1316631
1316647
1302017
1312217
1316215
1304460
1316703
1304668
1302411
1312203
1316240
1316625
1316277
1312222
1316707
1312231
1316604
1302219
1302018
1316261
1304469
1316708
1301281
1316283
1302410
1316214
1306169
1302023
1301282
1316639
1316610
1316225
1304167
1316267
1304411
1302313
1312208
1316243
1316617
1304562
1316723
1312239
1302322
1304063
1316272
1316220
1302417
1302412
1316235
1304568
1302214
1300418
1304466
1303214
1316205
1316603
1312200
1316728
1302218
1316624
1312214
1316646
1312211
1304166
1316212
1302328
1312228
1304068
1316717
1316709
1304660
1316714
1312225
1316285
1304467
1302319
1316722
1303215
1304565
1302321
1316264
1302027
1316250
1304665
1304161
1316232
1301283
1301289
1316702
1316223
1316230
1316622
1302314
1302010
1316716
1302413
1302215
1316282
1301284
1304215
1304168
1316219
1316224
1312206
1316204
1312201
1312229
1316609
1316627
1304464
1316260
1304662
1304417
1316255
1304462
1316607
1316600
1304217
1304663
1316720
1316233
1304066
1302320
1316278
1316644
1304067
1316719
1304160
1316246
1312234
1302028
1316710
1316292
1302329
1312226
1316213
1312237
1316293
1302327
1316287
1316265
1316274
1302016
1316210
1312219
1316645
1306286
1302213
1304416
1316263
1316721
1304414
1304216
1316216
1316202
1316608
1316616
1303212
1304564
1312209
1316227
1316207
1302012
1304214
1316619
1312216
1316606
1316626
1316241
1302021
1316700
1304463
