1337198
1891656
1337008
1530090
1891772
1338168
1531659
1531677
1339130
1338625
1531604
1890195
1531611
1891740
1891860
1337197
1891793
1331177
1891781
1530079
1531645
1333195
1890164
1891786
1331016
1337181
1530184
1531790
1534020
1331171
1891696
1331186
1891851
1331162
1891795
1891611
1338614
1891670
1531702
1891698
1332186
1332180
1531769
1891872
1339123
1531719
1891634
1531666
1330165
1531760
1891705
1330188
1891661
1531618
1891647
1531726
1338159
1336191
1330169
1330199
1891881
1339102
1891762
1339120
1891871
1531759
1531704
1330183
1891617
1891619
1330160
1891815
1338615
1891748
1331199
1338628
1337190
1530170
1891605
1891852
1891820
1330196
1530179
1530072
1531653
1531697
1530059
1891626
1339149
1531739
1531662
1338195
1331163
1891801
1891886
1534027
1891760
1331173
1891838
1334197
1531711
1338629
1338150
1531635
1336197
1338622
1891684
1331007
1891896
1334167
1891874
1337028
1891734
1530077
1531625
1334181
1891720
1531781
1891612
1531730
1891895
1338608
1531641
1330185
1890185
1531682
1331198
1891806
1530160
1891771
1530196
1531716
1891857
1531687
1336192
1530044
1531784
1890165
1338182
1891782
1330170
1330175
1333184
1891671
1337005
1531665
1334190
1534028
1530064
1331187
1890166
1891689
1891829
1891604
1531795
1337189
1339112
1891885
1891704
1333191
1891899
1338189
1339103
1330018
1331015
1338167
1339140
1531770
1531733
1331170
1339131
1891631
1338181
1531789
1531756
1890184
1339105
1531661
1890171
1531644
1330166
1891657
1531710
1530082
1338621
1531688
1891814
1330193
1530041
1338607
1891697
1531703
1338160
1531615
1531757
1339122
1333190
1891710
1891738
1530197
1339113
1531671
1531681
1334182
1337182
1891796
1890174
1891639
1338188
1531654
1531731
1531767
1891839
1891859
1337199
1530053
1891845
1891616
1531788
1891660
1891866
1333181
1891676
1338627
1891719
1337023
1530167
1338180
1337020
1531624
1331193
1331165
1530186
1891699
1531738
1331164
1331184
1336198
1891807
1530062
1334168
1891759
1332194
1891747
1891821
1531623
1338197
1338171
1331008
1337002
1530195
1891741
1531797
1333187
1531664
1891646
1337025
1531643
1331160
1530161
1891654
1330171
1530087
1891777
1339121
1890198
1530043
1339136
1890169
1891867
1332193
1891713
1334184
1531715
1891876
1891711
1331188
1891622
1330174
1338162
1332192
1330181
1531613
1891764
1336190
1531616
1890160
1531762
1331014
1331189
1331005
1334189
1339106
1890191
1332199
1891810
1531636
1891865
1890179
1336199
1891736
1338153
1891858
1891870
1891770
1530050
1531614
1530063
1339114
1891703
1891694
1334198
1336181
1891848
1337192
1530074
1530180
1891893
1530093
1333182
1333197
1531779
1530086
1531714
1891822
1531720
1531656
1531672
1891640
1531721
1891718
1530057
1891788
1333189
1890168
1333188
1338601
1531737
1531670
1891633
1338172
1337193
1530088
1530185
1330167
1891783
1531695
1890176
1338619
1534022
1334160
1891847
1531787
1891675
1530168
1891649
1531798
1531647
1334165
1531608
1891831
1331183
1531663
1891746
1338612
1891658
1891615
1338198
1334194
1337026
1891888
1531728
1891659
1337001
1531768
1339143
1890199
1531683
1530174
1531761
1891739
1338611
1338151
1891637
1337186
1338179
1331006
1891794
1332191
1531751
1891614
1531620
1891840
1331181
1891655
1334188
1339101
1531750
1339107
1534025
1334183
1531606
1891623
1891850
1891702
1531758
1530071
1531692
1339129
1891804
1891695
1531629
1339115
1891811
1334195
1891682
1531633
1530069
1891603
1891621
1337191
1891648
1330168
1890196
1890163
1530047
1330182
1890161
1530099
1330172
1338154
1338161
1891887
1891737
1531642
1891869
1530060
1530066
1891785
1334166
1891841
1891765
1891868
1891787
1530188
1530194
1890190
1334175
1531772
1337009
1530083
1891784
1891743
1531777
1891602
1891666
1332196
1891600
1338164
1891701
1531619
1531648
1531673
1336182
1891643
1891722
1891692
1530046
1338620
1531792
1891830
1891875
1336189
1338169
1891628
1891805
1530173
1891664
1330198
1339142
1891609
1339128
1334187
1331191
1332190
1891894
1891823
1338158
1531630
1331182
1531607
1530177
1534021
1338600
1531722
1531713
1331172
1330162
1891652
1330195
1530163
1531786
1531678
1334193
1339108
1332197
1890173
1338178
1891758
1531749
1531763
1338155
1333199
1530052
1891638
1339109
1530098
1891717
1891752
1531785
1891833
1891842
1890178
1891757
1890188
1891826
1891849
1891803
1531743
1334177
1334419
1339117
1338199
1891766
1530193
1331195
1891824
1339137
1530178
1891613
1531729
1531684
1531605
1531736
1891731
1891708
1331176
1339116
1531708
1530080
1531634
1337004
1531734
1330180
1336193
1334163
1531723
1531771
1891673
1531744
1338602
1531699
1531600
1891812
1891729
1338186
1891653
1891642
1531691
1338157
1332195
1890181
1531601
1530091
1334418
1331167
1531712
1331018
1531655
1338177
1337194
1891677
1891686
1891700
1338163
1891709
1530097
1891863
1337188
1534026
1531778
1891742
1531753
1332184
1336188
1331194
1890175
1530045
1339134
1891667
1530076
1531622
1330190
1891799
1339127
1530049
1891723
1339146
1334196
1331190
1530070
1336187
1332189
1530040
1531764
1530164
1531791
1337195
1531632
1891827
1890162
1891776
1891672
1530187
1891665
1891790
1891627
1891624
1334185
1890193
1338603
1891891
1330019
1334164
1338604
1334169
1530065
1333180
1331017
1891630
1890170
1338610
1531698
1334176
1334186
1530073
1332198
1530095
1530172
1890194
1530165
1531685
1891678
1891813
1337021
1331180
1531782
1338185
1534023
1339125
1338617
1336194
1891716
1531748
1891834
1531658
1331003
1331013
1330161
1339145
1891892
1891730
1891778
1891756
1331197
1531735
1334178
1531631
1891802
1891878
1530058
1530190
1891832
1334170
1331012
1330179
1338156
1531649
1891753
1531709
1330189
1891877
1891728
1338170
1891825
1891767
1891693
1337003
1531694
1531742
1331169
1336195
1531765
1333194
1891685
1338174
1333193
1531602
1531610
1530199
1339119
1530094
1891889
1890183
1891724
1891607
1530192
1336184
1530175
1531674
1337196
1891625
1337000
1339126
1531657
1891618
1339132
1339135
1531799
1331011
1530055
1891779
1334161
1339144
1338193
1891768
1890180
1337183
1531706
1891650
1330164
1531745
1891862
1531774
1891864
1338165
1339133
1337180
1331166
1332183
1891775
1336180
1531701
1531669
1332187
1891733
1531609
1891789
1890192
1330178
1531621
1530068
1339100
1891755
1338191
1891808
1531752
1891645
1531668
1531747
1337006
1530081
1531660
1530085
1531732
1891817
1891679
1891688
1891828
1891884
1337024
1891715
1530171
1891706
1890189
1338152
1531794
1531651
1339139
1333186
1891668
1530096
1332181
1534024
1337185
1531650
1331179
1891629
1531646
1531628
1891745
1338192
1891897
1334173
1891890
1336186
1531773
1330192
1891680
1891791
1891800
1338618
1891727
1531675
1330197
1891853
1891636
1331000
1337029
1531686
1338609
1531727
1531693
1531724
1338184
1531627
1891750
1891879
1530189
1331004
1890197
1338606
1531776
1332188
1891725
1331001
1330194
1891691
1891880
1531746
1891610
1339118
1334162
1530042
1338175
1331010
1334179
1891797
1891651
1339111
1531689
1530092
1334192
1890172
1337184
1333196
1331192
1338166
1338173
1891707
1331174
1531718
1891774
1530166
1531741
1331019
1530078
1530191
1891792
1891744
1891732
1531793
1338626
1891856
1891769
1334199
1531755
1530061
1531766
1339104
1531603
1531639
1891644
1530056
1891608
1891835
1891898
1331196
1531637
1339148
1330176
1339138
1531680
1891844
1890186
1530054
1530067
1338613
1531707
1891861
1531740
1330173
1331178
1332182
1891635
1331168
1330191
1339141
1530089
1530162
1531667
1534029
1530176
1338623
1334180
1891735
1891780
1333185
1334172
1531775
1330187
1891818
1531652
1891751
1531612
1530198
1891681
1891687
1336196
1891836
1891809
1330177
1338605
1331185
1891606
1891843
1331161
1891883
1334174
1891714
1531676
1531725
1338176
1336183
1891726
1339147
1339124
1891601
1336185
1531700
1890177
1338194
1531626
1338616
1530183
1530181
1531617
1891854
1891662
1330163
1332185
1891663
1891855
1891669
1891763
1338196
1531696
1333192
1891721
1530048
1890182
1531705
1330184
1891712
1531679
1891749
1891873
1891674
1530075
1531717
1891819
1891754
1531780
1338183
1334171
1891683
1330186
1337027
1337187
1531690
1530182
1333198
1337007
1891773
1334191
1338190
1333183
1891632
1531640
1339110
1890187
1891641
1338624
1531754
1530051
1331009
1891690
1890167
1533772
1331002
1891620
1338187
1891798
1891837
1531783
1331175
1531796
1337022
1891761
1891882
1531638
1891846
1530169
1530084
1891816
