1391739
1391605
1381810
1356411
1356400
1391673
1381884
1391661
1356418
1381763
1391676
1376444
1391697
1391686
1376405
1356407
1391881
1391872
1370162
1391683
1370184
1390186
1381802
1391764
1380189
1391662
1391825
1391698
1391719
1381620
1356412
1356413
1381761
1391684
1391663
1391617
1381778
1356497
1381717
1391699
1391681
1391769
1381771
1391831
1381801
1381823
1391625
1391600
1352461
1381756
1391866
1391611
1381779
1381676
1381639
1391733
1391687
1391789
1391682
1381817
1381808
1381679
1380164
1391669
1391761
1391823
1381699
1381828
1356414
1381822
1391708
1391807
1360193
1381678
1391700
1381651
1391774
1381762
1356415
1391609
1381825
1391837
1391665
1360169
1381773
1381820
1391689
1391836
1582194
1381726
1381824
1381606
1376403
1381821
1381826
1391731
1356417
1391666
1356416
1356420
1381790
1358572
1391748
1356402
1391741
1381816
1381809
1381819
1381657
1391720
1391732
1356447
1381829
1391737
1350178
1381777
1356419
1381605
1381722
1391724
1391703
1381731
1391738
1380196
1381876
1381755
1391721
1381827
