1326291
1306179
1561800
1312090
1324810
1314819
1312773
1300211
1326226
1305252
1312488
1560169
1561839
1560163
1860215
1306178
1860179
1860170
1329625
1312241
1561878
1312260
1312293
1306166
1561887
1326220
1306173
1561880
1300022
1306271
1561812
1306278
1324830
1306172
1306181
1329624
1312054
1324816
1314815
1860178
1312283
1305207
1324828
1312269
1329600
1307219
1561866
1326256
1561843
1326274
1307210
1561815
1560198
1560192
1312752
1561862
1312255
1329613
1312788
1569210
1312246
1560188
1306187
1305214
1860171
1312298
1326258
1306192
1312077
1561893
1860164
1326227
1324817
1329607
1305227
1312274
1307216
1326251
1312288
1324800
1305222
1324835
1306164
1312098
1312486
1561836
1314812
1312770
1329623
1324806
1561881
1560170
1326273
1305245
1326283
1312763
1560181
1306167
1312798
1329628
1305242
1329618
1326280
1860217
1561886
1300312
1305231
1561867
1860172
1561829
1306279
1312249
1300327
1312781
1560162
1305251
1305259
1305236
1312060
1324824
1561822
1326298
1306270
1561803
1307217
1306177
1305223
1312076
1305243
1305200
1324809
1860163
1305209
1312291
1561863
1329608
1312782
1307218
1561879
1312791
1300315
1312777
1329614
1326228
1312097
1306175
1561814
1561817
1306195
1324827
1561842
1312762
1324818
1561857
1306184
1312263
1306182
1312088
1324805
1312277
1324833
1312243
1329601
1312757
1329627
1306269
1560161
1312487
1307211
1300328
1305237
1312266
1312079
1324823
1306276
1306165
1560197
1312063
1300415
1312248
1307213
1860216
1306280
1561833
1860173
1560171
1312771
1561823
1561824
1561805
1326299
1305250
1329629
1560176
1312799
1326293
1300310
1560185
1324836
1326284
1305256
1569216
1326259
1561802
1312790
1326294
1329612
1324808
1326222
1326229
1306176
1300311
1326271
1324826
1561871
1329617
1561809
1305201
1312793
1561890
1561844
1314813
1301280
1312061
1306185
1326272
1312271
1312289
1305240
1312776
1561872
1300324
1560173
1312783
1312099
1561850
1312796
1306194
1305203
1329619
1306183
1305249
1312051
1306260
1312261
1561853
1312294
1326221
1312784
1312276
1300214
1312297
1324822
1860160
1860162
1326281
1561838
1305229
1561891
1300219
1324807
1300325
1569215
1312089
1306174
1314814
1560164
1569217
1561827
1326260
1326288
1561820
1312754
1312751
1324819
1329602
1561873
1312071
1326295
1312768
1326278
1860174
1560183
1326253
1560186
1560160
1561860
1312769
1560196
1305220
1324812
1312774
1312069
1324811
1561830
1306268
1860211
1312258
1300419
1306267
1560167
1860161
1329620
1312050
1326252
1312095
1306277
1561870
1306274
1324834
1305239
1312797
1324820
1860219
1312484
1305258
1561875
1312286
1560172
1305228
1305230
1312279
1305248
1561851
1312058
1312078
1561845
1312086
1561847
1312287
1306282
1300323
1324821
1305221
1561897
1312268
1326279
1312766
1312251
1860168
1312792
1301031
1300314
1312068
1306191
1561858
1329611
1300218
1312292
1860175
1561888
1560191
1300413
1300317
1312245
1307212
1561807
1324825
1561848
1305202
1561861
1312087
1312759
1569218
1305238
1326270
1569214
1326261
1561898
1329609
1326296
1329603
1306262
1312485
1561825
1312250
1326265
1561821
1312278
1306266
1300411
1560166
1300412
1312273
1312785
1561899
1561869
1561818
1312059
1305241
1561846
1329606
1560178
1326282
1324802
1306168
1561832
1312053
1312794
1312094
1300329
1312264
1300215
1860176
1307215
1306275
1326223
1312064
1326287
1561874
1326276
1324839
1312299
1324832
1860218
1324813
1560195
1314816
1312482
1312084
1305213
1326290
1560184
1569219
1312772
1560177
1312753
1561835
1300322
1326255
1305210
1324803
1306281
1324831
1560174
1306199
1305233
1312081
1326262
1312795
1561896
1569213
1312758
1306190
1324838
1312267
1860210
1561849
1300021
1312270
1312295
1305224
1561889
1307214
1561804
1326269
1312072
1305204
1312259
1312756
1300316
1324801
1560189
1314811
1300212
1312242
1312767
1329610
1306170
1306272
1326224
1326266
1300217
1312281
1312093
1306261
1326277
1329605
1329622
1312056
1306160
1312296
1560179
1305246
1560165
1305211
1306284
1569212
1561810
1306265
1560180
1305255
1300320
1561868
1305219
1561882
1561894
1324837
1306163
1312253
1860177
1561876
1560193
1561885
1324814
1312067
1312070
1312080
1312764
1324804
1312761
1305218
1305205
1312275
1312284
1312052
1312073
1312787
1306196
1312066
1326254
1561859
1305247
1306171
1300020
1306189
1561834
1312778
1312483
1561828
1306162
1561841
1561854
1561864
1326267
1312257
1312775
1560175
1312750
1329604
1306198
1312256
1561806
1314810
1306283
1314817
1312262
1326263
1300319
1314818
1560194
1305225
1561877
1312085
1561855
1326289
1300210
1312280
1305257
1561816
1306188
1860167
1560187
1305232
1300321
1326285
1326292
1860169
1300213
1312247
1306161
1860166
1561856
1860213
1560168
1305212
1305254
1561837
1561811
1312062
1560190
1312092
1306273
1300216
1312480
1312083
1312252
1312074
1326225
1312244
1312096
1305226
1312055
1312091
1312786
1301000
1306264
1305217
1561801
1561883
1561813
1561840
1329616
1306180
1329621
1312290
1305244
1561826
1305253
1300023
1312254
1312760
1860165
1326250
1305208
1312272
1860212
1305235
1312285
1561865
1312057
1561895
1329615
1300024
1300318
1306197
1312779
1300313
1305216
1326268
1312489
1306193
1561819
1306186
1312265
1312780
1326257
1312082
1860214
1306263
1561884
1560182
1312075
1329626
1569211
1312282
1324815
1326297
1326286
1561852
1312481
1561892
1326275
1312755
1305215
1326264
1324829
1312789
1561831
1560199
1561808
1305234
1312065
1300326
1305206
