1352435
1364188
1352428
1367152
1364170
1352442
1366168
1367154
1366163
1366149
1366177
1362183
1366192
1365180
1352413
1352424
1368167
1352401
1368197
1362187
1366194
1364189
1381760
1366187
1361172
1365194
1352438
1365191
1352482
1364166
1352491
1368195
1368175
1376451
1362162
1366174
1352459
1362174
1367183
1367162
1364171
1365166
1364161
1365183
1366185
1366155
1352429
1367177
1361184
1365176
1361183
1365169
1366141
1362181
1367180
1366175
1368182
1362195
1368166
1362170
1361196
1356475
1361173
1352448
1352477
1368161
1352409
1391863
1368189
1376185
1362192
1364187
1366154
1364167
1381712
1365178
1365187
1368187
1352410
1368162
1368176
1367189
1352476
1368178
1366184
1367171
1361182
1361163
1364194
1368160
1366197
1364197
1502128
1352458
1352497
1368185
1365197
1352430
1350189
1361193
1364172
1366144
1366146
1364169
1368196
1361199
1352408
1361192
1352437
1364195
1365199
1367160
1352407
1365168
1390172
1365196
1367182
1362180
1361170
1352483
1352417
1362167
1366151
1391612
1352456
1366140
1362194
1580096
1365177
1364186
1362164
1367163
1368168
1361171
1352489
1368177
1361176
1365192
1364168
1366166
1366172
1368184
1367173
1367159
1368179
1592193
1367188
1366145
1364196
1367150
1367161
1367170
1352440
1365181
1366171
1366178
1364163
1366173
1364181
1368186
1361186
1352470
1364173
1366142
1365163
1361162
1352455
1366160
1366143
1365174
1500199
1364193
1352446
1352475
1352484
1364182
1352406
1366148
1352411
1364175
1366169
1367187
1352420
1361181
1366179
1367178
1366199
1366156
1361168
1361197
1367185
1366193
1367199
1350187
1590070
1362172
1365184
1356484
1366181
1352405
1362197
1352439
1362169
1367158
1352412
1352490
1352432
1352499
1352454
1365162
1361194
1352434
1367164
1362171
1368164
1367186
1365189
1352447
1352485
1367172
1352426
1366190
1362196
1362178
1352473
1362173
1367198
1367179
1350188
1361180
1364180
1361187
1352471
1366170
1379527
1367151
1361165
1352474
1352449
1352496
1352480
1364162
1366150
1365165
1364183
1361188
1361195
1365172
1367165
1352404
1362166
1366191
1366164
1370197
1361161
1352453
1365179
1365160
1368170
1368193
1352498
1364174
1367184
1362161
1365186
1361169
1352488
1391680
1352495
1367166
1362179
1352450
1367175
1361166
1352416
1350185
1361179
1352468
1364192
1364165
1367192
1367194
1381889
1368163
1366180
1352443
1361164
1364177
1381670
1366198
1368171
1364184
1365198
1365164
1365173
1362177
1366153
1367169
1364179
1362198
1352452
1365161
1374017
1352421
1361177
1365190
1352445
1364191
1362163
1362184
1362160
1352425
1366167
1364198
1365167
1367157
1352444
1361189
1368190
1367174
1366188
1368199
1352469
1352422
1368181
1352415
1365195
1364164
1367196
1362189
1350186
1352494
1367168
1352451
1366165
1364185
1368165
1361178
1365185
1364176
1361198
1362191
1366183
1367193
1368172
1362168
1367190
1352457
1366159
1352464
1580171
1366152
1391861
1364178
1366157
1356492
1352487
1361185
1365193
1365170
1352478
1352403
1362185
1362176
1364199
1367156
1362190
1391777
1364190
1592169
1366189
1361190
1361167
1366176
1366147
1362199
1352493
1368180
1592176
1368173
1352402
1368198
1352414
1352479
1365182
1366162
1362186
1352436
1352441
1368191
1367155
1365188
1367181
1367153
1366182
1590172
1352427
1352400
1362165
1367195
1352486
1590075
1368174
1362182
1362175
1500054
1376406
1365171
1367191
1356410
1352492
1352481
1362193
1364160
1368194
1361191
1366186
1368183
1361175
1352472
1352423
1366195
1590193
