1356500
1589901
1529935
1509924
1377924
1377966
1356576
1519991
1377923
1389905
1399962
1527618
1370995
1527628
1527614
1356575
1509925
1389903
1377965
1377934
1357904
1589900
1527627
1527629
1527617
1519939
1390996
1527616
1389904
1599901
1519990
1509945
1377931
1377964
1370996
1527615
1500158
1389902
1399961
1580996
1529934
1509922
1377963
1356574
1389901
1509923
1509947
1519993
1356505
1519992
1357902
1590996
1527623
1527622
1520996
1599902
1356509
1377933
1527646
1356506
1399900
1527624
1357903
1589903
1357948
1527621
1389907
1599943
1529937
1589904
1389900
1399901
1500157
1519994
1356508
1377969
1527625
1377930
1357949
1509949
1357900
1500159
1509946
1356507
1399960
1527620
1510996
1500156
1356502
1588686
1527647
1389908
1527619
1529936
1377968
1527626
1399902
1509926
1377904
1589902
1377932
1509948
1357901
1389906
1377967
1599900
