1563293
1561429
1313196
1553093
1551280
1553319
1317267
1329310
1329216
1863199
1323099
1563291
1313191
1313245
1863191
1313249
1322328
1309129
1561298
1563196
1324950
1322325
1324741
1327369
1553291
1560319
1308202
1563097
1553292
1323095
1308456
1310309
1553192
1321107
1329211
1563190
1563290
1300185
1321109
1553091
1569049
1300145
1313199
1326647
1324746
1553094
1324749
1561425
1323098
1304319
1561390
1329214
1553092
1863194
1324247
1563095
1324742
1563295
1322329
1561391
1551285
1323195
1553099
1860319
1563197
1313248
1321108
1323191
1561290
1563298
1317269
1563092
1553194
1329219
1313198
1327349
1551286
1863193
1327348
1327367
1563292
1327366
1329312
1561427
1569040
1561396
1563319
1310258
1324748
1323194
1313193
1563093
1551283
1329049
1561291
1324743
1563099
1553296
1301195
1310484
1561399
1323190
1563194
1551197
1553098
1329314
1327347
1322907
1863196
1323193
1303190
1563096
1553195
1551284
1303192
1313192
1327368
1322989
1329311
1329217
1569038
1561398
1563195
1561397
1324745
1561293
1563296
1563090
1323196
1553290
1327346
1324744
1310259
1563091
1551198
1553197
1561426
1553090
1310256
1313195
1303191
1569039
1329212
1563294
1323197
1563299
1329215
1553297
1553295
1553097
1561393
1863195
1317268
1310329
1323198
1329218
1569485
1553298
1551287
1324494
1551282
1863198
1569037
1563192
1322906
1561292
1313197
1322986
1553299
1553199
1313194
1324747
1553095
1553096
1308201
1301145
1553196
1329210
1561296
1563297
1310257
1313246
1553190
1551281
1863197
1563098
1308584
1329069
1561297
1563191
1327345
1561392
1863190
1323097
1328609
1322327
1561395
1561428
1561295
1323199
1329313
1328664
1551199
1301212
1553198
1563198
1563193
1324740
1553191
1309127
1313247
1310255
1325000
1329059
1308200
1329213
1561294
1311345
1561299
1310339
1327365
1553193
1863192
1313190
1323192
1563094
1323096
1301329
1310319
1561394
1563199
1309128
1553294
1308203
1301213
1553293
1322326
