1593197
1393194
1593196
1507591
1358249
1522771
1502889
1583071
1503319
1519493
1522681
1372249
1378494
1522731
1583369
1593338
1393097
1512799
1509449
1513095
1378059
1378490
1583361
1351329
1383190
1393195
1583360
1583296
1583049
1513194
1522762
1509799
1350339
1523390
1503095
1393296
1517593
1509793
1373048
1507598
1522737
1502883
1372293
1513138
1350328
1503191
1522773
1512790
1593096
1502888
1390329
1593339
1522732
1378597
1393293
1378491
1507686
1583070
1517592
1523394
1509448
1593007
1513197
1393290
1580329
1522684
1583191
1383192
1593195
1513136
1580319
1509798
1502884
1517590
1378596
1583363
1507592
1583297
1513097
1522738
1593198
1510096
1509792
1513133
1583292
1522774
1503192
1593093
1393098
1523393
1510089
1372292
1509794
1512793
1513192
1522739
1383394
1510095
1503245
1522688
1510097
1593209
1393294
1523395
1502887
1522760
1373056
1393092
1593006
1523191
1522764
1513195
1583072
1372294
1523396
1509447
1522768
1383198
1517591
1509444
1512796
1378029
1393373
1583348
1513130
1507597
1500339
1583190
1373013
1378044
1510088
1507593
1522683
1522775
1502885
1517546
1519491
1503048
1393191
1583295
1583339
1373968
1517547
1513094
1522687
1383199
1503093
1393292
1383395
1513092
1502886
1593199
1372291
1522730
1593370
1519492
1507596
1528435
1500319
1393091
1393299
1507687
1373055
1523190
1583329
1373981
1503099
1360319
1510090
1583365
1510319
1593334
1522763
1583294
1593369
1583338
1373329
1383396
1507594
1503092
1393374
1503049
1378489
1513131
1583362
1509795
1523319
1523397
1509445
1393370
1380319
1512791
1503190
1509446
1510339
1522767
1513139
1393190
1522686
1513090
1393291
1593049
1507688
1507595
1593319
1372290
1513290
1383191
1373969
1523192
1513134
1503097
1517597
1390319
1373980
1503098
1513190
1513299
1378413
1517596
1513096
1513296
1517545
1513098
1375459
1510039
1383196
1373106
1393094
1583373
1523193
1513093
1393297
1503091
1522685
1522680
1510091
1378598
1509796
1528429
1513193
1593229
1583349
1528434
1583367
1522766
1513132
1522770
1393093
1513291
1513137
1393196
1503195
1513039
1383197
1393371
1370319
1583372
1363089
1593372
1593219
1503090
1593371
1522765
1373159
1523194
1522769
1378049
1508149
1393192
1503096
1503089
1520339
1519490
1383391
1510099
1523398
1513297
1512797
1513091
1583370
1500329
1383392
1510092
1373009
1517595
1513298
1383194
1583291
1373038
1509443
1590329
1383390
1583298
1393298
1583364
1509797
1520329
1393099
1502891
1513294
1513191
1522734
1593005
1523392
1513196
1513099
1373157
1519494
1593149
1528428
1523195
1378492
1373158
1510098
1503194
1378039
1513292
1373039
1512794
1383195
1503193
1523399
1517598
1509790
1522689
1393096
1510329
1593097
1351319
1522761
1583366
1593337
1513295
1510093
1378595
1583319
1507590
1358269
1522682
1513198
1512792
1520319
1593094
1593069
1513135
1522736
1593309
1583299
1512798
1512795
1517594
1383393
1583290
1364319
1583371
1583293
1510094
1364329
1522772
1378493
1513199
1522733
1522735
1517599
1502890
1580339
1509791
1393295
1393095
1503094
1523391
1513293
1583368
1507599
