1511364
1511967
1521831
1597652
1350007
1501666
1582018
1353486
1392976
1591711
1382867
1511968
1359299
1354337
1582019
1372779
1508961
1511961
1358009
1588982
1511962
1372780
1392975
1509981
1581891
1521832
1597651
1598623
1392756
1521839
1591712
1501662
1581304
1392753
1511963
1392438
1358003
1511969
1597650
1380976
1358008
1587587
1591529
1360039
1392754
1581305
1508963
1598624
1359297
1392759
1382485
1508955
1511974
1521840
1392978
1379092
1372781
1511960
1382863
1370286
1392205
1501663
1355368
1521833
1358000
1372775
1392204
1392972
1392979
1587588
1511971
1511366
1501664
1370289
1390251
1591525
1392977
1581301
1581892
1521834
1353487
1511970
1591710
1508960
1372774
1587585
1591526
1581890
1382865
1392670
1382486
1511367
1370266
1392752
1358005
1372782
1501665
1521835
1390254
1370962
1380978
1382860
1581300
1597656
1392751
1511365
1581894
1587586
1382489
1521830
1382487
1382862
1358002
1392671
1501437
1350992
1511972
1591527
1392757
1597655
1392750
1382868
1501936
1521836
1511929
1511965
1521829
1598620
1597657
1392971
1511973
1508962
1581303
1581893
1597654
1501438
1511362
1501661
1358007
1501937
1382488
1587589
1359295
1382869
1511964
1501660
1372778
1521828
1370964
1392758
1581302
1582017
1581306
1511966
1598621
1521837
1511363
1358004
1392974
1355366
1382866
1508954
1382864
1508964
1359296
1392755
1392203
1501439
1392970
1521838
1358006
1382861
1597653
1358001
1598622
1392973
1350991
