1343291
1372770
1343234
1355365
1342818
1345012
1343233
1343298
1341336
1353592
1342817
1372773
1343237
1359298
1343230
1368676
1341584
1343299
1343755
1372772
1341581
1342816
1343236
1354236
1354339
1342352
1343290
1355367
1354233
1342351
1343297
1353590
1345011
1368675
1342815
1341330
1341338
1343231
1343296
1341331
1341334
1341582
1343295
1342358
1372783
1354235
1343239
1354238
1342357
1355369
1368678
1354335
1342350
1368677
1345014
1372777
1341333
1343758
1343238
1342356
1341332
1372784
1343759
1343294
1345013
1341580
1341339
1343293
1591528
1342359
1342355
1372771
1354336
1342354
1343235
1343292
1345010
1342819
1354234
1341335
1341583
1341337
1368674
1343757
1343232
1342353
1354338
