1307163
1569764
1560254
1323219
1562674
1310499
1313873
1562757
1312609
1562673
1307169
1301850
1303584
1328899
1303582
1307162
1562672
1312608
1562754
1312604
1860767
1307161
1562204
1307168
1303581
1322628
1313871
1323217
1307166
1312607
1562755
1313876
1306850
1313877
1562752
1313870
1307167
1323215
1303583
1562751
1322627
1307164
1562750
1867568
1313878
1312602
1323218
1328898
1328896
1325767
1562753
1562758
1313879
1303580
1328895
1562203
1307165
1560251
1325039
1323216
1562671
1312605
1313875
1312600
1313872
1562205
1562670
1562756
1322629
1328897
1310498
1312603
1300566
1312601
1562759
1313874
1312606
1303585
