1396605
1395529
1525521
1521211
1505635
1505525
1515521
1385525
1517837
1370552
1386503
1595524
1386505
1395636
1505527
1515527
1520552
1517834
1515522
1396606
1350056
1595522
1395524
1386648
1521214
1525524
1390965
1595520
1386504
1595521
1372116
1505526
1585579
1515528
1517839
1385524
1521217
1395522
1521213
1386507
1386508
1517835
1396527
1380552
1517832
1385527
1386506
1395633
1396529
1395523
1515529
1515520
1525523
1396604
1386567
1386509
1517830
1595527
1505520
1395638
1396528
1505529
1395637
1525529
1385526
1595529
1505562
1395634
1396524
1395526
1525526
1360566
1505528
1386569
1585552
1585574
1510552
1595528
1525539
1385529
1505638
1350562
1386501
1395520
1525525
1521210
1515525
1525520
1395525
1385521
1580552
1525527
1505639
1505560
1585575
1385528
1386552
1585576
1372119
1517833
1595525
1517836
1525528
1517838
1515523
1521216
1525509
1390552
1396526
1395527
1351552
1517831
1369552
1505561
1505636
1585578
1385523
1395528
1372118
1396607
1595526
1500552
1367552
1390962
1372117
1505637
1369555
1521212
1521215
1525522
1396525
1590552
1396608
1386500
1515524
1350552
1585577
1505615
1515526
1360552
1385522
