1376786
1587007
1597945
1507993
1507990
1517033
1507992
1387997
1363594
1597924
1387998
1397995
1397059
1390799
1597946
1370799
1593287
1597927
1510799
1597929
1517996
1517998
1517995
1376787
1597944
1597947
1527991
1397994
1397996
1507991
1397998
1597921
1593289
1517997
1593288
1360799
1587944
1508388
1580799
1597926
1507999
1397991
1508399
1597920
1597948
1587996
1397997
1590799
1387993
1517999
1597942
1508389
1363591
1517990
1597949
1363595
1587997
1387999
1587995
1363596
1507998
1357643
1363590
1597928
1517991
1529799
1387994
1397999
1375553
1597943
1357644
1520799
1351799
1500799
1363593
1507997
1357645
1587008
1527994
1507996
1510709
1375552
1517034
1527995
1375550
1597940
1587945
1597923
1376788
1363592
1507995
1387992
1597941
1580709
1517993
1375551
1527992
1593285
1387996
1397990
1387990
1507994
1597922
1520709
1517992
1380799
1387995
1527990
1350799
1397992
1517032
1597925
1527993
1517994
1593286
1376789
