1531281
1892194
1330527
1531282
1891214
1338273
1895278
1895271
1891213
1895252
1338274
1534525
1895273
1531284
1335812
1891212
1895251
1890527
1530145
1895144
1330525
1339064
1895272
1335813
1892190
1895250
1338270
1531283
1534526
1332812
1330144
1333812
1333814
1895258
1338243
1336511
1336513
1895105
1890525
1338271
1890144
1337529
1895256
1534514
1895276
1892191
1895104
1333885
1895259
1895257
1334812
1892192
1336514
1336512
1530144
1339065
1333886
1338272
1890145
1531285
1333813
1334813
1531280
1895277
1334814
1895254
1892193
1337527
1339063
1895274
1333884
1337528
1339062
1895275
1338275
1895143
1330145
1339061
1895255
1337367
1530527
1332813
1337369
1339060
1530525
1332814
1335814
1337368
1339066
1895279
1895270
1336510
1895253
