1566830
1566816
1310185
1311518
1315161
1327058
1321882
1309207
1327001
1566813
1305631
1566819
1306489
1329139
1327051
1305638
1315111
1300439
1566818
1309206
1860522
1327655
1860520
1327057
1309205
1321842
1327658
1322268
1314258
1305633
1327052
1322267
1309204
1327656
1321896
1860521
1566810
1310195
1323524
1305632
1860514
1327657
1301374
1565105
1329137
1305630
1323523
1566840
1323528
1560527
1321897
1317412
1323644
1327059
1301043
1300431
1322230
1301373
1327050
1315113
1300434
1565104
1309203
1309208
1566841
1305635
1566820
1327054
1315143
1323529
1323525
1314259
1300430
1329138
1323526
1321894
1317413
1315112
1301372
1309202
1322269
1560525
1565144
1321898
1300432
1327514
1566812
1305634
1566817
1315151
1323527
1569514
1309209
1306488
1308257
1309200
1327652
1566842
1306498
1560145
1301370
1305636
1321899
1308256
1566815
1566814
1327653
1565143
1327056
1315160
1327000
1309201
1321895
1322231
1315150
1315114
1560144
1566811
1322266
1311519
1322514
1327053
1303257
1301371
1305637
1305639
1327654
1311517
1327055
1306499
1300433
