1381313
1580525
1395143
1381315
1506281
1390525
1516186
1351172
1392192
1377346
1377343
1594907
1589571
1525254
1506288
1595271
1385277
1515273
1595105
1516141
1505259
1377332
1395273
1395276
1381316
1509437
1385258
1599512
1385253
1518989
1515275
1585042
1586130
1385251
1505074
1595276
1585287
1395252
1377356
1586139
1595251
1515086
1515087
1516187
1505256
1594906
1395279
1525277
1515080
1506280
1395144
1385218
1526220
1385279
1370144
1525270
1525253
1395277
1385216
1377351
1595273
1392193
1525278
1589570
1370527
1585043
1505251
1525251
1516140
1377338
1515247
1395251
1385273
1377333
1506283
1515274
1395250
1526228
1594905
1515088
1360144
1525275
1520527
1351174
1516188
1377348
1509436
1360527
1595255
1590527
1599510
1500525
1595274
1505257
1392190
1385240
1385254
1377330
1351176
1385274
1515084
1516142
1595279
1525272
1391212
1506282
1525279
1519559
1377358
1525252
1525259
1589573
1526227
1586137
1505079
1392191
1505076
1380525
1506287
1505078
1516143
1505254
1395104
1595250
1381314
1519556
1586132
1385220
1515089
1395258
1380145
1589641
1390144
1595253
1586131
1377345
1506285
1350527
1586138
1519558
1395270
1350525
1385255
1516189
1505252
1377331
1525258
1525276
1505077
1377336
1589572
1385270
1516144
1525273
1377642
1395257
1505255
1510525
1505070
1519040
1515278
1395255
1360525
1385219
1595258
1515085
1395272
1525250
1506284
1381580
1377342
1585288
1599514
1380144
1377339
1589575
1516183
1351171
1519555
1515082
1519041
1590525
1516181
1519042
1377353
1525257
1381310
1385256
1395259
1526229
1595256
1586135
1518986
1385257
1594909
1395275
1595277
1505071
1525274
1518985
1595270
1506289
1515270
1385250
1586288
1385276
1391214
1516180
1377347
1377643
1595252
1585289
1599511
1595257
1395256
1392194
1526224
1390527
1586287
1377355
1589574
1381319
1595144
1377352
1589576
1599513
1515083
1516182
1385272
1395278
1595104
1525256
1585285
1381317
1519044
1506286
1377334
1351170
1526222
1515271
1519557
1515279
1525271
1358523
1595278
1595275
1377354
1515277
1505250
1505075
1385221
1595254
1586289
1516185
1381311
1586136
1595143
1380527
1377344
1525255
1395254
1385275
1526225
1377337
1506279
1526223
1589577
1505072
1518988
1595272
1510527
1385217
1526221
1516184
1586133
1505073
1377349
1377340
1526226
1594908
1395274
1515272
1395105
1395253
1586134
1580527
1370525
1395271
1515081
1385259
1351173
1505253
1518987
1519043
1385278
1505258
1520525
1515276
1381312
1595259
