1897712
1331780
1897714
1339367
1337708
1530787
1890771
1897715
1534770
1339366
1331761
1336781
1330771
1338771
1339789
1337719
1339369
1530785
1332170
1897710
1897713
1339781
1331771
1337705
1336751
1339368
1530788
1897718
1336771
1337711
1337700
1339361
1331781
1530786
1530771
1332471
1332161
1332160
1897716
1337713
1332481
1332171
1330781
1897719
1339780
1337712
1336780
1897711
1332166
1897717
1530784
1530789
1337714
1334750
1530783
1337709
1530781
1530780
1337715
1337718
1339771
1334761
1339777
1334760
1331786
1337704
1334751
1337716
1337701
1337717
1336761
1339364
1339770
1533785
1534771
1330786
