1327772
1303688
1321130
1567888
1307772
1326388
1320781
1310050
1860789
1308797
1557712
1329920
1319771
1557711
1550672
1326381
1557842
1567893
1860788
1327776
1327783
1327789
1315267
1557716
1325777
1300691
1567717
1325778
1310040
1557833
1567714
1560771
1567886
1567810
1550670
1329926
1557869
1326380
1311471
1313290
1557847
1311771
1557816
1567896
1557811
1567885
1550789
1329771
1329781
1307775
1326370
1557715
1569771
1321781
1557801
1323780
1323771
1321135
1557809
1307770
1327784
1301499
1550671
1567811
1315266
1860781
1315260
1557714
1557710
1557845
1313271
1567701
1567890
1326371
1327775
1301059
1319761
1557800
1308791
1325779
1310041
1300591
1557844
1557819
1567894
1325774
1315265
1567819
1557831
1560781
1567883
1315269
1557830
1557717
1308799
1315251
1567897
1550674
1567712
1307771
1329780
1321132
1315268
1567813
1300590
1550681
1567884
1321771
1557813
1327774
1327781
1308790
1557818
1567889
1557849
1311761
1307777
1567892
1567898
1308796
1325772
1567812
1567715
1560780
1557828
1326378
1567818
1557843
1307776
1321137
1567718
1550771
1327786
1550676
1329941
1308771
1327773
1550673
1313261
1557846
1329940
1327782
1325773
1860780
1303686
1557810
1567713
1321134
1567815
1329921
1557829
1860771
1567899
1315261
1312351
1557815
1550781
1550679
1323770
1301498
1567881
1325771
1550780
1567814
1327785
1567711
1303691
1557806
1307779
1327788
1567700
1567817
1321131
1321136
1307774
1567891
1301491
1312341
1327770
1325770
1313281
1567882
1557812
1308498
1567710
1550680
1308491
1327779
1320771
1323781
1325775
1321133
1315264
1315250
1557713
1550678
1327787
1303681
1557718
1557827
1327780
1567816
1557848
1557807
1321139
1313291
1557803
1550786
1567880
1308671
1307778
1321780
1557808
1567895
1557817
1327778
1550675
1329770
1308499
1567719
1300592
1325776
1320780
1310051
1313260
1327771
1321138
1557802
1557832
1557814
1550788
1550677
1557719
1567716
1307773
1301490
1327777
1557868
1567887
1309771
1311760
