1340770
1345788
1347114
1348114
1345795
1345798
1348107
1348111
1348104
1347115
1345790
1345705
1345780
1347110
1387710
1348113
1348105
1348112
1348102
1345789
1345719
1345708
1340772
1345716
1347112
1345714
1390786
1348109
1345783
1345707
1348115
1348108
1347113
1345704
1345797
1345791
1340771
1345713
1345792
1347105
1345794
1345703
1340774
1345701
1348110
1348116
1345717
1347106
1345709
1345784
1348118
1345799
1347119
1345781
1347107
1345702
1345710
1345786
1348101
1345782
1347104
1347118
1345715
1348117
1347108
1345796
1347109
1345785
1345711
1347116
1340773
1347103
1348106
1345793
1347117
1345700
1345787
1347101
1348119
1345706
1347102
1345718
1345712
1347111
