1397813
1527804
1507889
1527808
1397877
1599438
1527718
1376861
1529652
1397715
1887718
1529643
1373703
1507709
1397884
1507700
1517747
1887711
1599431
1376850
1517716
1397860
1387888
1397889
1527817
1507873
1527717
1597776
1359711
1387813
1887710
1387879
1517729
1507871
1387876
1507881
1387814
1507708
1351766
1397714
1587813
1376841
1376884
1373711
1397879
1397878
1597813
1355814
1390781
1376860
1355821
1378830
1527707
1507718
1597714
1587878
1373702
1373793
1387714
1359739
1587710
1517711
1587817
1590781
1351787
1351768
1587714
1510771
1397872
1351761
1378821
1517792
1360787
1597778
1355811
1597814
1587871
1887719
1597770
1507701
1527805
1527819
1587875
1529629
1599443
1387862
1355844
1527802
1373716
1527809
1397711
1397713
1527816
1355819
1597777
1587881
1529634
1355810
1529651
1597712
1529639
1373792
1507880
1376863
1597768
1397866
1376849
1373719
1599435
1373709
1597715
1587711
1397870
1373794
1887717
1527811
1580771
1517794
1378841
1370771
1397816
1587876
1587811
1500781
1529640
1587818
1507716
1597767
1517793
1360781
1580780
1527810
1587715
1597745
1587872
1397815
1527716
1597815
1397886
1507702
1529641
1527771
1527706
1355841
1376821
1373708
1529647
1359700
1355786
1529656
1360786
1507879
1529633
1387868
1517709
1527704
1529630
1350781
1397719
1387869
1378869
1390771
1599430
1373718
1527801
1517782
1597749
1597713
1355818
1597769
1380788
1397819
1599444
1580781
1370781
1397712
1397718
1599436
1378837
1587873
1507874
1397883
1348103
1376837
1374077
1507703
1355771
1587810
1387863
1599441
1355831
1597816
1373717
1517728
1517780
1527818
1527715
1376862
1378860
1597772
1376844
1373700
1351781
1350771
1507715
1587712
1397869
1359734
1387810
1397888
1529655
1380771
1387864
1887716
1380787
1397710
1587716
1376820
1378868
1517708
1387812
1387874
1376865
1527705
1355780
1507885
1359728
1527800
1507714
1397863
1529632
1397817
1599433
1378871
1587819
1378811
1597819
1587870
1529631
1597718
1597779
1387867
1355781
1587874
1355801
1387885
1355791
1529649
1529648
1376854
1387719
1378861
1507704
1360788
1527710
1517781
1397864
1507875
1597771
1387865
1529642
1517712
1397818
1597765
1376864
1373706
1507713
1599434
1527713
1597774
1507886
1517778
1359729
1376827
1517715
1387717
1387711
1597810
1507876
1529658
1527812
1373701
1387884
1587718
1597791
1387875
1887715
1378801
1587816
1397882
1376880
1387873
1397716
1527703
1599432
1529657
1370788
1507884
1520781
1355797
1599442
1529646
1527714
1597719
1529637
1397862
1387866
1887714
1373712
1527700
1376881
1597711
1529628
1373715
1397812
1378831
1359717
1350787
1397867
1355761
1597748
1597773
1351751
1373791
1387716
1507712
1507719
1507870
1590771
1887713
1376801
1387883
1529650
1517713
1507877
1359710
1597766
1359707
1373705
1351771
1517779
1376882
1378851
1397717
1387861
1599449
1397873
1380781
1527806
1355848
1529654
1527708
1599440
1517714
1527702
1350786
1355846
1587879
1587717
1376859
1373713
1507883
1387886
1527813
1397875
1378836
1376831
1507887
1397810
1376811
1599448
1378870
1529638
1387713
1397861
1387816
1507705
1529659
1510781
1351788
1373704
1397811
1507711
1507878
1527814
1397874
1373790
1376883
1387860
1597812
1527711
1397887
1500771
1517746
1387882
1517719
1517777
1527815
1529644
1597716
1529635
1387887
1587815
1597817
1507706
1527701
1376839
1397876
1527807
1597746
1517710
1527709
1887712
1599445
1387881
1587880
1599439
1507888
1376888
1597717
1517717
1529645
1378850
1387815
1376851
1517790
1376830
1599437
1397814
1351767
1387872
1378840
1529653
1587719
1355799
1597818
1376840
1387889
1507882
1527803
1527719
1355787
1517791
1507872
1520771
1597811
1359701
1507717
1529636
1527712
1373710
1597775
1507707
1387877
1387871
1387878
1387715
1599446
1587877
1587814
1507710
1360771
1517718
1376858
1397871
1370787
