1520853
1588576
1512131
1518537
1372153
1376533
1390853
1512132
1359535
1511775
1587016
1359532
1512134
1376536
1359533
1518538
1512133
1518541
1376530
1376535
1518535
1588574
1359530
1351853
1376538
1511777
1398571
1590853
1590264
1518540
1359536
1590253
1376537
1588575
1359531
1511776
1598530
1590263
1588573
1518544
1359539
1587017
1372155
1588572
1398570
1588571
1580853
1376539
1518542
1587015
1398574
1372154
1359534
1398443
1500853
1598531
1518543
1376531
1511778
1588570
1590254
1511779
1350853
1512130
1376534
1376532
1370853
1510853
1518539
1518536
