1521389
1388417
1510187
1529371
1519363
1390934
1399340
1351934
1388411
1399343
1383040
1351904
1510186
1519364
1529345
1510189
1521388
1509559
1529346
1519365
1521382
1521387
1521380
1509712
1582586
1373934
1399345
1510188
1529343
1519368
1388416
1510934
1380934
1529340
1519360
1388413
1519361
1521385
1399349
1520934
1399342
1519369
1509556
1529370
1529344
1509555
1519366
1383042
1383045
1383046
1509557
1521386
1529342
1510947
1509710
1383044
1388414
1391958
1391961
1383047
1399344
1391959
1391960
1388410
1509558
1519367
1529341
1509711
1521383
1510185
1500934
1510946
1399347
1383043
1399341
1388418
1521384
1521381
1510184
1509709
1519362
1502594
1388412
1383048
1383041
1510190
1399348
1383049
1399346
