1585884
1358757
1375777
1525873
1585777
1515840
1395893
1505873
1525847
1515861
1358897
1515863
1585886
1588842
1585875
1515773
1599075
1373674
1373697
1525802
1525805
1595776
1505892
1586776
1506778
1596770
1525809
1515849
1508890
1380668
1390577
1582540
1360677
1375875
1358748
1586945
1585871
1586808
1358890
1590645
1526770
1390667
1380686
1596741
1373202
1373831
1358780
1515778
1582541
1585773
1373631
1586968
1515875
1505775
1586941
1588875
1586962
1373201
1506826
1586772
1586870
1373838
1596749
1505739
1356616
1386778
1356621
1526778
1505872
1373696
1386841
1505730
1585802
1380685
1515854
1598871
1350587
1386861
1350657
1586851
1505831
1595875
1506771
1508858
1356619
1356628
1516743
1595777
1373871
1395874
1377777
1373672
1525875
1375879
1386777
1596870
1356772
1522416
1373836
1586854
1586969
1508895
1386830
1386868
1588845
1378012
1598873
1385874
1582564
1586876
1386855
1373870
1588827
1586940
1356627
1596879
1385777
1396897
1506843
1516783
1515850
1525845
1358745
1585874
1586805
1358765
1396771
1358798
1585877
1358751
1585774
1363428
1356610
1395770
1375876
1370687
1525848
1505758
1505753
1585870
1375774
1505832
1582543
1358891
1377774
1395894
1396770
1596878
1358896
1380687
1396779
1373698
1396878
1506770
1350662
1515876
1505893
1350652
1515864
1585889
1588849
1515869
1506789
1396885
1588820
1505879
1585778
1370678
1585885
1516772
1515772
1506823
1375886
1350651
1585772
1358783
1585776
1350666
1360067
1358799
1505752
1395774
1373830
1596775
1505738
1525840
1356617
1506788
1358749
1596742
1398977
1516876
1381973
1358782
1390587
1526775
1356620
1585771
1582565
1395873
1506779
1350577
1515868
1596777
1386876
1525772
1375091
1595771
1386867
1588844
1588873
1390664
1582544
1356629
1505871
1588821
1586875
1373200
1360687
1586961
1516872
1373691
1373839
1356615
1358754
1360064
1516742
1522410
1586873
1373878
1516780
1508892
1363420
1385875
1395881
1585856
1380684
1515847
1596871
1390665
1586859
1505776
1378013
1373634
1586806
1525775
1375887
1516786
1396772
1385883
1363427
1590647
1396896
1373637
1370660
1516745
1386859
1358764
1515859
1398974
1375885
1386840
1525778
1515842
1505731
1596748
1505890
1586770
1525800
1525863
1356773
1588826
1380683
1505899
1526776
1585859
1373673
1386884
1595877
1358789
1586949
1386850
1386845
1375787
1506824
1525876
1522417
1386877
1373699
1375843
1585855
1395896
1585804
1358746
1525866
1395773
1586853
1395887
1396884
1505750
1350654
1385775
1395882
1375877
1506783
1588825
1515865
1386774
1375775
1377775
1506776
1380681
1375871
1505870
1358772
1586803
1373833
1381972
1378019
1370587
1506842
1360065
1515867
1358763
1595774
1375878
1390677
1358892
1595772
1396777
1386842
1516770
1356622
1380688
1582542
1525808
1596778
1396898
1516781
1358786
1515870
1596874
1505732
1386878
1373670
1375090
1386866
1395886
1582562
1515771
1586960
1358785
1506828
1505777
1357543
1385772
1525804
1395872
1350667
1516878
1525777
1378010
1373690
1586874
1380653
1351149
1596740
1590648
1522413
1525843
1505733
1386873
1590646
1586775
1596747
1395885
1516789
1515841
1358756
1370577
1515860
1586964
1375772
1506841
1395888
1396876
1356614
1526774
1588824
1586856
1386864
1505898
1505833
1350653
1375842
1385876
1516744
1586871
1516875
1506777
1505751
1395775
1508856
1363421
1386863
1363422
1585857
1505834
1596776
1596872
1585872
1506848
1585883
1385889
1598875
1585854
1395772
1370588
1586778
1586800
1398971
1395875
1508859
1585876
1515848
1516778
1525865
1508894
1515770
1595778
1386771
1350664
1588871
1378018
1390666
1375870
1585858
1505778
1375884
1516879
1505891
1588846
1358761
1380680
1588877
1506827
1515852
1590587
1596779
1358747
1515871
1525878
1380662
1515866
1380682
1358752
1525868
1586777
1373671
1375841
1398970
1396891
1358787
1385872
1522412
1373205
1375779
1386853
1516773
1380689
1358773
1598876
1505771
1375848
1586963
1386776
1526773
1377778
1582563
1586855
1596875
1395771
1396877
1522414
1525846
1515857
1585853
1525770
1505835
1525801
1580577
1373679
1370662
1396775
1515774
1350661
1516775
1586858
1356623
1373206
1516870
1381971
1386856
1516747
1595874
1386836
1358893
1595870
1525773
1386872
1515843
1396774
1377772
1373693
1508897
1373692
1506840
1360068
1505734
1396871
1595879
1588847
1358762
1500577
1398976
1370578
1506822
1373875
1385877
1396886
1370688
1395876
1505779
1380654
1358784
1358894
1373207
1590649
1516779
1525806
1356613
1525877
1525841
1515844
1375773
1395870
1358755
1588848
1396899
1375840
1588841
1526779
1585882
1595770
1350656
1508896
1396882
1599072
1395889
1585801
1386851
1515858
1373630
1386887
1522411
1505770
1358766
1588823
1396889
1373635
1599079
1599074
1506785
1373678
1375778
1515779
1525779
1505757
1515851
1386770
1396892
1505874
1516748
1506849
1375883
1516741
1585852
1508891
1395898
1505897
1515846
1515872
1520577
1516873
1385873
1525870
1516784
1395778
1358740
1358779
1395878
1585770
1588872
1395871
1505756
1386889
1378011
1586944
1586850
1356624
1508857
1386849
1395883
1370669
1516746
1516787
1358758
1586948
1586965
1506784
1582560
1515775
1599073
1596774
1595775
1586804
1398973
1506775
1522419
1505735
1380660
1386854
1358778
1378016
1373835
1373204
1516776
1588876
1590677
1586879
1386848
1350655
1375849
1516774
1520587
1506782
1377773
1396773
1351587
1375872
1373677
1373694
1385770
1381970
1396872
1505759
1396776
1595876
1598877
1396873
1588840
1373203
1596873
1525872
1525879
1588822
1373638
1598870
1525849
1381978
1525803
1373832
1386831
1505896
1395777
1599070
1398979
1515845
1396893
1515873
1586779
1586801
1350663
1525807
1363423
1351148
1505875
1375882
1373633
1375846
1396888
1586774
1516740
1370664
1585881
1585878
1588879
1516771
1505773
1525862
1395897
1596773
1586966
1599071
1395891
1505836
1358895
1396875
1357542
1356625
1360587
1516777
1386888
1585851
1375873
1505876
1595872
1596877
1351577
1582566
1586943
1516877
1585775
1395890
1381977
1515776
1522415
1373834
1356611
1506846
1375771
1516782
1506847
1373208
1395877
1370663
1380661
1508899
1526771
1586947
1506774
1510577
1386834
1505736
1373877
1356626
1373872
1358750
1386870
1390687
1396870
1505839
1599077
1373676
1588870
1585779
1358781
1373695
1358741
1516749
1580587
1506829
1378017
1596745
1515856
1586872
1510587
1373874
1385878
1598878
1358774
1525771
1585800
1386857
1506780
1516785
1377776
1595873
1585879
1385870
1363424
1506773
1506845
1386846
1375874
1515853
1505895
1396874
1505837
1386871
1358899
1505772
1588878
1375847
1358796
1506787
1385771
1398978
1377771
1385884
1396880
1505838
1358768
1395779
1385776
1360577
1596772
1582561
1599076
1386852
1595779
1525867
1525871
1525844
1526772
1505755
1375881
1395879
1370667
1586877
1585888
1586809
1596743
1356776
1373632
1395892
1358760
1585873
1373639
1358777
1380669
1370665
1516788
1505877
1590577
1595871
1370668
1515874
1515862
1588874
1386835
1385871
1373873
1362652
1358795
1588843
1386860
1363425
1595773
1505774
1373837
1356771
1370677
1385885
1585850
1596746
1373879
1525874
1375788
1586802
1582568
1500587
1508893
1516874
1381979
1378014
1373636
1515855
1586942
1358753
1386779
1599078
1525776
1386881
1356618
1375776
1516871
1375844
1375888
1358797
1505737
1508898
1586773
1396895
1386874
1525864
1385881
1375880
1398975
1522418
1515777
1585880
1396890
1595878
1386883
1377779
1386847
1373209
1505878
1588828
1363426
1386869
1596744
1381974
1586878
1505754
1596876
1596771
1375889
1505830
1525842
1506772
1586807
1582567
1586967
1525774
1356612
1525869
1588829
1506781
1586771
1590687
1586857
1398972
1526777
1506844
1506825
1505894
1506786
1582569
1395880
1598872
1385880
1373876
1585803
1586852
1598874
1585887
1508855
1358769
1396881
1586946
1598879
1373675
