1356770
1367672
1369586
1386875
1364577
1367645
1367676
1364653
1361665
1367654
1364654
1385774
1369571
1375845
1367640
1365650
1350665
1361677
1362654
1396879
1362657
1367653
1364587
1365677
1369585
1367670
1361577
1361662
1365653
1367677
1385888
1367646
1365587
1369587
1367659
1362659
1362656
1367643
1365652
1369576
1369584
1364658
1367652
1364655
1361664
1367651
1365687
1362587
1362577
1369574
1369583
1361587
1364656
1395884
1385882
1386865
1367679
1367641
1363429
1361660
1361687
1362651
1367642
1362650
1361666
1367649
1367678
1369575
1364657
1369582
1386880
1367658
1364674
1362653
1385779
1362677
1367657
1380655
1369572
1367674
1369581
1369588
1358767
1362658
1365577
1385778
1369573
1364651
1361663
1364677
1362655
1369570
1369580
1365651
1367656
1367647
1367673
1369589
1367675
1370666
1361661
1361682
1364652
1367648
