1896889
1895877
1337247
1532509
1333587
1896972
1895871
1531485
1339587
1532508
1532501
1895876
1338577
1338852
1336279
1896876
1895891
1337246
1896895
1898972
1895890
1335335
1334577
1339698
1896973
1895892
1895885
1335618
1532502
1896882
1896777
1532552
1335616
1338854
1532550
1339697
1895875
1895882
1532587
1530687
1531484
1532504
1895776
1335588
1896875
1895872
1336272
1898978
1532551
1896975
1895778
1531483
1335615
1895777
1334608
1336274
1334587
1330577
1895884
1895771
1895893
1896894
1332587
1335333
1896873
1335610
1337577
1890677
1338853
1333698
1896883
1895779
1890663
1895883
1896974
1335617
1337385
1896874
1895873
1896775
1339695
1339577
1336271
1895874
1335611
1339677
1336273
1333692
1531482
1896893
1335332
1895770
1333691
1334588
1530577
1898979
1532505
1335612
1896881
1895773
1332597
1895888
1890667
1896884
1895895
1896976
1339696
1533767
1890664
1895881
1895774
1896774
1330587
1895880
1898971
1898976
1335619
1896772
1338856
1330687
1896892
1335338
1333694
1531481
1890577
1530587
1532503
1335331
1895894
1336270
1896886
1338855
1890666
1896977
1335613
1896871
1896880
1335577
1895899
1532553
1335330
1890665
1895775
1332598
1890587
1895772
1531480
1895889
1895886
1336275
1532507
1896979
1530677
1335587
1335339
1896879
1530688
1898970
1534577
1338587
1334609
1896891
1333699
1338857
1339687
1896877
1898977
1339699
1895879
1330677
1896773
1896872
1332577
1896970
1335614
1895897
1896878
1335336
1896779
1896887
1532506
1895887
1898973
1896890
1895898
1896770
1895878
1336276
1896971
1333693
1335337
1896870
1896897
1337587
1896978
1898974
1895896
1895870
1896899
1534587
1896888
1332619
1532500
1896898
1532577
1336277
1338851
1337687
1338858
1896778
1896885
1333577
1337386
1333696
1890687
1338859
1336278
1333695
1896771
1896776
1896896
1335334
1898975
1333697
1333690
