1302503
1566973
1329179
1305784
1323587
1565770
1565870
1308867
1326230
1314270
1322110
1566984
1301786
1326235
1555778
1328245
1315772
1305770
1566979
1328249
1328276
1300473
1560688
1309193
1565857
1305793
1567612
1325104
1555892
1560666
1309199
1326234
1324896
1302507
1565855
1329156
1565862
1565871
1555773
1322111
1326241
1566987
1306455
1303362
1555777
1310610
1309473
1309192
1328275
1310611
1860664
1311589
1566981
1303363
1560587
1310779
1565864
1301787
1312398
1555880
1305791
1307576
1329170
1566976
1324878
1314276
1865773
1305798
1325587
1302969
1329175
1555893
1305772
1300472
1302500
1314277
1555898
1865774
1326233
1550577
1565854
1318447
1860666
1324879
1325089
1310577
1307464
1560667
1321608
1328248
1555758
1555891
1555757
1324877
1322117
1565778
1309196
1309577
1322119
1329577
1302506
1565863
1322147
1305799
1310778
1326240
1326242
1566989
1307578
1302505
1307577
1301788
1309470
1565865
1324898
1566986
1308865
1550047
1302501
1308393
1565873
1310612
1303423
1328577
1305790
1324890
1329177
1555776
1565856
1328278
1569582
1305780
1565872
1302968
1309195
1307571
1305789
1555883
1328247
1326247
1555882
1324891
1328254
1324894
1328270
1555890
1560663
1302504
1550048
1328587
1326249
1555899
1325577
1305795
1309472
1307465
1305796
1312399
1567614
1309197
1567617
1306457
1315774
1305781
1328277
1860577
1306456
1311577
1565859
1566978
1305774
1566971
1303422
1314275
1565866
1314278
1555755
1329173
1328204
1865775
1307466
1310613
1865776
1555870
1315779
1307579
1550587
1322113
1555896
1310614
1565853
1555874
1305794
1301789
1326239
1555884
1565774
1322186
1565867
1325088
1329670
1565852
1565879
1555877
1307570
1305788
1566982
1565878
1865770
1560687
1311583
1328244
1329176
1555885
1312397
1315778
1555889
1305782
1305797
1326238
1326245
1306452
1324892
1310777
1306451
1865777
1306458
1309194
1315773
1321604
1305779
1321606
1300269
1326248
1322116
1328238
1301783
1555756
1325087
1566988
1329147
1566974
1314279
1322185
1327687
1567618
1305786
1307467
1311586
1567611
1566977
1555871
1328271
1555875
1860667
1329171
1310615
1305783
1565858
1555897
1555876
1555888
1322112
1307463
1328279
1329178
1550045
1326246
1308461
1565777
1565861
1328272
1324875
1565775
1311584
1865778
1307469
1310776
1326237
1567619
1305778
1306450
1565868
1307572
1327677
1565850
1302509
1321607
1314272
1305787
1310616
1329689
1308866
1567610
1310775
1324899
1301784
1324893
1315777
1305775
1305776
1329174
1315775
1306459
1565877
1307460
1308868
1566985
1306453
1309191
1301782
1321603
1565772
1311581
1314273
1567613
1322114
1555770
1555879
1324876
1555878
1311585
1302508
1555872
1307575
1321600
1326232
1300470
1565851
1300475
1566980
1320577
1301781
1308463
1560577
1566975
1555894
1328287
1310619
1555886
1300268
1311588
1860587
1566983
1565860
1322115
1555895
1560664
1300471
1865772
1308869
1565869
1300474
1565876
1567616
1305777
1320587
1328273
1322118
1309190
1307461
1555775
1865779
1315776
1324897
1311582
1305792
1860665
1321601
1310618
1326231
1555873
1565875
1555771
1555887
1301785
1329587
1305771
1321605
1566972
1555779
1555759
1560677
1307468
1302502
1326243
1314274
1310617
1328288
1309471
1565779
1305785
1301780
1860663
1325105
1314271
1326236
1326244
1328274
1565773
1328246
1321647
1865771
1321602
1550046
1550049
1323577
1324895
1555881
1555774
1565771
1567615
1325103
1566970
1301047
1569577
1560665
1307574
1308462
1307462
1555772
1321609
1565874
1565776
1329172
1311587
1315770
