1318683
1317352
1318585
1302090
1316587
1318584
1305773
1317566
1317568
1318577
1309198
1318684
1318581
1317565
1317354
1316586
1302092
1316585
1302091
1317564
1317355
1316492
1302472
1302470
1300067
1302475
1302471
1316584
1317563
1318583
1318425
1316583
1302473
1302094
1318582
1302474
1318588
1317356
1318680
1318426
1302268
1317562
1316490
1302093
1317560
1316589
1318589
1318681
1317350
1317357
1317351
1302269
1317353
1318427
1318682
1304577
1317358
1317561
1318428
1316491
1316588
1317359
1318587
1318586
1317567
1318429
