1309957
1559508
1320958
1559519
1559558
1309950
1309958
1323951
1559502
1328951
1320960
1559530
1325958
1328950
1323950
1860951
1300797
1559559
1560950
1307958
1307951
1301429
1559516
1559520
1323959
1313950
1309959
1559506
1329951
1307950
1559528
1307959
1559507
1303797
1323958
1559542
1560958
1329950
1559518
1325961
1559552
1559504
1309951
1559522
1325960
1320959
1303796
1329958
1559500
1559531
1559501
1559551
1559512
1559540
1320968
1301079
1328958
1303799
1559527
1320951
1559541
1559529
1559510
1569508
1559550
1303798
1860958
1325951
1320969
1560951
1559511
1860950
1301425
1325950
1301426
1559556
1300798
1559521
1559517
1569500
1300799
1313951
1313959
1559538
1559526
1569501
1559557
1320961
1320950
1325968
1301428
1559509
1300796
1301427
1313958
