1399508
1399529
1512197
1520951
1389518
1399520
1510957
1580950
1512198
1510958
1512187
1510950
1351958
1580960
1500968
1399548
1399541
1389563
1351951
1580961
1580968
1389549
1500956
1389531
1399521
1390951
1520968
1389507
1510951
1520260
1580957
1520269
1580966
1389541
1500867
1372331
1399509
1389530
1399547
1399527
1390957
1520268
1389539
1512191
1500966
1351928
1389508
1399510
1390950
1520261
1520267
1399528
1389547
1512190
1522620
1520960
1500951
1399501
1390958
1590951
1372337
1880959
1590960
1372330
1399549
1399540
1520967
1510967
1389537
1399531
1500950
1389548
1590968
1399518
1399511
1512181
1351929
1880958
1590967
1389562
1399537
1399517
1580958
1520950
1522621
1389510
1380095
1389501
1582537
1351920
1389538
1370950
1582531
1500961
1500958
1590958
1520969
1582538
1880957
1510968
1520958
1399539
1389566
1512188
1500861
1351950
1389567
1374095
1389509
1370959
1500967
1351959
1590950
1389568
1372338
1512180
1389561
1510961
1370958
1582530
1520961
1389565
1590961
1370957
1522628
1510960
1500860
1389517
1389569
1880951
1580951
1370951
1500960
1522627
1520957
1399519
1399530
1389564
1389560
1399500
1351957
1390959
1399507
1372339
1399538
1389500
1500868
1351921
1880950
