1551686
1563833
1551833
1566438
1551763
1310366
1551830
1563831
1303380
1551447
1554446
1314068
1554448
1313725
1563969
1327177
1563962
1551764
1563961
1563830
1303381
1312370
1322382
1553960
1563832
1327173
1551685
1551464
1554441
1553961
1551832
1563835
1324347
1312376
1563871
1312371
1322387
1551765
1563870
1563960
1327174
1324348
1551684
1328396
1313786
1553963
1321344
1564956
1303386
1563834
1554440
1553962
1328309
1328308
1312379
1551834
1563837
1551829
1551689
1322386
1551839
1303385
1313787
1551466
1321345
1564955
1554443
1563967
1551683
1327396
1551837
1554442
1303382
1863997
1553964
1551762
1321343
1308708
1863996
1310396
1551465
1322385
1551668
1313728
1563836
1303384
1566436
1312374
1551836
1564957
1551681
1553965
1554444
1312377
1563966
1863995
1551835
1308709
1313726
1551682
1322384
1551667
1321346
1322396
1551680
1563965
1327170
1313729
1566437
1551687
1860396
1554445
1313785
1564958
1553969
1563838
1322381
1328399
1322388
1551669
1567081
1327399
1312372
1327171
1313727
1327176
1314069
1560396
1551449
1569074
1551838
1563964
1551831
1553966
1554449
1324339
1564959
1322389
1563968
1327175
1563839
1303383
1551688
1563963
1569075
1551448
1314067
1312375
1312373
1313724
1553967
1554447
1327172
1322383
1312378
1553968
