1589390
1380396
1509352
1597848
1513659
1383991
1523909
1393967
1597881
1378333
1393837
1383964
1593808
1513658
1589393
1589312
1372308
1593965
1583960
1583679
1360844
1523636
1503960
1513965
1589311
1522490
1583966
1523633
1372307
1359894
1503849
1510381
1503840
1500396
1372306
1510389
1589395
1529019
1378330
1383994
1360349
1523694
1393963
1503961
1394959
1383992
1523696
1523906
1593966
1593801
1523960
1383961
1513812
1359893
1503967
1583669
1374961
1393966
1583967
1383963
1378332
1513814
1503848
1593800
1513962
1597884
1523693
1513657
1513964
1378338
1503694
1589084
1510388
1529017
1503962
1589319
1589398
1523639
1593967
1523907
1393969
1351386
1523634
1383993
1593960
1593806
1583969
1599345
1513813
1384962
1583964
1583674
1509350
1589397
1583668
1378396
1383962
1597883
1589318
1378335
1503841
1503842
1503969
1583677
1509351
1597849
1593969
1513656
1363964
1523966
1503964
1519469
1522493
1370396
1510383
1593804
1583661
1593807
1523961
1510382
1589083
1523698
1393834
1372309
1593809
1523695
1597880
1589313
1523908
1503692
1513961
1523969
1383968
1509357
1589082
1583666
1509359
1583968
1350764
1510380
1378334
1393836
1522494
1523962
1393964
1394957
1529010
1590396
1529015
1503963
1583965
1597886
1359890
1583660
1503843
1523690
1593964
1503693
1583667
1523965
1583672
1523632
1513810
1394958
1589073
1523697
1523905
1522491
1503691
1383969
1523691
1583663
1597885
1352639
1510385
1523631
1523968
1509356
1374960
1503966
1513655
1599347
1599346
1378337
1513811
1523964
1583664
1529012
1503844
1589070
1360380
1589074
1597845
1593963
1593805
1597887
1503845
1597889
1529018
1519467
1523637
1583963
1589399
1593962
1384963
1513967
1363965
1583662
1370380
1523630
1519465
1522492
1350396
1589394
1351399
1510384
1393960
1393835
1503690
1589315
1599348
1513966
1589081
1351395
1394955
1583675
1583665
1374963
1374962
1523963
1589071
1523967
1583962
1378336
1589310
1597846
1519468
1523692
1583678
1513969
1589391
1352638
1597888
1378331
1509355
1383967
1589314
1589080
1393839
1503965
1583670
1384961
1351396
1393961
1523638
1597847
1589392
1383990
1372305
1529011
1393838
1509354
1394956
1393965
1529014
1513963
1593802
1352637
1523699
1503846
1523635
1589072
1378339
1593961
1513968
1503847
1529016
1583673
1597882
1509353
1383965
1351397
1599349
1510387
1383966
1589317
1513960
1393962
1583671
1384960
1393968
1390396
1583676
1503968
1593968
1359891
1593803
1510386
1589396
1583961
1529013
1519466
1580396
