1351141
1390570
1585709
1375702
1586906
1525705
1373251
1585705
1358711
1595701
1395702
1516705
1505701
1373250
1356703
1505704
1506703
1515706
1516706
1373505
1586909
1505700
1350570
1515707
1357567
1515878
1515700
1375703
1351140
1595704
1525700
1357566
1595703
1590670
1395700
1506702
1360050
1356707
1375700
1525704
1516707
1515701
1515877
1505703
1506890
1506891
1356705
1500570
1350670
1505705
1585704
1586907
1390670
1505702
1585702
1506895
1375701
1515704
1385702
1526809
1516708
1357564
1370570
1373507
1525701
1375070
1515705
1506896
1506701
1592406
1351570
1580570
1526808
1585703
1385703
1386702
1373506
1356708
1375430
1395703
1396703
1526807
1396700
1506700
1592405
1505708
1510570
1358701
1356706
1385700
1373509
1586905
1525703
1592409
1515702
1358712
1592408
1356700
1590570
1515703
1586908
1381901
1373508
1585701
1505709
1585700
1595700
1375704
1358702
1592407
1356701
1515879
1356702
1386701
1515708
1526805
1520570
1505706
1506894
1396702
1585707
1585708
1358710
1351142
1515709
1358703
1526806
1506892
1585706
1375705
1595702
1525702
1505707
1386700
