1321628
1565703
1315701
1315708
1321640
1305977
1325570
1860570
1328209
1315709
1322171
1315700
1318440
1328206
1311570
1305970
1321641
1309582
1565707
1321629
1310584
1329570
1315705
1328570
1860670
1322170
1560570
1565700
1565706
1308288
1305971
1315704
1305972
1560670
1310607
1305978
1328207
1311684
1325108
1309474
1321627
1569570
1315707
1565705
1565702
1565704
1315706
1305974
1565701
1315703
1310606
1310570
1860681
1320570
1550570
1310609
1315702
1308394
1322172
1305973
1328205
1310608
1301774
1309570
1300264
1323570
1328208
1305976
1300468
1305975
