1314798
1554138
1306526
1564276
1566390
1318855
1564278
1313090
1569427
1308223
1554135
1300825
1569877
1327427
1310427
1319427
1560427
1315428
1569878
1564279
1305088
1301996
1554137
1323427
1308222
1566388
1860987
1313091
1554279
1305089
1320427
1313427
1301995
1564272
1554134
1554140
1321427
1566391
1315427
1566393
1301994
1323896
1313093
1306529
1323823
1566392
1328427
1313092
1566389
1560987
1313094
1564274
1564275
1305087
1564270
1323677
1300823
1564273
1305086
1564271
1305085
1300822
1564277
1554133
1554136
1313088
1303077
1306525
1306528
1323678
1860427
1323428
1322427
1303076
1554139
1306527
