1370987
1512427
1504277
1510427
1504278
1584272
1524173
1399877
1394271
1500427
1520429
1390987
1504231
1584273
1370427
1590427
1384275
1399876
1584274
1594275
1504276
1584271
1518425
1512428
1524174
1399874
1384274
1394277
1514277
1513427
1374278
1504230
1394272
1514274
1584275
1504275
1399879
1379505
1594274
1584270
1384273
1594273
1514275
1594270
1394278
1399878
1584277
1380427
1374276
1384272
1389873
1399872
1374271
1384277
1594271
1394275
1370423
1590490
1520425
1379506
1580427
1514272
1594272
1374277
1584276
1518427
1514273
1389871
1399871
1594277
1374274
1394276
1384276
1584279
1518426
1504279
1394270
1384270
1384279
1390427
1520426
1514279
1514270
1350427
1584278
1520428
1374275
1399870
1389872
1594278
1374272
1590987
1590493
1514278
1384278
1524175
1394273
1524172
1514271
1399875
1514276
1389870
1594279
1379504
1360423
1513426
1394274
1360493
1520427
1370007
1351427
1524176
1394279
1594276
1510428
1518428
1374273
1360427
