1518773
1590877
1598771
1509670
1357774
1509678
1398775
1591276
1591239
1398776
1518819
1375908
1350889
1510872
1508772
1528445
1357770
1398849
1398779
1510878
1398778
1509673
1518779
1509679
1509672
1580877
1351877
1598774
1357773
1388773
1589429
1375907
1528446
1375905
1518771
1352997
1357778
1528442
1528443
1352976
1508771
1510870
1510879
1398770
1375906
1588789
1591274
1388772
1398777
1598709
1518774
1598772
1508770
1500877
1510877
1370867
1388771
1518772
1388774
1357776
1357779
1520877
1398773
1582515
1352999
1370869
1582514
1390877
1398772
1509675
1528444
1388779
1598728
1398848
1518776
1580866
1596931
1360877
1518816
1518770
1388770
1357771
1508774
1588788
1510876
1388775
1398842
1597499
1598770
1352975
1398774
1598773
1597498
1509674
1598707
1598729
1591176
1398845
1518815
1596930
1518778
1510875
1591238
1398846
1398844
1509677
1591177
1580865
1388777
1582513
1510874
1518818
1598708
1510873
1390889
1500887
1398771
1518775
1500888
1398841
1509676
1518817
1388778
1357777
1352990
1582512
1357772
1398843
1398840
1589428
1518777
1500889
1357775
1509671
1591275
1352969
1510871
1360889
1352978
1375909
1508773
