1305330
1860643
1300015
1328069
1301271
1325533
1565338
1328062
1565331
1555333
1328063
1328789
1324533
1566636
1320533
1301015
1561563
1305485
1561583
1328709
1318194
1566670
1322069
1565337
1315698
1307064
1305337
1555331
1328060
1565336
1560533
1301161
1561593
1303177
1328061
1328067
1566602
1329533
1315643
1315338
1322068
1312720
1561533
1327643
1301160
1307063
1315337
1321067
1307065
1318191
1328701
1328068
1555330
1301163
1305336
1300151
1308270
1315335
1865363
1305334
1565333
1329643
1303450
1307062
1307066
1327533
1566603
1315336
1300150
1328703
1322067
1860638
1301162
1303451
1329011
1305335
1328065
1308271
1307067
1569806
1317655
1328788
1307061
1565335
1565332
1322533
1560643
1561553
1328706
1300270
1305332
1328066
1305338
1569233
1555332
1307069
1315339
1328064
1307060
1305339
1566653
1305333
1561573
1305486
1569805
1318192
1328533
1328700
1310533
1301270
1303178
1305489
1307068
1565330
1565334
1300271
1301164
1555334
1860533
1323533
1565339
1314533
1566643
1865362
1318193
1305487
1305488
1328702
1328708
1303179
1328707
1305331
