1589872
1516935
1509236
1586533
1357337
1525335
1396442
1379215
1395338
1527597
1580533
1356161
1586629
1586626
1395339
1386439
1525444
1396937
1505335
1594973
1506437
1386937
1379333
1520661
1585336
1396446
1358955
1596533
1379330
1594974
1386442
1506585
1596446
1516926
1396449
1580643
1396932
1589877
1515334
1375479
1388462
1585335
1526932
1358949
1525445
1358332
1589871
1506438
1589874
1526939
1525443
1370533
1595336
1506431
1516643
1356163
1506934
1596699
1357336
1526439
1385332
1526432
1525336
1527598
1396437
1356169
1525338
1396931
1350644
1586632
1385331
1358333
1500533
1589870
1386445
1506935
1505336
1351863
1358954
1386443
1595333
1596449
1379331
1509230
1362644
1358103
1358950
1527595
1516922
1527590
1388460
1396436
1380643
1358957
1357335
1526437
1525337
1596696
1385338
1596698
1525330
1589875
1506533
1356165
1520669
1509231
1506430
1386931
1526431
1357339
1505337
1586495
1350894
1506439
1351864
1380533
1385334
1358951
1595334
1516923
1525442
1390643
1388461
1594990
1386444
1516607
1506933
1520668
1527596
1526936
1358100
1526648
1596554
1379218
1515330
1596695
1396430
1526438
1350533
1500653
1358335
1396447
1515339
1526937
1370643
1585333
1520533
1357334
1509232
1525331
1506433
1506932
1516931
1358956
1525447
1589873
1385333
1358953
1386932
1386440
1586565
1520660
1527592
1396438
1595479
1386435
1358952
1379219
1520667
1586547
1526533
1526934
1380894
1516938
1586404
1505333
1396933
1365644
1505338
1585334
1396439
1516924
1358959
1586449
1506589
1500643
1596447
1596553
1375475
1386447
1516608
1516925
1356164
1351533
1585331
1396443
1509233
1509489
1516930
1595331
1525339
1386933
1386939
1526435
1525332
1396934
1386433
1506938
1510641
1506432
1586627
1516939
1505339
1510533
1506931
1586446
1358102
1505459
1386934
1385336
1358337
1375476
1396431
1515333
1506588
1358958
1505332
1527599
1386441
1596330
1516929
1595332
1386446
1505331
1385335
1395334
1396936
1380648
1516936
1585339
1506939
1350895
1526436
1396445
1526935
1386432
1509488
1386434
1356167
1515332
1506930
1525333
1527594
1526967
1358336
1379216
1515337
1396432
1357332
1516937
1526930
1386431
1527593
1379332
1386438
1515331
1586628
1585332
1509234
1395336
1396930
1527591
1375477
1358948
1395331
1379217
1360894
1526931
1506435
1386938
1510642
1515336
1586448
1509235
1356166
1505330
1516920
1594983
1516932
1526430
1510643
1506587
1395332
1516928
1506936
1526434
1506434
1396433
1395330
1585338
1358330
1372399
1396935
1525334
1386437
1516584
1596331
1385339
1356162
1385330
1385337
1516934
1358104
1586447
1595337
1596552
1396448
1386430
1505334
1396938
1395335
1396444
1595330
1386448
1526938
1386436
1506436
1509487
1589876
1516927
1396434
1386936
1390533
1527533
1596697
1595335
1509486
1585330
1526433
1358101
1590533
1375478
1358338
1506586
1386935
1516933
1506937
1378989
1515335
1395337
1516921
1516533
1356160
1358331
1526933
1585337
1396435
