1530533
1335527
1337643
1333522
1337140
1333520
1531428
1895441
1335441
1330643
1895335
1531533
1533643
1337069
1335440
1531429
1333523
1335528
1334523
1336140
1332523
1890643
1337156
1534533
1335525
1530643
1895336
1334522
1533533
1895442
1330533
1531860
1531861
1335526
1339533
1338533
1337157
1895443
1332521
1337067
1531523
1335533
1895339
1339643
1334125
1337068
1895444
1332522
1895338
1334520
1337158
1335524
1335520
1531521
1335523
1531522
1337159
1336159
1334126
1336533
1890533
1336158
1531427
1335522
1335529
1334521
1531426
1895440
1895337
1337533
1333521
1332520
1338643
1335521
1531520
1337559
