1589113
1377237
1500922
1529142
1502951
1389128
1399108
1519126
1512960
1372069
1529125
1357127
1363029
1520912
1589127
1582982
1377293
1592901
1529188
1502952
1389220
1348808
1519127
1522944
1399222
1599121
1592902
1592964
1502932
1380912
1592918
1500912
1389228
1599122
1587757
1389129
1511492
1519182
1377231
1377238
1589124
1372048
1357125
1522959
1509140
1360922
1377294
1512971
1529126
1372068
1592970
1389229
1589102
1389221
1519128
1580912
1529123
1389121
1377230
1389126
1522982
1509112
1589125
1372047
1377233
1512983
1399109
1389127
1357124
1377239
1509178
1511494
1502962
1519199
1502982
1519120
1519129
1509102
1589123
1357120
1599123
1522942
1357123
1519198
1372046
1509184
1599192
1587754
1529124
1350912
1363679
1502912
1589122
1357269
1377292
1389226
1389123
1372064
1389120
1357263
1529127
1512912
1509166
1529122
1512942
1357121
1509149
1363688
1399221
1377291
1522952
1399223
1510912
1522972
1522918
1592922
1502984
1519123
1590924
1529128
1377232
1590912
1357266
1592979
1357122
1509122
1592919
1357129
1512972
1592905
1377235
1512932
1377290
1522962
1502972
1519124
1529121
1589128
1509131
1519194
1589117
1372071
1592940
1522992
1592968
1587756
1502969
1372044
1522912
1399226
1377234
1582912
1519121
1399228
1357267
1389227
1357128
1592949
1389224
1592914
1399227
1529120
1587746
1389122
1592912
1599120
1502942
1519122
1502973
1589129
1529129
1389225
1509188
1529182
1509174
1592982
1522985
1509150
1389124
1372079
1399107
1389223
1389222
1599182
1502940
1363684
1377295
1589115
1377236
1589112
1512997
1399220
1512952
1522979
1590928
1587758
1399106
1502938
1592983
1357126
1589126
1399225
