1559603
1328975
1323928
1559653
1559127
1552912
1566769
1311928
1566782
1552999
1303896
1328972
1552973
1308096
1310924
1328970
1310849
1559606
1566774
1552994
1309829
1552972
1552990
1322799
1303897
1566780
1311929
1569125
1552975
1566775
1328978
1310925
1308484
1559651
1325933
1566777
1560912
1552996
1561994
1552982
1559656
1303895
1322002
1569124
1559611
1569123
1559125
1552983
1559650
1552981
1323912
1308098
1559604
1309827
1566772
1552995
1559657
1566783
1323924
1559128
1559121
1328973
1314912
1860918
1310923
1561995
1566784
1325935
1552984
1328948
1559126
1309826
1308482
1566779
1310922
1328976
1561912
1566770
1552970
1566773
1552980
1310968
1559658
1328912
1552979
1328947
1552998
1322844
1328979
1552985
1559659
1325938
1315400
1321962
1309825
1559610
1325912
1559601
1561992
1566781
1559123
1569121
1860922
1552997
1310969
1868193
1327912
1309824
1569128
1310921
1303894
1552991
1315401
1561993
1569129
1323925
1328971
1559609
1325937
1559602
1559652
1559129
1308483
1321961
1552977
1552986
1569122
1868190
1559655
1559120
1308097
1310920
1569120
1552987
1561991
1323929
1566776
1566771
1559607
1323926
1552992
1328974
1868192
1559608
1552978
1860912
1561990
1321960
1315402
1328977
1328949
1322792
1566778
1552988
1569127
1559600
1320912
1559459
1303898
1868191
1552993
1559124
1302640
1323927
1559654
1566768
1552974
1552971
1552989
1303899
1569126
1309828
1559122
1559458
1552976
1325934
1559605
1322836
