1598358
1598357
1398234
1388230
1388237
1528122
1398237
1398232
1356864
1508237
1518270
1518127
1354761
1589257
1388231
1518273
1589258
1390814
1598359
1508236
1598455
1388235
1518125
1398035
1398034
1580810
1355898
1528123
1355092
1528124
1518126
1388232
1398239
1388234
1354760
1508239
1398236
1518272
1588127
1518129
1380814
1355095
1355090
1588128
1350822
1354820
1522858
1508238
1518128
1580812
1588125
1388239
1351841
1580811
1354764
1588129
1598457
1398233
1350823
1519650
1354821
1398235
1598458
1598355
1528120
1380081
1598456
1588126
1388238
1522857
1354763
1518274
1398231
1388236
1522859
1528121
1598356
1519651
1355094
1598459
1518271
1589256
1354762
