1374589
1379651
1524586
1374668
1376674
1520458
1394589
1384586
1384585
1374677
1590458
1509456
1374676
1514582
1580458
1370458
1384589
1509457
1389593
1374674
1384587
1390458
1509459
1374588
1376672
1374665
1384588
1384663
1374581
1374675
1524589
1524694
1594580
1376675
1384668
1379649
1374585
1376673
1380485
1524693
1384584
1374667
1384669
1384662
1379648
1514581
1509458
1524692
1384583
1374672
1379652
1374587
1384665
1524587
1374666
1513467
1374673
1514580
1514583
1350457
1384582
1524691
1374582
1384667
1394587
1370485
1524588
1374660
1513466
1384581
1374669
1384666
1374679
1369458
1384664
1374670
1394588
1384660
1379650
1384580
1368458
1384661
1374678
1374671
1374580
