1508659
1359592
1398469
1598534
1528546
1587035
1398509
1518657
1518639
1508652
1518652
1359598
1587037
1518640
1598533
1518654
1359593
1528545
1518637
1398599
1508658
1518651
1598549
1518655
1508653
1398597
1587038
1359597
1518641
1512159
1388593
1598535
1398465
1518650
1388594
1359596
1528549
1359590
1518635
1511739
1510859
1598536
1512156
1588595
1598538
1587039
1508651
1518649
1390859
1508655
1500859
1359595
1511738
1388595
1359591
1512158
1388592
1388596
1512155
1370859
1518642
1518643
1588596
1518648
1359594
1388591
1398449
1528547
1508654
1511730
1398598
1518644
1350859
1518659
1588597
1511736
1518647
1508657
1388597
1398467
1512157
1398595
1587034
1518645
1598537
1359599
1511735
1351859
1518646
1528548
1388590
1511737
1580859
1511731
1598532
1588599
1518656
1398596
1588598
1518658
1508656
1398468
1518638
1511732
1588549
1587033
1388598
1518636
1511734
1518653
1508589
1511733
1388599
1598539
1590859
1520859
1587036
