1584104
1384104
1374105
1504204
1374106
1359103
1584106
1514104
1514186
1504108
1518413
1394102
1584107
1524107
1518414
1370410
1524100
1504103
1590410
1584101
1514146
1504203
1584100
1514105
1374104
1389859
1514189
1584105
1510426
1510425
1374107
1504202
1504201
1524109
1518411
1589807
1594109
1394100
1524108
1584103
1370490
1504102
1594100
1514147
1514188
1516414
1384107
1359161
1514103
1374103
1514100
1394106
1514102
1589801
1374100
1384102
1359106
1594107
1389857
1350040
1589808
1350410
1500410
1514149
1516410
1359107
1584102
1360410
1384103
1380041
1589809
1510410
1370010
1594101
1518412
1504209
1514148
1594108
1394105
1589800
1594102
1524102
1374102
1384106
1359100
1524101
1504104
1374108
1374101
1389858
1589803
1514108
1390410
1359108
1359162
1504208
1384100
1504105
1524170
1394109
1524103
1584108
1516412
1594105
1394108
1359109
1594106
1359102
1384108
1394104
1516411
1589802
1514109
1594103
1384101
1504207
1514106
1504200
1584109
1390490
1504107
1514185
1524105
1394103
1589804
1504205
1514101
1594104
1394107
1384105
1589805
1504206
1504106
1351410
1580410
1518410
1359101
1359104
1504100
1516413
1374109
1524106
1504109
1394101
1514107
1524171
1514187
1380410
1589806
1514145
1504101
