1305084
1313079
1315420
1566371
1323420
1566370
1554142
1323410
1319410
1310410
1564109
1322410
1564102
1554297
1323828
1566373
1564108
1313077
1315410
1305082
1320410
1554206
1554101
1313410
1327410
1323814
1560490
1303079
1554296
1301991
1305081
1314796
1554144
1564101
1566372
1327420
1569420
1308179
1305083
1564100
1569410
1860410
1554207
1325279
1554145
1323829
1306523
1564107
1323674
1320420
1554299
1305080
1554143
1323675
1306522
1564106
1554298
1554100
1564103
1564105
1554205
1301992
1550423
1569875
1554141
1306524
1860490
1560410
1303078
1564104
1566374
1306520
1550268
1300827
1328410
1313078
1321410
1300927
1313089
