1516172
1516177
1506125
1585173
1385226
1599615
1519551
1586170
1391515
1589616
1351152
1519539
1518964
1505081
1377674
1519532
1589619
1386157
1351154
1380140
1595236
1595231
1377049
1586175
1516292
1589643
1525239
1595235
1377038
1381334
1525231
1595039
1594915
1519538
1505245
1525230
1506123
1518955
1518952
1594918
1586179
1395233
1506128
1351153
1385239
1586176
1377048
1585172
1385230
1595232
1516173
1395236
1385225
1589615
1519531
1595237
1515256
1505080
1505266
1395235
1594917
1519536
1395234
1594916
1525088
1377039
1391518
1506120
1505267
1390523
1599618
1599617
1526179
1585177
1515283
1525241
1520523
1585170
1386159
1515237
1505246
1525236
1515230
1586173
1506121
1506126
1595238
1519533
1519537
1525087
1589617
1505135
1515239
1505265
1380523
1391208
1510523
1519534
1525235
1585171
1515231
1515238
1525233
1377036
1385237
1516171
1518969
1391516
1516170
1526174
1385238
1391510
1515258
1518950
1505264
1515236
1586174
1377037
1585176
1506129
1391512
1586177
1595239
1525086
1395230
1516174
1377035
1385231
1585179
1525089
1377670
1518961
1595036
1395126
1525238
1395237
1599619
1515232
1526178
1594919
1515241
1515255
1586178
1391519
1385249
1595035
1595038
1518960
1525085
1381545
1391206
1590523
1518967
1381330
1377045
1518951
1519535
1515257
1395238
1505263
1595147
1515233
1351151
1515240
1519540
1505137
1505260
1526177
1599616
1585178
1351523
1506124
1586171
1395239
1526173
1377043
1381331
1516175
1385236
1595126
1525237
1580523
1506127
1350524
1586172
1391517
1518959
1525232
1595234
1585175
1370523
1515234
1506141
1360523
1516179
1351150
1505262
1526172
1391513
1518956
1390140
1377672
1351524
1505139
1377044
1519530
1505136
1518962
1519541
1350523
1385235
1518968
1589509
1505261
1516176
1505269
1377671
1585174
1595037
1395147
1377040
1377047
1391205
1386155
1518958
1515235
1526176
1395231
1518963
1395232
1505138
1386156
1595233
1515259
1506122
1505268
1519550
1526171
1386167
1516178
1518957
1518953
1500523
1525240
1518954
1385224
1525234
1526170
1351155
1506169
1595230
1518966
1518965
1526175
1377673
1377046
1385234
1515282
