1339521
1333891
1534517
1531230
1895235
1338231
1895232
1891510
1333797
1891516
1531234
1890140
1895237
1338233
1337522
1891511
1895231
1336516
1891515
1335796
1895236
1895230
1891208
1891514
1337521
1895147
1333796
1330523
1891512
1335797
1891513
1895238
1339080
1339081
1895239
1534520
1891206
1530523
1338232
1534521
1890523
1891519
1333890
1531231
1332796
1891207
1891518
1337520
1339520
1530140
1334796
1531232
1891205
1330140
1895126
1338230
1895233
1334797
1531233
1891517
1336517
1332797
1895234
