1860529
1560140
1317401
1311525
1323621
1323625
1300354
1305602
1566514
1315130
1565147
1323626
1309493
1323622
1323620
1323624
1860517
1321832
1315187
1317400
1301658
1311523
1566517
1569517
1315131
1309492
1315186
1308355
1566511
1301659
1566516
1329522
1311524
1321830
1566455
1318665
1566519
1306492
1309491
1315185
1329521
1322517
1306493
1321831
1327517
1329520
1566518
1309490
1566513
1315184
1324570
1327651
1301656
1303355
1301657
1309494
1310190
1860528
1323646
1315134
1327650
1560523
1305601
1323623
1315189
1565126
1315133
1322271
1306491
1566512
1310191
1305600
1315132
1305603
1315188
1566515
1321884
1306490
1321833
