1394391
1514391
1514399
1394395
1584495
1359678
1594395
1584499
1514397
1584391
1584390
1514393
1514390
1370449
1359671
1374396
1359675
1374398
1384394
1389403
1594490
1584494
1594396
1394399
1584395
1374399
1359676
1389400
1359672
1394390
1514392
1520439
1370439
1504395
1374394
1389404
1510439
1594393
1584394
1594492
1390449
1389401
1594394
1359674
1514395
1504394
1389405
1584393
1380449
1594491
1359670
1351439
1584490
1374397
1384390
1389402
1594399
1584392
1594498
1514394
1594392
1389406
1394314
1584491
1584496
1359679
1504397
1374393
1384399
1384397
1389407
1594493
1504392
1394394
1584396
1584493
1374395
1594499
1504393
1584399
1594497
1504399
1394398
1384398
1389408
1590439
1384391
1374392
1594391
1584497
1394342
1594390
1500439
1504396
1594494
1394393
1504390
1584398
1384392
1374390
1394397
1384395
1389473
1594495
1389409
1350093
1359677
1360449
1514398
1584397
1584498
1584492
1384393
1594496
1504398
1594397
1580439
1384396
1504391
1594398
1394392
1374391
1394396
1514396
