1337684
1336206
1896708
1532515
1896958
1338588
1339578
1336205
1336249
1335707
1334606
1895709
1531487
1332611
1334607
1896707
1337578
1896959
1334578
1890588
1339678
1335708
1532513
1336207
1338847
1532578
1896956
1330578
1336209
1530578
1530678
1336208
1338848
1532512
1533768
1896706
1531488
1330588
1531489
1896957
1337238
1532518
1339688
1896704
1330688
1896705
1895704
1532516
1895706
1337239
1330678
1534578
1339588
1895705
1531486
1532517
1895707
1335709
1895708
1890688
1332578
1890578
1532519
1890678
1337248
1896709
1337588
1532514
1338578
