1309578
1305962
1560678
1318448
1329578
1328258
1320578
1555784
1550588
1315780
1325198
1328252
1321689
1318578
1328255
1305969
1308289
1328588
1308469
1305967
1315789
1305960
1328578
1301793
1565720
1325199
1300267
1315788
1311686
1321688
1323578
1860578
1310638
1321687
1322177
1322178
1860677
1315787
1305965
1320588
1310639
1315781
1555846
1327688
1315782
1321643
1328253
1325578
1555783
1321644
1305963
1310628
1860678
1310578
1305966
1301792
1328256
1310629
1315783
1309469
1555782
1555781
1315785
1315786
1328259
1565721
1565722
1321686
1322176
1300469
1310588
1303368
1555845
1305964
1322148
1555780
1550578
1569578
1305968
1305961
1323588
1329588
1309468
1328257
1310627
1565723
1315784
1303424
1560578
1322179
