1375427
1505789
1396707
1592576
1515787
1598802
1590578
1598800
1515749
1375782
1599086
1598805
1373597
1358715
1375785
1599085
1502466
1596729
1388432
1396706
1502464
1357538
1385707
1585788
1375786
1375784
1373594
1515788
1500578
1515786
1375426
1505785
1592579
1516801
1388433
1377769
1592575
1373595
1586922
1375429
1596725
1516800
1385704
1599088
1585789
1599042
1390678
1385705
1586921
1515781
1386706
1598807
1585783
1502465
1373592
1596726
1396704
1599041
1386707
1386704
1595783
1390588
1515789
1516803
1599087
1388439
1356761
1502463
1599044
1373254
1515780
1350682
1599049
1356764
1505787
1515783
1395705
1361578
1598804
1525783
1375428
1586924
1525780
1585782
1526879
1396705
1599089
1596727
1590640
1595784
1386705
1505869
1388438
1388437
1395704
1356760
1592570
1502462
1592571
1385708
1373255
1598801
1586923
1505786
1386708
1515782
1590644
1585781
1358718
1502469
1599081
1599043
1375709
1585784
1373590
1580578
1595781
1356763
1373593
1516804
1360060
1599080
1375781
1598806
1526878
1599046
1586920
1585785
1590678
1358719
1580588
1520578
1590643
1386709
1357537
1596728
1505868
1526877
1598809
1599082
1360669
1592574
1599045
1502468
1357539
1510588
1395706
1585780
1385706
1358716
1373598
1590588
1520588
1388435
1595782
1350650
1585786
1373596
1599083
1358713
1385709
1502460
1515785
1526876
1500588
1375425
1525782
1396708
1592578
1590642
1373599
1599048
1590688
1515784
1505788
1356709
1358717
1585787
1390688
1598808
1598803
1356762
1592573
1525781
1395709
1375783
1390578
1388436
1599084
1595780
1515748
1373591
1590641
1592577
1526875
1599040
1510578
1388434
1396709
1599047
1358714
1502461
1516802
1502467
