1509566
1389373
1399376
1373937
1500948
1519374
1383077
1399370
1519372
1529376
1510937
1509567
1399375
1383018
1529327
1529348
1510176
1509721
1383070
1389370
1389374
1383076
1529375
1529326
1519371
1519375
1389376
1383071
1399371
1510174
1510175
1383019
1509722
1383073
1529329
1519370
1399374
1520937
1389375
1390937
1351948
1509565
1399377
1399379
1510173
1389378
1383072
1383074
1500949
1580937
1363937
1509723
1351907
1529379
1500947
1399378
1510172
1509724
1351947
1520947
1389377
1399372
1351937
1529349
1519349
1519378
1519377
1383017
1390947
1383014
1529328
1519379
1519376
1383016
1509568
1529373
1510171
1529378
1389371
1383015
1389379
1500937
1383079
1529372
1383078
1380937
1389372
1529374
1519373
1399373
1510170
1529377
1529347
