1327754
1326493
1561480
1314726
1322745
1562923
1322746
1303278
1323544
1326492
1325726
1310076
1309324
1304484
1557178
1322743
1562924
1557244
1309325
1567151
1554917
1323545
1309847
1327718
1557189
1304485
1554910
1557050
1313584
1557188
1860279
1557243
1554924
1322742
1554914
1562925
1557179
1309326
1322747
1311714
1554916
1557242
1567187
1313585
1329710
1554925
1324722
1557051
1557052
1304719
1327756
1562926
1323559
1304486
1562940
1322749
1311713
1860726
1567188
1325718
1327755
1554922
1557241
1554919
1557240
1554918
1554913
1557056
1322748
1327751
1567152
1567189
1557186
1557182
1557057
1557053
1327752
1557054
1560726
1554921
1308519
1867169
1327758
1322740
1557058
1557183
1567153
1557187
1327757
1557180
1567150
1313583
1554920
1557055
1554915
1322741
1321728
1327750
1327753
1557184
1554911
1322744
1303279
1557059
1562921
1561482
1321718
1323546
1557185
1327759
1562920
1554926
1557181
1304483
1554912
1562922
1325725
1569726
1561481
1554923
