1527226
1597182
1517102
1597244
1359361
1517283
1527222
1363629
1502720
1378990
1517103
1597168
1597171
1358120
1507186
1517199
1397240
1592613
1363577
1359779
1517291
1363576
1517288
1359775
1398684
1517282
1592614
1517108
1359362
1517281
1597183
1599774
1517193
1507185
1388675
1502721
1502719
1358121
1363575
1517296
1517198
1517287
1360724
1597247
1397244
1351717
1582669
1359363
1397241
1517280
1397187
1507184
1599773
1597169
1359776
1597178
1502718
1517299
1597246
1363627
1351718
1592610
1517286
1398686
1517289
1363574
1397243
1582666
1397242
1359364
1363628
1597242
1599771
1507183
1597177
1599776
1399775
1597176
1359781
1517294
1599775
1527221
1517197
1517106
1517109
1597170
1359780
1582667
1517297
1597175
1388679
1399776
1398685
1351713
1597243
1599772
1397189
1599779
1599770
1517107
1527223
1517196
1399779
1597179
1592612
1517104
1397188
1399777
1582670
1388678
1517285
1517292
1597174
1359360
1358122
1502723
1527224
1592611
1599777
1507189
1387273
1388676
1399778
1597180
1387272
1517295
1597241
1597173
1387270
1502722
1597181
1351715
1517284
1517194
1507188
1517290
1527225
1359777
1599778
1359778
1517293
1517105
1351714
1517195
1517298
1388677
1390726
1507187
1597245
1582668
1597172
1387274
1387271
