1329871
1560462
1864522
1322452
1564526
1323494
1567292
1320651
1563627
1559080
1323493
1320660
1563628
1314952
1325869
1301909
1860452
1554564
1307961
1307968
1321296
1308975
1323464
1323460
1325162
1319452
1306973
1554628
1860362
1314457
1564520
1564527
1554568
1567283
1567297
1563626
1307960
1307969
1563620
1329872
1554563
1323452
1554625
1554560
1306999
1560482
1569962
1554522
1313660
1311452
1321452
1563621
1554569
1563696
1563624
1563622
1313662
1310404
1554523
1307967
1864520
1311466
1313663
1327466
1567278
1308973
1310098
1301903
1325868
1307964
1307966
1300975
1314957
1563623
1554623
1310152
1328452
1563625
1563695
1306997
1554520
1323461
1301973
1323462
1567295
1310092
1554627
1564521
1564522
1321295
1560362
1567286
1569452
1554561
1560452
1300974
1310402
1306998
1326352
1313452
1310099
1328498
1306963
1320452
1328402
1301978
1554624
1307965
1320663
1554629
1320672
1310452
1305430
1564529
1313661
1311566
1554521
1306968
1314452
1554567
1564528
1564523
1310403
1310082
1321462
1860462
1554502
1311532
1305431
1303974
1563629
1321282
1315452
1307963
1323463
1300973
1564524
1554566
1864521
1320662
1313672
1301097
1312452
1314962
1564525
1320673
1320650
1554565
1308974
1310162
1322462
1327452
1311462
1554562
1320661
1325152
1305424
1307962
1554524
1313673
1554626
