1379625
1383625
1517465
1350452
1351463
1394527
1584525
1594647
1384528
1370452
1370461
1594620
1379686
1389599
1508453
1394621
1376348
1374625
1360462
1504627
1389598
1594629
1376355
1584578
1394528
1516469
1380361
1368452
1504523
1516461
1394526
1504624
1384521
1374528
1379630
1374525
1504521
1514530
1504520
1394522
1383628
1584622
1584575
1370482
1524524
1514623
1517450
1517462
1376653
1594648
1584560
1374628
1594525
1594520
1584626
1584523
1374529
1376356
1584627
1384624
1514667
1389597
1514520
1384525
1584577
1514624
1360452
1584568
1524584
1517460
1394521
1350482
1594627
1370369
1584526
1350461
1374624
1517451
1374524
1379629
1351464
1394628
1504522
1508454
1584621
1384526
1584624
1394624
1584562
1360461
1520452
1394525
1376652
1517461
1514525
1516463
1504626
1383629
1376350
1390462
1370462
1524526
1514531
1584567
1379628
1379685
1516462
1374627
1376347
1584569
1374526
1524583
1584620
1584528
1514523
1374527
1380362
1374629
1376357
1517464
1384625
1380363
1514528
1376655
1504629
1584576
1389596
1508455
1384628
1584561
1584570
1504621
1350462
1394622
1514668
1379684
1374626
1383626
1524582
1508457
1590462
1360482
1394625
1390452
1376349
1514529
1584625
1379627
1384524
1376358
1514621
1584524
1514669
1517458
1590452
1524528
1584520
1383621
1504628
1376654
1594652
1383627
1508456
1524581
1516465
1389595
1384629
1514665
1594625
1383620
1594646
1351469
1514620
1584571
1584565
1376656
1594628
1379626
1384523
1594623
1376359
1584572
1514521
1351468
1517459
1383622
1514526
1594522
1524529
1524572
1374621
1516464
1514666
1384621
1379634
1584527
1524520
1376352
1374521
1524573
1376345
1514524
1508459
1594624
1594651
1594645
1524580
1351467
1384520
1376346
1384626
1383623
1390362
1594521
1514527
1504623
1384529
1394627
1584563
1384522
1376657
1517453
1524523
1384620
1594524
1504620
1374520
1514622
1594621
1374620
1379632
1379689
1517456
1384627
1376351
1504622
1517463
1394529
1384623
1383624
1514540
1524522
1390482
1351461
1524521
1584566
1584522
1379688
1508458
1594650
1351466
1508451
1376354
1516467
1517457
1514541
1394520
1351460
1374623
1580452
1517455
1524527
1594626
1374622
1384527
1594622
1379631
1517452
1516466
1394623
1516460
1379624
1584573
1374523
1524525
1584521
1584574
1508452
1376651
1584623
1379687
1594649
1351462
1584579
1351465
1517454
1516468
1374522
1584628
1394626
1376658
1504524
1394523
1380360
1584564
1504625
1384622
1514522
