1552525
1320342
1323314
1310352
1310012
1301549
1315294
1323315
1863522
1313333
1328352
1550352
1563520
1301539
1569838
1329452
1860340
1300804
1553624
1553520
1303349
1323317
1563521
1329462
1552526
1553428
1569837
1563529
1313332
1302808
1329372
1553429
1863521
1863520
1553621
1551375
1552559
1309659
1560352
1310002
1551376
1569850
1553426
1328368
1563527
1553521
1323316
1322352
1553421
1551377
1552524
1315282
1863523
1563528
1309769
1309658
1302804
1300809
1553623
1310342
1329352
1553526
1323319
1860352
1553529
1552523
1563526
1551378
1313342
1306809
1320983
1320984
1311112
1863524
1313312
1553420
1563525
1553527
1300808
1311122
1319122
1552521
1553528
1552558
1323313
1553422
1323318
1315272
1553424
1553620
1552557
1329382
1309668
1309654
1553425
1553427
1311128
1322362
1552527
1863526
1563524
1552556
1863525
1323352
1315292
1553423
1329392
1551352
1313322
1552522
1303809
1552528
1313462
1309669
1553622
1310340
1309759
1560342
1563522
1302809
1308032
1552555
1553522
1552529
1309754
1552520
1323342
1553525
1553523
1320352
1313328
1569839
1551379
1553524
1863527
1563523
