1393482
1513522
1511072
1503522
1503423
1383529
1593407
1393402
1593520
1593423
1523520
1393412
1393522
1399435
1393481
1375490
1523526
1359305
1511078
1511071
1583536
1583502
1393425
1513523
1375325
1399440
1593527
1583524
1503526
1590352
1393520
1393527
1393426
1520342
1399443
1393480
1399430
1383528
1351352
1503527
1375494
1375324
1523527
1593424
1383402
1593425
1593420
1511074
1583538
1503524
1399437
1593526
1511073
1383521
1513520
1593531
1390342
1350352
1350978
1393525
1523524
1393529
1359303
1399446
1393479
1500342
1513521
1383527
1590342
1593530
1523525
1393526
1393478
1359304
1503420
1375320
1383526
1510352
1399433
1583564
1593529
1583522
1351366
1393477
1503421
1520352
1511076
1383445
1523522
1523529
1375493
1399444
1383525
1399442
1503529
1580352
1593528
1375321
1583565
1503520
1583520
1500352
1503422
1523523
1375329
1383412
1383425
1373422
1359302
1399434
1393476
1383426
1580342
1351367
1503521
1393475
1511070
1383524
1399441
1583521
1393473
1393524
1366342
1511079
1593421
1583563
1593523
1593521
1511075
1399436
1513524
1393523
1359301
1370052
1399431
1373421
1393445
1375491
1360352
1375322
1375328
1390352
1503523
1511077
1523521
1370352
1503528
1503424
1383523
1593402
1375492
1583537
1523528
1593522
1393474
1593524
1393528
1399438
1375326
1510342
1383520
1375323
1399432
1359300
1380342
1373420
1593525
1393521
1593422
1399445
1375327
1383522
1350972
