1580835
1598454
1500830
1398163
1598352
1589268
1398160
1377876
1500831
1398164
1588122
1518124
1388161
1588121
1589269
1355894
1598350
1598351
1528127
1598453
1588124
1518352
1528128
1360826
1398017
1528350
1588123
1528129
1390816
1518353
1528126
1518122
1598452
1377875
1398161
1356875
1598354
1528125
1518123
1598451
1518120
1379586
1355159
1598353
1388162
1350816
1356874
1388163
1598450
1355158
1388244
1528351
1388164
1379584
1356876
1528352
1580814
1379585
1519656
1351834
1355156
1398162
1518351
1519657
1588120
1518350
1354742
1356877
1580815
1518121
