1518757
1376906
1502508
1528750
1528757
1508750
1596935
1508759
1398754
1592557
1598750
1588766
1528754
1528758
1592505
1596934
1398756
1376905
1508758
1502500
1502503
1528753
1357759
1591270
1508751
1357752
1592558
1502501
1352955
1388782
1357756
1502502
1518754
1370865
1398750
1518755
1528751
1398755
1518480
1508752
1390875
1398758
1588768
1398752
1357753
1518481
1528752
1518486
1357757
1350875
1518483
1502506
1592504
1502505
1357750
1398705
1518759
1591190
1508753
1528759
1518752
1591191
1518758
1509420
1398757
1509424
1592503
1590698
1598776
1357755
1592556
1588764
1357754
1502504
1592502
1518482
1508755
1357751
1597496
1509421
1388780
1520875
1502507
1591271
1518487
1518750
1588765
1592501
1588769
1518485
1398753
1518753
1528458
1508754
1518751
1598751
1370875
1590875
1352954
1376904
1597497
1509422
1598775
1518484
1398759
1508757
1502509
1528755
1592559
1357758
1388783
1508756
1588750
1509423
1388781
1598752
1398751
1528756
1518756
1592500
1588767
