1399685
1399671
1509587
1521372
1389670
1592375
1399678
1580360
1522386
1502351
1512365
1389650
1389671
1522382
1399677
1398331
1389657
1582621
1399686
1502352
1389677
1509580
1582628
1398330
1592376
1398334
1359456
1399672
1370947
1592377
1580364
1502568
1389663
1359455
1502561
1509581
1517878
1389678
1522383
1592369
1512360
1359458
1398359
1509586
1582368
1359451
1509582
1399673
1389673
1582365
1582626
1370946
1502569
1360946
1521373
1502560
1522384
1517879
1399674
1389672
1592367
1580363
1359457
1512362
1389665
1399675
1582623
1351231
1389666
1592379
1502350
1359452
1389679
1522380
1502357
1580366
1582620
1389674
1582629
1365849
1399676
1592368
1509583
1502566
1522389
1582367
1582369
1399682
1502358
1517875
1389660
1399684
1509584
1592378
1521371
1580365
1592365
1502567
1502356
1512369
1582624
1512367
1399670
1359450
1509585
1359459
1389656
1502562
1582622
1399681
1389667
1512361
1389653
1580361
1389668
1389654
1502355
1512364
1389655
1582627
1389659
1399683
1389676
1512368
1517877
1580362
1502563
1592366
1522387
1580367
1389651
1521374
1389675
1350946
1580369
1522388
1517876
1502565
1502354
1580368
1389662
1389669
1399687
1512363
1399680
1502353
1359454
1398333
1502359
1389658
1582366
1512366
1522385
1509589
1582625
1390825
1521370
1359453
1389661
1398332
1360947
1399679
1389652
1398358
1509588
1502564
1522381
