1310019
1553591
1553481
1560359
1863594
1550359
1863592
1311119
1309901
1563593
1563591
1553629
1552589
1323321
1313329
1323326
1563599
1863595
1303344
1553596
1553482
1553593
1329379
1553590
1550343
1308034
1311124
1304440
1551359
1301541
1553483
1863597
1553626
1560348
1863590
1551349
1552574
1553627
1302801
1553599
1553598
1323324
1553484
1315274
1329459
1323359
1563598
1863596
1315289
1329359
1553595
1551348
1303804
1322359
1328359
1863591
1553625
1315299
1550341
1323323
1329467
1552586
1550342
1315279
1563597
1553592
1563596
1552572
1323325
1552585
1310348
1323322
1553597
1552573
1313314
1563594
1553486
1303801
1553488
1569844
1320348
1553487
1569853
1329386
1300800
1563595
1553628
1552587
1860359
1329397
1553485
1863598
1552570
1320989
1550340
1313309
1313339
1569847
1310359
1311129
1553489
1300801
1552588
1323348
1553594
1863593
1301531
1306801
1320359
1302800
1313341
1310009
1323320
1309651
1553480
1309751
1322369
1313319
1563592
1313469
1552571
1569869
1309661
1329399
1303341
1563590
1309761
