1399495
1513597
1399499
1383439
1503590
1373429
1583597
1503508
1583527
1503597
1393595
1393591
1503598
1511044
1375398
1593595
1513595
1513594
1503549
1593596
1383494
1393486
1383473
1383599
1393592
1393590
1383591
1383586
1393596
1375397
1373427
1503592
1511043
1500348
1513592
1583595
1593590
1383438
1375396
1503599
1503454
1383598
1383472
1359356
1399485
1513505
1503507
1503506
1590348
1511045
1583594
1593593
1583525
1375391
1503547
1500359
1503591
1513504
1383447
1370359
1511046
1593444
1350359
1393410
1383592
1393488
1523569
1503455
1503504
1383471
1359355
1370059
1593445
1583591
1375392
1593591
1375395
1399486
1503546
1513599
1383593
1593556
1513593
1523567
1593409
1503453
1503544
1523568
1350979
1510359
1503505
1593592
1523565
1590359
1583590
1383589
1511048
1359358
1503594
1503593
1593594
1583592
1520348
1520359
1393438
1383595
1393439
1593447
1380347
1360359
1375393
1513591
1513590
1393487
1359357
1383448
1383590
1399487
1583593
1510348
1399498
1390348
1503502
1393437
1580359
1511047
1583529
1375394
1393409
1513506
1399497
1372098
1593557
1593599
1383594
1503545
1393593
1393597
1503542
1583528
1503503
1593446
1399488
1593558
1583598
1503596
1383597
1503541
1383437
1583599
1503458
1513598
1399489
1513596
1503457
1383495
1399496
1393489
1593598
1373428
1383587
1359359
1372099
1503595
1393594
1593597
1503459
1583526
1523566
1503540
1393599
1383409
1390359
1593559
1383410
1583539
1503509
1383496
1383596
1580348
1503456
1383446
1583596
1511049
1503548
1503543
1375399
1593448
1383588
