1336153
1332524
1531440
1334636
1336156
1337145
1531895
1533636
1531892
1895364
1337108
1895367
1335670
1335679
1531442
1531899
1531524
1531890
1531536
1530646
1531896
1531525
1534536
1335636
1336154
1333524
1533646
1338636
1337646
1335672
1531898
1339636
1531444
1337636
1531897
1335678
1336155
1531445
1333525
1895362
1334129
1337536
1330636
1330646
1336145
1335671
1334525
1333526
1338646
1895365
1335677
1895363
1333636
1336144
1334524
1337144
1330536
1531893
1895368
1890636
1335676
1337109
1332636
1337106
1530636
1895361
1533123
1531441
1339646
1335674
1895360
1335675
1334526
1531894
1890646
1890536
1337104
1531526
1338536
1895369
1335536
1332525
1337105
1533536
1336536
1530536
1335673
1336157
1337107
1531443
1332526
1339536
1531891
1895366
