1322536
1561536
1322074
1565365
1305364
1315368
1305473
1307076
1328013
1308169
1307070
1328766
1305367
1307079
1328073
1555361
1318168
1307077
1327646
1325636
1305362
1565368
1569236
1325536
1315364
1305471
1566623
1305478
1865360
1328070
1305365
1322075
1325806
1329636
1315362
1315365
1329536
1307071
1301166
1317310
1555364
1865364
1318169
1328765
1301168
1561586
1565362
1308166
1328016
1305479
1565369
1321076
1328768
1307073
1305368
1329015
1555366
1320536
1328075
1329646
1305470
1328015
1301167
1303169
1865366
1565363
1301169
1308167
1566674
1561526
1322073
1315363
1305476
1314536
1565342
1317606
1561596
1307072
1307075
1305477
1305360
1328748
1305474
1566646
1565344
1860536
1560646
1328074
1328076
1325807
1305363
1565360
1565345
1315360
1308165
1565343
1321074
1328017
1315696
1323536
1560636
1300065
1328769
1566656
1300153
1565361
1328072
1327636
1328747
1565346
1310536
1300154
1328077
1561576
1565341
1300656
1328018
1565366
1322076
1325809
1328034
1315361
1560536
1307074
1325646
1307078
1308145
1301165
1305472
1860636
1328071
1860645
1328019
1321068
1305366
1555360
1555365
1300155
1328010
1328012
1565367
1565347
1327536
1300655
1328078
1308143
1321075
1305475
1305361
1308144
1300278
1303167
1315366
1569826
1315646
1303166
1328011
1328767
1555363
1569825
1328536
1303168
1315367
1315369
1321073
1566688
1561556
1555362
1328014
1308168
1328079
1305369
1565364
1566606
1561566
1325808
