1596616
1526566
1520646
1380646
1509499
1516944
1509527
1595360
1586369
1526463
1516561
1526442
1395366
1350649
1525361
1506363
1388470
1586365
1596609
1586325
1509493
1590636
1379187
1385360
1505363
1396470
1595441
1396461
1396475
1590803
1505443
1522440
1595361
1378087
1586343
1516969
1386467
1379169
1500662
1515362
1506465
1580649
1515449
1585363
1515363
1506446
1505446
1586640
1516360
1379269
1580636
1516950
1351536
1386465
1509528
1596578
1586619
1509521
1526366
1358369
1500536
1358915
1526560
1516566
1379168
1516646
1379369
1356143
1396469
1506364
1516943
1596536
1586432
1385368
1596369
1515448
1515360
1596457
1395363
1585364
1586366
1505442
1396476
1509498
1516364
1596508
1526461
1585446
1586360
1506962
1596342
1356365
1516636
1516369
1526367
1509529
1356364
1586456
1506445
1586659
1586326
1516560
1506466
1386360
1516968
1356264
1370646
1586363
1525369
1360895
1390646
1396472
1595364
1506566
1516941
1386960
1526363
1596363
1386361
1506365
1386464
1386366
1586614
1379160
1351540
1596610
1586650
1357367
1509520
1520699
1385444
1505483
1386969
1516563
1356142
1396468
1515369
1379368
1585447
1516963
1505364
1350536
1516951
1595442
1505365
1526545
1586656
1378084
1379268
1590800
1516363
1525368
1526465
1500668
1525362
1596364
1500661
1379167
1356360
1396473
1509526
1526364
1509509
1506963
1594975
1379264
1596458
1526636
1516959
1395361
1516940
1385369
1596365
1506563
1509519
1396365
1506444
1516966
1596432
1526361
1356363
1509817
1506961
1515445
1594985
1509516
1526368
1596456
1372194
1379364
1591011
1386961
1500663
1596509
1396360
1516964
1596341
1505445
1506968
1386968
1516942
1395368
1396467
1527536
1386365
1358362
1586430
1386367
1586657
1356366
1526562
1396364
1385443
1357361
1595367
1385362
1378081
1596346
1379161
1358917
1526661
1505444
1506467
1585369
1526962
1515368
1585489
1500660
1386463
1500669
1526963
1596611
1526444
1525360
1585360
1505457
1586617
1525441
1595362
1516562
1506564
1379363
1520544
1509518
1585444
1372197
1580648
1379166
1516952
1516965
1526961
1586653
1526964
1580646
1396361
1594986
1586440
1510544
1515367
1396366
1516945
1516536
1506460
1396474
1506443
1358916
1506343
1506366
1515361
1595443
1596340
1586457
1395362
1357368
1396367
1396478
1516544
1596347
1516967
1356367
1586536
1596430
1356265
1386364
1526468
1506468
1379263
1585445
1596506
1506367
1379185
1526568
1505361
1596403
1580536
1378082
1596345
1526630
1585367
1525367
1370536
1525366
1386462
1516565
1356261
1526561
1596612
1595440
1586364
1516365
1586615
1526443
1585488
1595368
1377494
1372196
1516948
1506360
1509510
1596617
1595444
1505447
1591005
1506440
1586329
1395367
1505366
1506960
1356260
1378080
1500666
1526467
1515366
1505360
1585442
1350647
1358360
1526544
1586612
1357369
1516958
1386461
1506442
1596404
1358364
1516368
1596507
1509524
1586654
1516367
1506368
1516953
1379362
1386363
1595446
1515447
1526960
1585362
1509517
1586658
1360636
1586618
1505484
1586458
1360646
1596366
1356368
1580647
1526464
1596367
1360647
1506966
1380649
1385364
1509496
1596360
1515446
1506569
1596490
1586327
1525365
1506469
1358919
1526567
1516564
1590536
1379262
1506562
1385440
1500636
1505367
1596613
1396466
1380536
1506441
1526362
1378083
1596362
1526460
1516949
1350896
1526965
1386469
1596618
1509525
1526445
1385449
1585443
1396465
1358365
1506969
1595365
1396369
1506362
1500667
1516361
1379265
1586342
1596619
1386962
1509511
1595445
1526563
1585361
1379365
1386369
1509818
1378088
1396479
1390636
1388471
1506369
1395369
1357360
1516955
1589893
1506463
1596361
1596368
1380636
1526564
1385365
1351636
1379260
1516366
1506449
1395360
1509497
1356267
1520630
1385363
1595363
1506967
1379163
1386362
1585368
1586431
1506536
1385441
1506561
1360536
1586459
1515364
1589894
1525363
1380647
1378089
1358918
1396368
1386963
1505369
1595366
1509522
1506361
1505368
1379164
1526646
1356361
1516362
1385442
1526469
1526536
1386466
1526966
1379267
1516568
1506636
1586362
1594978
1395364
1385448
1526569
1516954
1526462
1520536
1506461
1596503
1505441
1596505
1379367
1379261
1585365
1509513
1506462
1390536
1590802
1596459
1396464
1595448
1585449
1356362
1379360
1516960
1506670
1585440
1506560
1509512
1596434
1596344
1510536
1395365
1357362
1506567
1509515
1526466
1526360
1500664
1516946
1505448
1385366
1509819
1596614
1594976
1386964
1385361
1506568
1516961
1505440
1516569
1379165
1500656
1516947
1505362
1586368
1586367
1500646
1596431
1516567
1396463
1358367
1379162
1385447
1590805
1509494
1526565
1520698
1509495
1595369
1506964
1379361
1525364
1372198
1526369
1356269
1586433
1385446
1520636
1596607
1378086
1500665
1596615
1506464
1386965
1526581
1516957
1506447
1595447
1586652
1351638
1356144
1396363
1595449
1586616
1358366
1505449
1510636
1596504
1357365
1586328
1585366
1379186
1515365
1350646
1357364
1509514
1585441
1379266
1526365
1506565
1516956
1586611
1516962
1356268
1596343
1585448
1596433
1379366
1385367
1506965
1509523
