1557730
1300595
1315257
1303683
1860783
1569773
1567735
1567736
1315258
1550683
1567734
1329963
1323773
1567836
1307762
1323783
1307765
1567706
1567737
1567837
1557838
1315253
1301486
1557738
1567839
1315259
1303693
1310059
1329773
1567707
1557739
1319773
1312353
1307760
1550773
1308773
1557740
1557836
1313297
1329923
1567709
1321143
1321150
1321153
1300693
1311473
1557735
1307768
1311763
1319763
1312343
1567833
1550783
1307763
1307766
1557745
1320773
1308793
1567731
1310043
1321773
1319764
1557744
1567835
1567832
1326373
1550682
1307769
1567708
1557741
1308673
1557743
1557834
1321159
1557734
1557839
1567834
1550684
1307761
1321154
1557747
1300594
1557733
1313264
1557742
1315263
1310053
1557732
1560773
1301485
1557837
1567838
1567739
1329927
1557746
1567730
1329943
1329947
1557736
1309773
1557731
1560783
1313273
1567733
1320783
1567831
1550685
1309793
1567738
1313263
1307767
1557749
1313283
1550686
1557737
1313293
1860773
1567732
1557835
1326383
1567830
1321783
1311773
1307764
1329783
1557748
