1397734
1376813
1363513
1507735
1597737
1587704
1359733
1360783
1587835
1597741
1507834
1517730
1529585
1363516
1529581
1597732
1373772
1597804
1387834
1529600
1376833
1397832
1527732
1507835
1355843
1387734
1387731
1355793
1529582
1590783
1373730
1590787
1597805
1587703
1529596
1397835
1363517
1529587
1517734
1507736
1373773
1500773
1587836
1387835
1529593
1376870
1597707
1373737
1507832
1597740
1587830
1355833
1397736
1507839
1351753
1359713
1587833
1378874
1517735
1397735
1376843
1529588
1527730
1351783
1390783
1529595
1387738
1507898
1507838
1590773
1597734
1373738
1597743
1363514
1507897
1500783
1397739
1355766
1351763
1376871
1378813
1351786
1397836
1376803
1387733
1373736
1529594
1587702
1363515
1587701
1527735
1529598
1597742
1373739
1507833
1507731
1529589
1507830
1507892
1507896
1376872
1397837
1370773
1597735
1378854
1529591
1529597
1387839
1376892
1397738
1373735
1517736
1597800
1587839
1507730
1529590
1527736
1397839
1359716
1351773
1507831
1397838
1378857
1397731
1527773
1387838
1373774
1529583
1597738
1378863
1507732
1373734
1597736
1587700
1378856
1376873
1587832
1529601
1390773
1594938
1507895
1376890
1376891
1599467
1527779
1597802
1359703
1380783
1527737
1517733
1380773
1507894
1527776
1373733
1597739
1378803
1378858
1387739
1529592
1350773
1387830
1529602
1527734
1510783
1587831
1359730
1397833
1507733
1520773
1597744
1387730
1378859
1597801
1359731
1517732
1355803
1373770
1529584
1387836
1507893
1373732
1587834
1597708
1387833
1527733
1355783
1370783
1507836
1397732
1378873
1597709
1350783
1527739
1580783
1527738
1529580
1387837
1587837
1520783
1599468
1397730
1355763
1597731
1397834
1378823
1373771
1359732
1360773
1363518
1529599
1373731
1387832
1376823
1376853
1529586
1507899
1510773
1376874
1397831
1517731
1590788
1378853
1507837
1378833
1387736
1363512
1387831
1590784
1580773
1507734
1387732
1355813
1527731
1597730
1587838
1507737
1597803
