1512750
1507556
1360337
1503156
1393058
1508155
1358265
1358254
1517667
1373333
1383295
1523332
1503052
1523153
1503157
1383251
1593150
1503054
1383284
1523268
1583347
1528425
1517652
1503390
1512886
1358251
1523275
1393348
1393338
1523250
1513392
1513393
1512745
1583354
1593315
1373155
1583258
1523257
1513058
1358287
1593252
1375454
1513344
1593325
1593159
1375445
1393347
1513051
1393151
1503058
1503057
1593053
1510056
1507555
1503333
1393342
1508190
1502768
1523338
1512742
1593254
1508199
1393158
1593225
1583350
1593057
1513153
1502757
1513057
1373984
1517655
1510252
1503348
1523150
1383294
1513396
1508192
1583359
1509753
1375455
1523243
1513158
1508164
1512753
1510253
1523274
1378050
1360338
1512741
1593145
1507651
1503257
1593255
1393335
1509750
1383154
1523269
1358292
1508154
1383159
1393059
1503258
1383285
1503290
1393052
1358259
1523099
1351305
1523052
1503396
1503051
1523331
1503251
1512883
1510053
1373325
1523251
1583259
1393253
1503397
1507658
1583252
1520315
1503150
1510325
1517549
1503186
1523252
1590325
1513150
1375450
1393150
1507554
1502755
1517665
1583356
1370334
1583253
1503059
1523098
1517562
1517564
1393339
1372250
1523242
1523339
1393159
1517555
1583315
1520325
1503144
1593251
1378444
1510255
1383252
1513155
1523241
1503050
1393051
1523256
1583345
1508153
1502762
1383297
1503297
1523277
1583381
1593054
1503298
1502769
1523159
1378409
1503334
1503349
1358284
1373154
1513391
1507657
1517556
1512740
1513258
1378468
1370325
1503255
1378555
1517664
1510050
1510258
1373153
1509751
1502765
1503056
1393146
1593157
1358295
1590315
1503250
1523152
1593095
1393050
1503256
1593340
1512743
1358256
1593058
1393252
1510250
1503259
1593256
1373050
1523266
1593341
1393349
1393251
1383296
1383151
1517554
1351307
1383253
1593148
1583256
1523253
1517563
1383156
1503299
1510059
1523334
1503151
1503242
1593250
1508194
1583050
1593305
1503398
1364315
1513154
1393258
1393334
1517671
1502764
1503395
1503187
1507621
1593055
1512881
1502766
1383259
1393340
1523240
1503253
1502754
1507553
1583254
1517662
1503296
1503295
1502746
1523097
1393149
1383283
1593158
1523276
1528424
1517672
1517651
1508145
1523262
1502745
1512880
1351344
1383290
1523267
1393156
1507652
1502752
1523050
1508152
1393145
1383150
1378550
1393345
1370324
1509759
1583045
1523054
1583353
1503188
1513157
1523272
1513394
1508159
1509756
1583325
1523333
1523151
1373986
1510251
1513399
1507624
1593056
1593084
1507659
1583257
1503254
1383254
1503393
1351333
1503394
1507550
1507552
1517560
1502767
1523265
1517670
1358294
1393333
1512884
1378414
1503243
1513159
1513345
1508151
1523247
1508193
1383288
1378460
1583358
1351315
1503153
1502759
1512755
1503337
1507622
1512752
1378469
1383281
1393250
1593200
1583051
1517557
1583351
1523254
1393053
1523157
1503399
1393054
1507650
1373989
1507551
1510054
1583255
1383153
1509758
1500325
1523096
1393157
1363336
1583150
1513156
1510259
1378045
1393148
1512754
1523090
1509757
1503294
1593257
1508196
1508165
1507623
1383155
1517659
1373151
1517553
1393144
1523246
1517663
1510256
1523325
1378462
1351306
1523051
1522776
1503252
1523261
1373983
1383280
1378556
1383289
1593151
1523158
1523273
1383282
1383158
1593193
1509754
1358255
1523264
1358258
1517552
1593155
1513256
1580315
1503315
1393055
1508157
1502747
1350315
1593192
1510057
1502753
1523255
1508150
1378553
1383255
1513259
1523095
1513397
1593342
1513250
1523278
1393256
1517673
1593089
1393332
1393056
1503345
1393154
1593258
1503339
1502758
1593085
1583053
1517561
1383257
1510052
1503292
1373152
1513151
1378025
1512758
1580325
1378055
1517653
1503346
1503159
1583355
1517668
1373988
1393147
1593304
1593215
1508195
1393143
1372253
1512746
1583346
1523260
1593050
1523059
1393343
1383152
1380330
1583052
1517658
1378509
1522777
1510315
1512757
1593044
1502761
1502748
1523055
1358291
1513251
1370337
1383299
1378463
1523263
1507559
1523058
1390325
1383286
1393346
1513054
1370315
1503338
1507654
1593191
1373985
1378467
1523330
1350325
1523094
1523337
1523270
1523091
1593045
1512759
1513257
1523335
1393257
1372252
1513398
1393344
1517551
1507545
1517656
1583357
1523093
1393057
1393155
1513053
1517669
1508198
1593259
1513253
1593152
1503154
1593205
1593051
1593156
1390338
1502750
1503331
1378551
1508191
1508158
1507558
1351304
1523259
1512882
1583352
1510254
1383256
1503293
1583058
1378464
1517558
1502760
1583055
1513395
1517650
1393254
1383298
1522778
1523056
1350337
1363330
1380315
1523248
1378465
1358288
1351345
1593153
1512747
1593208
1583057
1393153
1512885
1513254
1373987
1583251
1360325
1523156
1358253
1523245
1523271
1393331
1593052
1503158
1503241
1517661
1373982
1513160
1500315
1523092
1593190
1523315
1512756
1512751
1523057
1517657
1507653
1503392
1523155
1512744
1503391
1393259
1358285
1393330
1393255
1502751
1378466
1523244
1513052
1378554
1510257
1380331
1383292
1383287
1503155
1503055
1583054
1513055
1513252
1522779
1517550
1513152
1523336
1517666
1503332
1383250
1508197
1523154
1358290
1351339
1523249
1358257
1503053
1510055
1513390
1370338
1507557
1502749
1523258
1503291
1517654
1513056
1523053
1508156
1503347
1523279
1517660
1378410
1373156
1378557
1393341
1509755
1390315
1513255
1509752
1373150
1380332
1393152
1383157
1502756
1507655
1593154
1583056
1393337
1378552
1513050
1502763
1383258
1373049
1373051
1593253
1507645
1583250
1510058
1510051
1517559
1390337
1370035
1513346
1513059
1360315
