1336339
1333325
1331550
1331325
1532405
1336322
1890337
1331553
1333315
1337329
1337305
1893152
1334305
1337355
1338324
1336323
1339305
1893154
1893150
1336337
1532412
1332329
1331552
1331315
1530325
1336336
1893155
1336329
1893144
1336338
1893156
1893149
1330334
1336321
1893148
1532415
1337325
1893157
1330305
1893143
1333305
1337345
1533315
1330324
1533328
1333329
1330325
1332315
1893145
1890338
1336320
1336326
1331329
1893147
1893158
1337315
1337359
1334329
1336328
1332305
1532435
1532422
1336327
1338325
1893159
1331557
1893153
1533325
1339325
1893146
1331305
1338305
1332325
1336315
1336324
1331556
1330315
1334315
1331558
1331555
1331551
1338334
1337357
1530315
1338315
1532425
1890315
1331559
1339315
1530324
1336325
1890325
1331554
1893151
1334325
1532432
1532402
