1347346
1347353
1347315
1348356
1348350
1346359
1346353
1340246
1340045
1348353
1347351
1347390
1346354
1347296
1348390
1347352
1347389
1347295
1340245
1347350
1348354
1340243
1347392
1347344
1348374
1348352
1347294
1346351
1347293
1346352
1346315
1340244
1347357
1348351
1347391
1347356
1347291
1340335
1347347
1348294
1347358
1340242
1340240
1340241
1346358
1347359
1347298
1346350
1347355
1346355
1347292
1348357
1347393
1340315
1340325
1348375
1347354
1346356
1346357
1347290
1348355
1347297
1348348
1340247
