1553055
1300141
1310268
1561252
1553255
1561451
1323086
1561452
1304009
1323050
1303158
1322318
1563336
1304314
1563282
1563394
1561357
1561458
1561251
1301151
1551255
1553258
1313154
1563158
1323059
1323153
1563153
1327355
1563391
1563348
1303155
1329244
1551152
1308118
1323152
1311145
1863156
1553083
1309108
1561289
1323158
1563337
1323081
1313153
1553156
1329240
1551191
1563054
1563058
1551250
1322319
1304000
1327351
1329254
1553250
1553158
1554462
1563395
1323058
1561343
1551203
1308113
1561383
1310263
1553349
1301143
1553087
1561353
1563343
1563156
1329257
1551204
1554469
1553059
1561346
1563284
1561456
1304004
1563251
1563258
1553256
1329242
1303150
1323080
1551258
1563349
1563332
1323159
1863151
1310260
1318041
1329065
1311144
1553050
1553348
1551157
1863158
1322990
1553252
1561254
1561342
1553035
1329253
1329064
1310261
1554466
1301219
1300181
1323088
1569496
1322315
1569050
1561352
1300184
1554463
1554468
1551192
1303156
1551252
1327353
1563342
1563360
1329055
1553157
1329256
1313152
1553251
1561382
1553346
1561347
1563055
1329247
1863152
1551196
1563150
1563346
1329258
1563159
1304005
1323051
1551251
1561355
1323151
1553355
1310265
1554467
1324264
1323087
1563052
1563333
1863157
1561381
1561450
1301431
1329045
1561253
1553356
1329248
1561388
1569051
1329255
1551154
1563151
1561341
1563390
1563397
1553085
1553056
1323052
1563361
1561344
1563334
1563347
1563315
1551202
1329259
1553259
1553347
1553051
1553089
1310264
1327358
1554460
1553052
1323053
1313158
1551253
1551151
1551190
1553315
1554464
1304315
1324263
1563256
1322932
1323150
1551201
1323089
1563053
1304006
1569053
1563281
1563154
1563396
1553080
1301144
1329053
1561380
1551156
1563335
1561389
1311149
1553357
1563253
1561286
1329245
1551256
1553385
1563362
1553155
1551153
1569495
1561345
1308045
1313159
1309105
1310315
1561354
1303154
1553086
1563157
1303153
1863159
1561256
1551254
1323054
1563250
1554461
1863150
1563340
1310305
1563050
1551259
1329250
1304007
1313150
1553254
1561455
1563259
1561386
1327359
1322935
1563399
1569052
1303151
1553151
1308117
1323055
1553150
1301152
1561255
1561459
1563341
1561351
1554465
1551200
1561358
1551195
1311148
1553054
1309104
1308114
1560315
1561340
1553154
1301150
1563057
1860315
1327356
1563051
1551159
1563338
1310267
1569045
1561287
1308116
1329249
1329246
1563363
1309107
1553345
1329243
1322316
1308048
1313151
1553335
1553253
1303152
1561250
1563331
1561257
1563398
1313156
1563345
1563392
1323083
1323084
1563257
1561350
1563155
1553082
1553058
1569055
1553359
1310266
1304003
1313157
1563280
1308115
1323156
1311147
1301217
1863154
1569056
1563255
1309106
1323155
1327352
1561349
1561384
1563364
1327357
1553388
1553257
1561454
1553387
1553053
1553057
1563330
1551193
1323057
1563056
1310325
1322317
1551158
1553152
1561356
1561258
1553153
1563344
1553084
1551257
1301201
1310262
1561359
1561457
1563283
1304002
1563254
1561285
1303157
1553088
1323154
1561387
1563252
1310269
1551155
1863155
1563152
1323157
1327354
1304008
1329251
1311146
1553358
1569054
1323085
1301328
1860325
1563339
1863153
1553081
1561288
1551150
1561348
1553389
1553159
1329252
1553386
1561453
1308119
1301432
1323056
1563393
1561385
1323082
1327350
1563059
1329241
1304001
1561259
1551194
