1399691
1522396
1502570
1502579
1502334
1521376
1512371
1592361
1389685
1398357
1502331
1522393
1512374
1509594
1517870
1512372
1389686
1502578
1592364
1592374
1521379
1390827
1522397
1582361
1399692
1370948
1502577
1502571
1522392
1517873
1359495
1509595
1389649
1592362
1502332
1359499
1517872
1351230
1389687
1585604
1389680
1502335
1360949
1399693
1522398
1399699
1512370
1521377
1502576
1509593
1512376
1522391
1389688
1359498
1399694
1389689
1517874
1502336
1509592
1389647
1389682
1522390
1502575
1512375
1512378
1592370
1359493
1389648
1502338
1502330
1512377
1502337
1582362
1585603
1359496
1389681
1585605
1502574
1399695
1389642
1585606
1592371
1359494
1360948
1592360
1509590
1521375
1389646
1585602
1398356
1592373
1399690
1389683
1582364
1521378
1585607
1585608
1592372
1509591
1399696
1502333
1359491
1592363
1399698
1582360
1389684
1389644
1389645
1389641
1502572
1585601
1509596
1389640
1512373
1359492
1585600
1509599
1582363
1399697
1502573
1522395
1359497
1522399
1512379
1389643
1522394
1585609
1359490
1509598
1517871
1502339
1509597
1370949
