1394259
1510245
1374259
1390425
1504153
1594255
1374252
1504156
1594256
1389853
1510244
1394151
1374158
1594258
1370015
1394154
1384258
1511416
1394155
1374152
1514153
1517415
1590415
1594159
1369416
1511419
1374155
1517418
1394253
1594254
1594150
1389850
1374251
1584153
1584251
1514152
1384250
1584154
1504154
1510243
1384152
1584250
1594252
1389851
1360495
1524157
1374153
1374250
1594253
1584155
1511411
1394254
1370018
1514156
1351415
1514151
1524158
1584159
1390495
1584150
1511410
1594153
1384255
1389852
1384154
1384254
1510242
1394157
1394255
1594154
1384155
1384153
1374150
1517417
1584151
1580415
1584258
1374257
1584259
1511412
1514150
1584158
1511413
1384253
1524159
1594155
1384156
1374151
1504159
1524155
1394256
1370495
1369415
1384150
1394250
1359151
1504152
1350415
1360415
1594257
1384256
1500415
1514159
1584255
1359152
1384157
1374256
1374156
1374255
1594251
1504158
1594156
1511415
1380415
1524156
1514157
1594158
1584254
1394257
1594250
1394156
1594151
1584256
1504151
1504157
1384151
1384158
1584156
1584157
1390415
1370425
1374157
1351607
1369414
1517416
1511414
1584253
1504150
1584252
1374254
1384159
1384251
1394251
1584257
1394258
1594152
1514155
1594259
1374253
1374258
1504155
1510241
1594157
1374154
1590245
1584152
1514154
1384252
1510415
1511417
1394158
1384259
1384257
1511418
1374159
1370415
1514158
