1367145
1365974
1361037
1354204
1367147
1353112
1365284
1369244
1365977
1353101
1353642
1353636
1369237
1354205
1369245
1367096
1369236
1354201
1365972
1353641
1365286
1365976
1367099
1369235
1369242
1353106
1501340
1365287
1354207
1365971
1369243
1369234
1367098
1353637
1353100
1365288
1369249
1365289
1367095
1369231
1369238
1369230
1355356
1353639
1369248
1367148
1353635
1369240
1361039
1353107
1367149
1369233
1353110
1365978
1369246
1369239
1353104
1353638
1369232
1362044
1362043
1367146
1367097
1369241
1369247
1365975
1361038
1365285
