1521927
1511958
1353114
1382483
1501460
1382820
1382715
1382252
1597593
1376306
1521822
1372907
1521929
1581230
1580759
1355348
1587592
1392440
1511361
1590759
1350993
1521826
1359008
1511955
1354358
1581235
1521825
1521921
1501804
1356050
1591759
1354357
1581603
1355345
1597599
1590017
1501640
1372916
1581612
1508814
1501735
1372478
1355357
1382254
1511360
1521821
1597680
1372473
1382823
1511927
1597594
1597592
1353102
1501642
1581611
1372908
1591359
1591356
1382714
1370287
1372900
1356051
1372915
1521928
1390250
1501855
1370272
1390257
1359009
1500759
1588983
1501648
1521824
1382827
1587590
1355346
1382718
1355358
1581610
1581232
1501736
1581171
1511954
1511928
1379098
1382711
1581601
1581608
1501857
1380975
1508979
1511359
1501442
1587593
1382255
1359006
1370273
1501643
1382256
1581170
1590016
1591353
1372914
1354352
1372471
1587637
1382719
1372906
1591357
1360038
1501644
1511953
1597684
1581233
1521819
1354359
1587598
1382821
1382480
1354354
1370963
1521823
1591350
1511357
1597596
1380282
1581600
1501440
1581238
1587596
1501645
1379097
1501443
1581609
1501646
1521820
1501737
1372470
1521926
1355354
1581602
1382824
1521925
1501805
1511358
1382710
1590014
1382257
1501738
1370288
1510759
1581607
1382481
1587595
1501856
1360037
1392207
1591355
1372905
1511951
1382259
1587591
1591758
1359001
1382250
1597683
1591755
1379096
1372911
1356052
1382826
1356053
1501647
1587639
1370247
1370269
1372918
1392206
1597682
1590018
1597595
1587636
1382713
1521920
1353108
1372476
1520759
1382712
1511950
1356054
1392208
1359003
1382258
1382251
1372904
1521923
1587594
1382822
1359000
1591352
1581236
1581605
1590015
1597598
1591757
1355349
1372919
1511952
1501859
1372692
1591358
1372910
1590019
1587597
1382717
1376309
1501858
1372912
1353113
1355350
1501739
1521924
1581239
1591756
1370268
1382828
1581231
1511957
1581237
1382825
1353111
1392209
1372909
1581613
1597681
1511356
1372474
1501441
1372903
1597590
1380234
1521922
1587638
1359002
1581606
1376307
1353109
1590013
1511959
1511956
1591351
1382253
1350990
1372472
1382829
1587599
1501641
1521827
1372691
1380973
1581234
1382716
1591354
1597597
1353103
1372901
