1310492
1303019
1322626
1307821
1312499
1314932
1562209
1312495
1310491
1566037
1322957
1305836
1562207
1322951
1324653
1303018
1310664
1307826
1323265
1328699
1560257
1328695
1322950
1323267
1562208
1305837
1303017
1322625
1325041
1326787
1323266
1303016
1860759
1300562
1307827
1312493
1324651
1566039
1310493
1326644
1326788
1301056
1305838
1307824
1312494
1300563
1325759
1560250
1569759
1323268
1326786
1328698
1867599
1300560
1322955
1310661
1322952
1305839
1562206
1566038
1323272
1307825
1307822
1323269
1867598
1301858
1312491
1300561
1324652
1310660
1326642
1305835
1312496
1322954
1322953
1326785
1312490
1310490
1322623
1323270
1323273
1326643
1312497
1303015
1301859
1326641
1312498
1310663
1305834
1307820
1323274
1325040
1328696
1323271
1321759
1322622
1328697
1322624
1314933
1307829
1324650
1307828
1310662
1322956
1307823
1326640
1326789
