1343465
1342810
1365979
1343288
1341495
1353643
1354206
1341362
1343463
1597591
1354203
1341488
1343789
1343281
1354355
1343464
1342013
1343289
1581604
1353644
1343280
1341367
1354356
1354350
1343283
1354351
1341498
1342811
1372479
1341489
1342014
1342812
1353640
1341361
1341490
1342011
1343467
1343524
1354353
1354208
1341497
1365973
1342174
1343282
1354209
1379099
1354202
1341364
1342813
1342012
1372913
1365970
1343785
1341491
1342019
1343466
1355351
1343460
1342814
1353105
1342173
1341499
1341363
1355352
1343787
1343522
1343284
1341492
1355353
1343469
1341366
1372477
1342018
1343468
1341494
1341485
1343523
1342172
1342017
1343285
1341486
1354200
1341368
1342015
1343520
1372475
1341493
1342010
1343461
1342171
1343786
1343286
1355355
1343521
1379095
1342016
1355359
1343287
1343462
1372917
1341496
1341487
1342170
1341360
1341369
1343788
1341365
