1321954
1310800
1552895
1567676
1568170
1321952
1552063
1309288
1301817
1568028
1303823
1569284
1321939
1568176
1321953
1300288
1309459
1560909
1309622
1568179
1321951
1552874
1303649
1568175
1308654
1328196
1315865
1860828
1315864
1552062
1567673
1552873
1309618
1568178
1303648
1321950
1568039
1552872
1568173
1303651
1308655
1552064
1308656
1322832
1311847
1552871
1328198
1309621
1552898
1568174
1552060
1569283
1308833
1311849
1303650
1328197
1310831
1860831
1552899
1305665
1309620
1568171
1303653
1567674
1568172
1552897
1552061
1311848
1321983
1311800
1305664
1322831
1309458
1303652
1309453
1552870
1567675
1860829
1552896
1311801
1315863
1315469
1568177
1320831
