1528315
1598411
1360829
1389091
1518117
1377890
1389090
1356807
1350819
1356810
1598314
1518149
1518391
1598410
1398922
1528358
1528316
1519699
1528359
1351845
1518315
1588410
1399094
1598313
1589250
1508262
1379582
1528357
1518116
1588318
1377893
1519698
1350818
1354140
1588317
1528144
1528142
1588475
1399091
1508264
1389092
1528310
1580846
1598446
1588411
1379580
1588139
1528317
1379598
1518314
1508245
1518111
1356809
1528143
1377892
1528141
1528356
1588316
1399092
1508246
1588474
1528363
1528318
1389093
1528319
1398920
1580845
1518312
1508260
1588412
1528140
1528369
1519697
1528355
1355895
1518110
1528364
1379581
1356858
1518317
1519696
1580847
1389095
1355074
1588310
1355071
1379592
1588315
1518316
1399097
1588477
1590829
1528353
1589252
1389044
1518113
1588137
1588413
1588314
1508261
1518313
1356859
1377895
1355896
1589251
1528314
1355072
1588476
1598414
1518311
1355073
1389094
1598312
1589253
1588414
1598413
1518318
1588313
1356856
1399096
1377894
1528354
1528313
1598311
1519695
1518112
1377897
1399099
1518310
1389096
1528366
1373075
1389043
1356857
1588135
1389099
1528312
1589254
1399095
1580831
1398039
1370099
1528367
1588319
1598310
1518319
1588312
1508263
1356811
1390909
1590839
1592833
1377891
1518115
1598412
1377896
1588311
1598447
1373074
1518118
1399090
1528365
1398921
1590849
1356806
1528311
1592832
1528368
1389097
1389098
1588136
1380829
1518114
1399093
1518119
1379583
1588138
1589255
1518390
1518148
