1327669
1315179
1305620
1314521
1323601
1301393
1566895
1315123
1305629
1322528
1300351
1309234
1309235
1315124
1327659
1560522
1329102
1321859
1566894
1566845
1327029
1327033
1305621
1327022
1329101
1321854
1322529
1327021
1323602
1306350
1305628
1306351
1301396
1569525
1327048
1305625
1321856
1314520
1309233
1560520
1323642
1322516
1321855
1566893
1566896
1301397
1323603
1327024
1306353
1322523
1329103
1327035
1300350
1321858
1566891
1309232
1566892
1321840
1311521
1322525
1300352
1322522
1566897
1321880
1305627
1327023
1309230
1569516
1306354
1306352
1323605
1327036
1315120
1327025
1301398
1311522
1327516
1301035
1308354
1321853
1566890
1323604
1860617
1566899
1322524
1301399
1315198
1305624
1566898
1310183
1315121
1860516
1327026
1566843
1315122
1315199
1309231
1303354
1327027
1322527
1310182
1311520
1301395
1315178
1329105
1565135
1317415
1305622
1327020
1322246
1305626
1860618
1329100
1303353
1322526
1317414
1860616
1321857
1323600
1309236
1323606
1566844
1327028
1560521
1301394
1860141
1565146
1314522
1566850
1565134
