1358549
1385245
1506209
1510521
1526219
1589522
1526209
1377583
1515246
1525220
1516210
1516200
1585238
1515215
1529545
1585234
1590522
1519548
1350521
1377594
1516226
1585211
1515209
1525213
1506207
1518947
1519546
1505206
1585202
1519073
1589521
1526212
1500520
1519074
1585247
1515281
1585229
1526205
1585220
1518946
1585233
1381536
1516217
1377597
1525206
1358548
1515208
1395222
1505002
1595215
1595210
1529546
1525227
1515203
1586224
1377589
1506200
1595135
1595222
1506214
1525221
1506208
1585210
1516214
1529547
1395134
1505200
1585221
1525147
1516212
1515216
1515002
1515202
1377675
1526206
1516227
1515245
1385244
1526210
1525203
1516201
1392175
1525212
1377582
1516221
1586215
1599693
1525216
1525094
1390520
1585246
1385203
1595220
1510520
1381538
1595225
1589529
1525229
1586226
1377586
1509434
1507781
1391485
1505003
1586216
1585228
1395224
1392176
1351257
1381325
1505008
1595066
1525215
1505000
1585232
1599694
1505208
1381531
1520522
1506202
1599687
1515001
1515210
1585240
1377585
1385243
1395135
1525211
1516213
1516225
1586223
1505201
1516215
1529548
1599696
1525148
1515201
1526200
1590520
1358537
1515219
1381349
1391202
1391201
1377676
1526211
1510522
1507780
1525222
1599695
1392177
1595219
1586225
1585239
1506201
1377587
1595146
1589642
1525200
1518945
1526218
1594903
1585217
1525204
1595226
1395223
1506211
1585226
1525091
1585203
1585213
1589528
1385214
1385200
1377677
1585204
1525149
1516207
1525092
1515211
1515004
1515214
1500522
1358536
1599688
1377584
1377595
1586213
1525223
1594902
1515009
1505203
1580520
1385210
1526217
1519076
1519069
1594904
1516224
1585241
1585212
1381534
1525090
1589520
1350520
1585227
1392178
1385208
1506210
1585205
1525224
1595227
1594901
1381347
1519075
1395215
1395228
1360520
1516220
1525210
1529549
1506203
1526213
1377598
1595218
1505006
1595217
1586211
1525201
1395226
1516206
1589527
1595214
1519070
1391346
1515212
1526216
1505001
1515003
1585216
1586221
1526202
1599699
1595134
1519545
1391487
1580521
1381327
1585242
1586214
1585225
1599690
1385211
1381535
1515213
1395213
1391482
1515250
1380520
1585219
1395216
1526215
1599697
1381532
1506213
1381441
1385209
1395210
1392179
1391486
1377679
1516204
1516223
1586220
1385212
1586227
1506171
1585215
1391488
1525209
1585243
1525202
1505009
1360522
1595228
1516222
1585206
1525226
1391481
1381440
1370520
1585207
1586212
1595067
1520521
1585224
1381329
1381443
1526214
1506204
1381328
1381348
1519077
1505204
1589526
1589525
1525217
1519547
1377593
1385207
1506218
1518949
1519067
1520520
1385213
1515280
1395221
1515207
1580522
1586219
1595213
1585218
1377581
1585214
1380522
1515205
1586222
1515008
1377596
1519078
1506219
1595229
1599689
1516218
1516209
1526201
1516205
1589524
1516228
1506216
1525208
1595068
1506212
1595211
1585249
1391484
1506205
1391489
1377590
1391348
1515007
1585222
1585231
1391480
1515217
1506144
1370522
1515251
1385206
1595224
1506170
1585235
1586229
1516202
1519068
1585236
1395146
1519065
1586228
1525225
1516229
1595069
1385223
1525207
1516208
1586218
1519072
1526203
1505082
1377580
1381326
1500521
1509435
1599686
1515252
1516219
1525145
1385247
1585209
1391345
1526207
1599692
1595216
1506206
1515206
1505205
1515000
1515204
1526208
1585245
1519079
1515005
1505083
1505004
1595212
1377591
1518948
1585230
1585237
1391483
1590521
1585223
1525214
1595223
1585201
1506215
1599685
1380521
1505007
1519071
1385205
1390522
1599691
1516216
1525218
1525205
1358546
1358547
1519066
1595065
1385246
1505005
1586210
1526204
1525093
1589523
1515006
1586217
1381533
1585248
1525228
1516203
1505202
1506217
1595221
1515200
1350522
1525146
1519549
1395214
1585208
1585244
1505207
1516211
1391203
1525219
1594900
1515218
