1335793
1890521
1891202
1338268
1339522
1533513
1891345
1895220
1335794
1891481
1891487
1895213
1338267
1338245
1336529
1891203
1892175
1337220
1531263
1891484
1534516
1895228
1335795
1337510
1338269
1339523
1892178
1895225
1337513
1891486
1333795
1895216
1531264
1891348
1892176
1337222
1339524
1531269
1533764
1531243
1337514
1891349
1533510
1895229
1892179
1895222
1337223
1895211
1332793
1530522
1334793
1337221
1330520
1895219
1337512
1334794
1891482
1891346
1890520
1891489
1332794
1891483
1337511
1333896
1895214
1891200
1890522
1333793
1339525
1891488
1333794
1531267
1891347
1895135
1334795
1895224
1530520
1891201
1895217
1895212
1895221
1531268
1891204
1895227
1330521
1333897
1895215
1339526
1339527
1336528
1895226
1895134
1533512
1330522
1338266
1895218
1332795
1895146
1895223
1338265
1891485
1533511
1339528
1531265
1891480
1892177
1339529
1531266
1530521
1895210
1531242
