1309159
1321287
1314467
1328408
1327467
1860466
1315989
1560467
1554574
1554529
1314967
1303989
1306980
1308956
1305432
1563685
1308980
1559081
1320467
1564584
1314466
1306981
1564582
1563687
1322467
1308957
1564585
1564583
1567290
1310167
1309158
1308958
1563689
1559082
1309146
1312597
1563688
1319918
1554570
1311467
1860467
1313696
1313694
1563686
1569967
1315995
1564580
1311537
1310467
1320696
1328497
1301974
1554571
1311547
1564581
1327458
1320695
1321467
1328467
1325852
1311546
1308979
1319943
1309157
1554572
1323467
1554527
1564586
1325853
1563634
1313695
1554573
1325167
1563635
1554528
1560367
1310157
1300995
1560487
