1514678
1524625
1594676
1584645
1376669
1590467
1394585
1584670
1379644
1390467
1394688
1384604
1514675
1584534
1389594
1524626
1509465
1384607
1383655
1368467
1594675
1509464
1584672
1379692
1509467
1524624
1524623
1383654
1514674
1584671
1380488
1584644
1394681
1394685
1590465
1379693
1384606
1518463
1504576
1355546
1394686
1594668
1594673
1394682
1504577
1514677
1590466
1380489
1384609
1384602
1376365
1524629
1384608
1584538
1379640
1355547
1383657
1514676
1360468
1594667
1594674
1383656
1379641
1594669
1514613
1394683
1376364
1514671
1376367
1509469
1350486
1584537
1509466
1594679
1383651
1394684
1394689
1514619
1383658
1518462
1384603
1514618
1350468
1514670
1584536
1376366
1594670
1524627
1379643
1514673
1584533
1383659
1509463
1370468
1594677
1379642
1514614
1509468
1379645
1390487
1504579
1383653
1580467
1518464
1514579
1524628
1514617
1594672
1594671
1514616
1383652
1584643
1504578
1594666
1514615
1384605
1394680
1394687
1584535
1514672
1524622
1594678
