1519860
1501200
1398703
1508786
1591185
1580869
1398837
1588798
1528760
1357831
1598725
1501201
1375932
1352962
1512648
1512659
1352998
1398830
1588799
1508789
1512651
1352960
1398832
1508780
1597492
1508785
1375933
1591189
1501207
1352961
1398838
1512658
1598726
1357830
1508781
1590883
1357844
1512654
1580883
1528761
1398833
1375930
1501206
1508784
1398835
1375937
1512646
1508787
1520883
1501204
1398701
1512655
1357843
1512647
1398836
1375931
1501209
1398834
1592547
1597490
1512649
1512656
1501202
1508783
1508788
1598727
1375936
1398700
1375939
1512657
1501208
1390883
1590695
1582500
1590690
1597491
1582501
1508782
1592548
1501210
1512652
1590696
1501211
1512645
1590693
1357832
1375934
1512653
1375938
1590692
1591184
1357833
1370883
1590694
1590691
1528762
1501203
1375935
1512650
1592549
1398839
