1359585
1528581
1511748
1508588
1512178
1511744
1588534
1512177
1511741
1518622
1588533
1376570
1363915
1528587
1508641
1528648
1511749
1588594
1528580
1363916
1508518
1588532
1528647
1587030
1398448
1511740
1587031
1598569
1508640
1528645
1588593
1508587
1512176
1518625
1518620
1369859
1359584
1518624
1398537
1520858
1528646
1528588
1598558
1588538
1518621
1508643
1518634
1528585
1508586
1512175
1390858
1398592
1376573
1588539
1511746
1518627
1388584
1398464
1587032
1370858
1512174
1512173
1588590
1350858
1511747
1398591
1359582
1588537
1398463
1500858
1528583
1508585
1398594
1508642
1508648
1518626
1588591
1376574
1508584
1518632
1359581
1518633
1528586
1398462
1508645
1398593
1590858
1598559
1518629
1588592
1376571
1518630
1363919
1528584
1376572
1359589
1508644
1508649
1359587
1359580
1363918
1511742
1518631
1588536
1518628
1363917
1512171
1512172
1508647
1369858
1598568
1508646
1580858
1398461
1528589
1511745
1511743
1528649
1351858
1528582
1588535
1508519
1359586
1512179
1512170
1510858
1398460
1588548
1398590
1518623
