1551953
1559952
1860858
1315817
1569278
1311636
1301707
1551989
1558581
1551967
1559950
1568585
1559953
1315818
1551985
1315828
1558564
1311637
1567098
1568584
1558587
1309681
1558507
1568581
1559951
1551968
1551981
1551983
1551984
1558584
1558508
1304856
1568588
1308696
1559954
1559783
1568580
1312368
1558585
1315838
1551947
1568563
1559789
1559782
1568589
1559788
1559956
1559955
1301704
1558509
1320854
1558582
1568548
1304958
1558563
1312468
1559786
1568583
1311858
1551980
1551982
1323853
1559958
1559787
1309858
1568582
1551987
1568587
1558580
1559784
1311638
1559957
1551950
1558588
1551988
1323854
1559959
1551951
1551952
1309688
1551969
1560858
1568586
1558583
1559785
1551986
1558586
1558589
