1555581
1303409
1307508
1303407
1555685
1328558
1303067
1313541
1555585
1569558
1303508
1555597
1309338
1555680
1555659
1308337
1303068
1560558
1303406
1303408
1560568
1555686
1307506
1567558
1555596
1309541
1565586
1308334
1329568
1309339
1565580
1555687
1565589
1315558
1308347
1565581
1303066
1555639
1300403
1565587
1555588
1569560
1327568
1555688
1566558
1555654
1555682
1320568
1321568
1309334
1308402
1329558
1555689
1860568
1565582
1321558
1301406
1555589
1555598
1565584
1555681
1555599
1307505
1555679
1555655
1565585
1306338
1303541
1307502
1322558
1300401
1322568
1565583
1308558
1309336
1860558
1555582
1555586
1555656
1555678
1306337
1305319
1309542
1555638
1555583
1555637
1555587
1309558
1327558
1555683
1301409
1555595
1307509
1555657
1555580
1555584
1301407
1307500
1555636
1550558
1555684
1313558
1565588
1300402
1301408
1860969
1320558
1303507
1308339
1555658
1309540
