1525646
1595672
1525637
1505581
1525595
1386628
1505684
1367568
1505679
1505552
1396684
1385689
1380568
1525548
1595588
1525684
1386621
1380561
1385588
1595674
1525590
1585588
1505676
1525688
1396656
1385684
1505687
1517812
1350059
1595587
1385678
1515666
1525615
1520568
1525674
1367567
1505555
1525675
1517815
1373183
1385589
1595675
1525638
1510567
1595558
1373182
1525683
1515683
1396579
1385580
1380567
1525587
1395674
1515584
1385581
1386625
1395682
1510558
1585549
1505587
1515671
1395586
1525616
1505505
1525583
1585554
1395678
1585585
1595687
1505677
1525676
1525597
1368567
1396555
1385686
1385681
1505682
1525685
1386589
1517814
1390968
1505582
1517809
1517803
1395675
1590558
1505554
1395671
1595676
1385583
1396654
1515580
1386588
1396558
1515583
1525591
1525673
1585687
1395585
1395680
1385675
1525589
1370567
1517806
1525686
1360568
1505685
1515581
1386624
1520558
1515673
1595677
1385680
1369558
1585587
1386586
1396653
1590567
1396556
1517811
1515586
1385682
1505557
1370568
1396652
1585582
1515678
1386558
1360567
1396659
1505585
1386623
1595567
1517817
1585676
1525581
1396557
1505675
1580558
1505556
1525592
1385582
1585689
1395584
1390558
1396574
1585680
1385685
1595683
1395668
1525582
1525680
1515674
1517802
1595678
1585675
1595589
1369568
1515684
1525639
1505507
1396687
1525649
1390568
1351568
1505504
1595686
1585548
1525647
1386622
1520567
1515672
1505689
1386587
1396651
1595580
1585584
1590568
1385688
1517819
1515585
1517816
1595583
1396575
1385671
1396570
1585681
1395677
1395583
1386627
1396688
1505550
1396682
1585558
1500568
1385585
1517805
1595689
1370558
1585581
1395673
1525586
1585674
1505683
1505559
1396689
1525679
1525619
1585677
1585688
1385672
1396573
1385677
1517808
1585678
1396576
1351567
1580567
1595681
1525648
1395589
1525558
1380558
1585682
1385670
1395582
1396658
1515675
1351569
1525584
1517813
1505583
1500567
1595584
1517818
1505551
1517804
1515587
1525580
1595586
1396686
1585673
1505558
1395681
1585589
1385584
1505686
1515679
1385683
1505586
1525594
1595680
1525549
1585583
1386626
1395670
1525682
1385676
1396577
1525689
1351558
1396559
1595679
1580568
1373180
1395581
1595684
1525614
1595581
1525593
1515676
1396572
1360558
1525677
1517810
1396680
1350568
1385674
1585683
1385673
1396657
1517800
1585547
1396685
1595582
1390967
1351492
1510568
1363719
1385687
1350558
1386585
1595688
1525681
1525588
1525617
1396650
1396571
1505580
1505589
1351557
1385586
1515588
1396578
1505688
1351493
1595673
1525596
1395580
1350567
1500558
1395672
1505588
1505506
1386620
1515677
1585685
1385679
1585672
1373181
1505678
1396681
1595585
1386629
1395587
1395676
1525678
1505553
1515582
1515667
1525585
1395669
1585684
1517801
1525636
1595682
1505584
1585586
1350566
1595685
1385587
1525618
1517807
1396655
1386584
1515589
1395679
1525687
