1583412
1383511
1583414
1351361
1513510
1590346
1583405
1375315
1390034
1393510
1520340
1511035
1390351
1523516
1593515
1580340
1500346
1523537
1511031
1383514
1503409
1380343
1590340
1503416
1370050
1500341
1503404
1513511
1383459
1375348
1373403
1523515
1511030
1350350
1503405
1399424
1503417
1383512
1365364
1351360
1399429
1383454
1593404
1360355
1503418
1583512
1503408
1590351
1523519
1503569
1523536
1583415
1351362
1393404
1583404
1375310
1583407
1593512
1373401
1883510
1593415
1580346
1523514
1383458
1375317
1393454
1503516
1390340
1511037
1383513
1500351
1383424
1383455
1520343
1393457
1503407
1393413
1351363
1503517
1583402
1393450
1523539
1383413
1370351
1393464
1399422
1375487
1513516
1583513
1360356
1593513
1399428
1883511
1510340
1383461
1383519
1883512
1583406
1393455
1393519
1503410
1523513
1383411
1359315
1375349
1580343
1380345
1375488
1351351
1593410
1375318
1523510
1503441
1503510
1503519
1393513
1513517
1393465
1511036
1583419
1380346
1380349
1583403
1523538
1583410
1399420
1513515
1503406
1393466
1399425
1520351
1523512
1503513
1503413
1383460
1359316
1583401
1511038
1383422
1375312
1513519
1354644
1375319
1383415
1393518
1383517
1393459
1523511
1375347
1503518
1370358
1383404
1583418
1393411
1580351
1503440
1583411
1503419
1366361
1500343
1383450
1375486
1511039
1503512
1393514
1393421
1503400
1513514
1393453
1375311
1503401
1359318
1580341
1583400
1510351
1503412
1390343
1393517
1510341
1593412
1513518
1393511
1393458
1383463
1350971
1583510
1393516
1359317
1375314
1383518
1513512
1360353
1510346
1583417
1383451
1354672
1503511
1390035
1511033
1383515
1383469
1375485
1593510
1511040
1503411
1383420
1510343
1590341
1399423
1503402
1511042
1503568
1393423
1393462
1593414
1375313
1373402
1393512
1383462
1383456
1583511
1523518
1593411
1511041
1370054
1503414
1359319
1393460
1513509
1513513
1375484
1503514
1593562
1520346
1583416
1350973
1354671
1590343
1383468
1511032
1593511
1393515
1593514
1393461
1393451
1360358
1383516
1375483
1383414
1350354
1523535
1513508
1583413
1390346
1383465
1511034
1383466
1503403
1523517
1383423
1393456
1503442
1520341
1503415
1500340
1593413
1375316
1360351
1380341
1393424
1383467
1383421
1503515
1375489
1375482
1373404
1593561
