1552540
1323368
1863559
1551365
1300703
1553633
1563511
1551368
1553697
1323364
1553518
1309900
1551309
1306807
1863511
1563518
1552502
1553666
1553657
1553684
1863529
1551346
1550369
1563517
1553538
1553517
1553446
1552504
1860348
1553693
1301530
1553683
1560340
1553667
1553652
1863519
1569840
1307357
1320980
1550344
1311100
1553400
1319104
1563538
1307351
1301540
1551304
1563496
1563510
1553663
1563499
1563516
1553510
1860341
1311104
1310011
1569831
1310344
1300700
1551360
1328362
1569858
1551329
1551303
1550360
1553539
1307359
1323362
1863512
1553401
1863557
1550351
1309909
1553600
1320981
1329451
1328361
1553447
1553664
1563539
1552505
1320982
1301547
1301070
1328351
1553660
1563498
1553535
1551340
1323363
1560346
1563515
1329371
1302704
1860347
1569857
1553449
1302702
1329351
1563514
1553516
1301544
1550346
1553690
1551362
1552545
1553608
1553654
1553603
1552543
1552542
1553407
1306808
1323360
1553511
1309908
1322364
1300708
1550365
1569856
1863516
1553606
1302703
1860345
1310000
1553658
1553661
1301537
1550366
1553634
1860346
1553609
1553630
1553651
1553512
1553691
1552506
1553665
1863517
1551306
1310014
1550345
1553406
1320341
1311106
1551342
1313302
1552541
1329390
1323361
1300702
1863510
1551336
1552544
1553448
1550363
1329388
1329374
1322351
1308031
1309907
1302700
1553681
1551308
1563513
1307353
1552548
1860344
1301534
1551347
1552508
1307354
1551361
1553653
1863518
1863515
1310343
1302709
1553688
1553409
1569834
1323366
1311105
1303808
1553601
1302708
1550364
1560351
1551341
1553689
1309904
1563512
1553680
1309905
1553698
1309906
1553632
1302701
1553513
1552549
1553604
1552546
1552507
1310351
1307355
1553404
1553514
1553405
1551305
1300709
1313300
1307356
1550361
1553656
1303800
1552500
1551307
1553687
1302707
1551300
1551364
1553694
1569833
1323341
1563519
1553668
1323367
1553669
1550348
1553402
1310341
1863528
1550368
1553650
1553699
1553408
1553607
1553515
1560343
1329381
1551328
1303348
1553686
1553631
1863513
1320351
1551367
1551301
1863558
1551351
1563497
1306804
1553695
1311107
1563536
1863579
1552501
1553659
1307358
1551344
1329391
1860351
1551363
1551369
1569830
1569855
1311109
1553696
1552547
1323365
1313301
1323351
1569832
1553403
1550347
1323369
1551366
1553692
1306800
1553536
1550367
1551325
1300701
1301548
1551326
1553685
1553605
1553602
1569841
1553662
1301538
1300707
1307350
1553537
1551343
1550362
1553445
1551345
1569859
1300704
1552509
1551327
1551302
1553655
1563537
1553519
1553682
1560341
1310001
1863514
1552503
