1500696
1356153
1585466
1590543
1586665
1586522
1505432
1520543
1526673
1596407
1356150
1500693
1379386
1385436
1356307
1500698
1500543
1379389
1515434
1506521
1516998
1358973
1516996
1396307
1505437
1506695
1586521
1350637
1516680
1516995
1522437
1356154
1520689
1525432
1379388
1500699
1379225
1526675
1515435
1522438
1350543
1506526
1356151
1358972
1395430
1526300
1516994
1358941
1515438
1585432
1516681
1525438
1502058
1356155
1385437
1375466
1526670
1356157
1527543
1586523
1516630
1358971
1516992
1526677
1388486
1505439
1516543
1356231
1356156
1526676
1506696
1379227
1385434
1356152
1596406
1505434
1375465
1395439
1589889
1520687
1522436
1358115
1526543
1596501
1506527
1506697
1525437
1356308
1505430
1515432
1356230
1585430
1580543
1390543
1520685
1586519
1505436
1356232
1596635
1589892
1516993
1380543
1525430
1358970
1356306
1596543
1596998
1525436
1390649
1370543
1596526
1585438
1586544
1520688
1585431
1585434
1385433
1395433
1580689
1505433
1506524
1526678
1515433
1385435
1375468
1356234
1500695
1520686
1595432
1516609
1385432
1506691
1358116
1506543
1375467
1595473
1516990
1591006
1596636
1506525
1586520
1596541
1500544
1515430
1595433
1395431
1595431
1358940
1515439
1379229
1586543
1526301
1596637
1525435
1585439
1585433
1526671
1395438
1525433
1506690
1596307
1506522
1586541
1596999
1525439
1505431
1505438
1506699
1506692
1356158
1526672
1596638
1515431
1500694
1515436
1379228
1500630
1379226
1370637
1379385
1506529
1516991
1510543
1595430
1356159
1586542
1506523
1395432
1595436
1525434
1396309
1385438
1395437
1506698
1395436
1506693
1585436
1585437
1506528
1586625
1358974
1596639
1356309
1500697
1360543
1516997
1596540
1395435
1586540
1595435
1375469
1506694
1505435
1586666
1526674
1385439
1585435
1356233
1379387
1515437
1525431
1526679
1516999
1506520
