1555349
1860543
1860649
1555338
1308272
1566663
1328040
1566680
1322070
1566629
1306102
1325629
1314543
1569803
1561527
1322072
1315649
1306101
1322543
1315342
1561528
1321040
1324543
1329027
1306100
1566649
1301272
1300152
1560543
1561598
1325890
1566612
1321041
1328543
1561543
1325628
1320543
1306104
1555336
1303452
1325543
1301179
1561522
1315359
1321072
1865352
1555335
1306105
1555337
1321071
1310543
1306106
1329543
1315683
1560649
1322071
1321070
1325649
1315358
1328739
1306103
1327543
1328041
1325891
