1305643
1552884
1303656
1568104
1328194
1311826
1552041
1309282
1568108
1309614
1328193
1308819
1567668
1322845
1552885
1552085
1321911
1568139
1303820
1552042
1569404
1552088
1552881
1321910
1860819
1325840
1322826
1860820
1552086
1308637
1320812
1315851
1552880
1552883
1315852
1568103
1560827
1303821
1552087
1321914
1860817
1308813
1552860
1308433
1311827
1567667
1328190
1321940
1552882
1568109
1315850
1328195
1321915
1552861
1568107
1321912
1552089
1320823
1306431
1560907
1328192
1568106
1568031
1306430
1310817
1569282
1325841
1308636
1309613
1321913
1311828
1567669
1328191
1552040
1568030
1568015
1301812
1568105
1311829
1305642
1300282
1328143
1322825
