1580843
1389088
1588175
1588174
1589243
1522815
1580844
1389076
1398031
1588179
1598482
1518177
1508279
1399076
1518171
1390907
1588263
1528171
1590837
1377819
1519676
1389077
1588264
1588178
1598483
1588173
1508276
1522811
1590827
1380827
1399075
1518174
1399070
1389087
1379599
1399084
1518290
1522816
1598378
1598489
1589245
1590847
1389074
1399085
1350827
1370827
1589276
1598488
1518297
1518356
1518291
1588177
1522812
1508278
1598481
1399083
1519677
1588266
1598379
1399071
1518147
1518355
1588172
1518170
1589277
1370097
1399079
1518175
1528170
1389040
1350809
1580817
1518294
1389075
1518299
1399074
1518354
1588265
1588268
1588470
1528178
1580840
1528179
1389072
1588171
1377846
1377818
1389081
1598375
1518173
1399087
1389084
1399073
1508247
1589275
1522810
1588267
1518172
1350808
1399080
1588471
1508275
1598376
1399081
1389080
1399088
1589279
1598486
1389083
1598480
1356860
1598487
1399089
1398918
1389070
1389079
1508248
1355059
1588260
1580842
1518296
1518178
1354744
1589278
1588261
1389082
1399082
1588148
1389073
1588170
1598484
1528176
1399078
1351828
1518176
1588262
1351829
1518179
1398030
1528174
1508249
1580841
1528173
1518292
1588269
1598485
1518295
1389078
1389071
1508277
1519678
1399086
1528177
1588149
1522813
1389089
1589244
1588176
1528175
1519675
1522814
1598377
1528172
1519679
1518293
1518298
