1561570
1306159
1325621
1555302
1555201
1329649
1550642
1560540
1315309
1306158
1565307
1561580
1325620
1328793
1550641
1328792
1308148
1325893
1555305
1561500
1555200
1860530
1306157
1561520
1550660
1561510
1315307
1555308
1566684
1566662
1329019
1329540
1565302
1860540
1318156
1301269
1328530
1565308
1328791
1328749
1555300
1555303
1315684
1555203
1306156
1561540
1566691
1561514
1327540
1565301
1308269
1550654
1555307
1325530
1560530
1555202
1310530
1301296
1325540
1565306
1550653
1325643
1322540
1306154
1555205
1565305
1555301
1314530
1300179
1550655
1555208
1306155
1565303
1555209
1561550
1566618
1323530
1561590
1561560
1325664
1322530
1550656
1306153
1565304
1303455
1550640
1555304
1555206
1555309
1555204
1569819
1566616
1550661
1329530
1327530
1325892
1328540
1555306
1565300
1328790
1328705
1325663
1566650
1565348
1860544
1565309
1550662
1555207
1310540
1561530
1329034
1328794
1320530
