1502053
1526640
1525305
1516975
1586511
1586569
1350898
1505404
1506503
1596585
1586582
1585305
1385403
1395304
1519246
1527503
1505306
1516302
1526905
1395301
1386977
1586504
1589867
1519247
1506500
1586442
1586516
1596550
1505401
1360530
1585407
1585304
1526403
1350530
1506530
1506344
1586441
1526503
1502043
1516976
1379148
1377498
1390540
1385303
1351530
1502017
1515302
1502050
1509838
1516301
1385307
1385402
1516306
1586587
1510630
1586503
1358309
1356130
1502024
1395406
1595302
1505309
1379302
1580675
1502045
1509836
1586463
1350890
1510530
1586588
1385302
1520648
1527504
1500530
1599094
1599093
1502014
1505409
1595307
1526406
1515303
1586509
1596443
1596565
1590804
1586502
1370530
1526904
1505406
1526506
1506502
1385408
1526699
1586512
1525401
1516305
1505465
1505308
1509839
1379149
1515301
1527502
1502023
1357300
1526908
1509822
1385301
1395408
1585409
1596530
1509831
1506349
1525307
1506540
1599096
1358306
1516977
1510540
1395308
1595301
1506505
1586513
1525302
1527530
1585400
1502044
1395402
1395306
1586510
1526906
1589869
1385409
1586585
1526504
1585405
1385308
1585303
1505303
1515309
1502022
1515304
1526909
1519245
1386971
1505300
1516978
1580530
1520540
1586500
1596580
1596566
1506346
1379146
1386978
1356139
1526541
1356387
1591012
1589868
1395407
1580674
1595304
1586501
1395400
1509260
1509820
1585406
1395307
1586514
1527506
1580677
1526404
1526540
1586580
1356385
1595305
1526402
1509823
1516308
1595300
1505402
1358307
1509830
1525402
1586586
1590530
1526501
1357301
1379147
1596466
1506504
1525304
1379304
1502028
1502057
1596581
1586508
1502048
1586464
1596464
1526901
1599095
1596677
1525309
1515305
1586639
1505301
1596583
1586583
1510640
1585403
1385406
1516979
1356136
1585302
1516973
1385309
1590540
1586468
1596544
1509833
1596465
1596463
1358301
1379301
1596442
1525403
1586589
1580676
1386972
1526509
1500540
1505408
1595303
1596589
1502029
1358304
1516307
1502019
1502010
1526409
1356386
1586324
1526401
1527505
1502011
1502056
1586467
1596302
1525301
1395300
1525404
1585301
1506506
1357305
1526900
1377497
1586530
1357309
1527501
1515300
1526907
1596440
1527500
1586517
1385407
1356134
1395409
1525407
1356135
1525440
1586507
1386973
1580672
1585408
1502026
1505400
1586566
1358300
1502021
1505405
1506345
1596582
1580670
1527507
1580699
1586610
1515306
1506348
1502049
1505469
1502018
1526507
1356137
1379145
1509832
1525408
1586466
1586567
1386974
1596568
1509835
1526400
1502012
1351860
1356133
1586349
1585404
1596468
1385300
1525306
1527508
1580679
1358305
1596462
1502046
1585300
1586584
1395404
1516303
1502041
1377496
1586462
1505304
1502055
1357304
1506507
1395305
1525303
1505468
1580673
1526502
1380530
1599091
1525400
1595306
1356138
1596567
1596569
1505403
1502013
1357308
1395309
1580671
1585308
1526407
1516309
1595472
1596444
1385405
1515307
1386975
1525405
1585307
1525409
1525300
1502047
1586460
1379303
1526440
1502040
1586443
1358302
1502020
1516304
1505466
1379300
1357303
1586581
1506501
1526505
1516540
1586505
1586568
1520530
1509821
1509837
1385305
1395403
1589895
1580678
1526902
1596467
1527540
1599092
1586465
1527509
1506508
1502027
1586461
1596469
1526903
1357307
1526405
1385400
1526408
1596461
1526508
1520640
1525308
1591004
1526500
1385306
1585309
1385404
1358308
1586515
1596586
1502054
1505407
1596441
1505305
1515308
1585306
1377499
1502052
1386976
1589866
1526580
1357302
1505307
1586506
1599097
1525406
1358303
1526530
1585401
1356131
1502025
1502015
1580540
1357306
1506347
1505302
1516530
1585402
1356389
1395401
1385401
1502042
1516974
1515440
1586444
1356388
1395405
1509834
1502016
1505467
1372390
1516300
1502051
1596460
1395302
1356132
1506509
