1592859
1588119
1380801
1582857
1390817
1388068
1588114
1388050
1354086
1510837
1388192
1388170
1510830
1592896
1500847
1598285
1582855
1519806
1354083
1592845
1882808
1356891
1388079
1373080
1398049
1388005
1355119
1588443
1388097
1388086
1398173
1510288
1522892
1598246
1398066
1388171
1882805
1519663
1388217
1582860
1522887
1355871
1355880
1510820
1592860
1588218
1380808
1520838
1510826
1522895
1398181
1588221
1355885
1355126
1500823
1354800
1398188
1355883
1398229
1520288
1592873
1398175
1354020
1588241
1398089
1354075
1582803
1519824
1388206
1355103
1370909
1598247
1519819
1522891
1590285
1588201
1398184
1510844
1588214
1511409
1398076
1582826
1500283
1398092
1580282
1398091
1520284
1582843
1590818
1598210
1354080
1511400
1588237
1356887
1520825
1510827
1520844
1598211
1592843
1582812
1355011
1520835
1528418
1582846
1380822
1373945
1398099
1528417
1354784
1588110
1598240
1518447
1500845
1592801
1582866
1528105
1598284
1598239
1598230
1388224
1373086
1390820
1522877
1520814
1592814
1588200
1592888
1356892
1590289
1520826
1519820
1355001
1388085
1519813
1588450
1380821
1370819
1355879
1388178
1522881
1528411
1528412
1373062
1592866
1592853
1500822
1588100
1518445
1520848
1590814
1592862
1390802
1518436
1360805
1370817
1398182
1388051
1510824
1398208
1500848
1598203
1380807
1398065
1398196
1510283
1398183
1519661
1522888
1390800
1520833
1370818
1354027
1398214
1398075
1592880
1373063
1519812
1519802
1588228
1398090
1518444
1398050
1588213
1592899
1882803
1598222
1592808
1580283
1388084
1370806
1510841
1582822
1582869
1354061
1511402
1354088
1398072
1582856
1519826
1598248
1592895
1388214
1582835
1588202
1592815
1588249
1592871
1519662
1588103
1500844
1355872
1356899
1528102
1520836
1522890
1582804
1592819
1390805
1366825
1588242
1398216
1528413
1582853
1588451
1398201
1588238
1590819
1355884
1356888
1582829
1390080
1520813
1373065
1588445
1520829
1588459
1388052
1588216
1398211
1398093
1528416
1388095
1388098
1592872
1520843
1518437
1588106
1592854
1592890
1519821
1520822
1592861
1528406
1588223
1520847
1356881
1522876
1588227
1388185
1388195
1519669
1598287
1510832
1598213
1592881
1398047
1598231
1588116
1370807
1355131
1510842
1500849
1360823
1398087
1588111
1598204
1588208
1500280
1398064
1367806
1510286
1388190
1592844
1592864
1510849
1588220
1354028
1398073
1582841
1373064
1588446
1355101
1398227
1528101
1598233
1351811
1355038
1519825
1398222
1355881
1582805
1582828
1355004
1522880
1370821
1354085
1588211
1388080
1522889
1528414
1598212
1582850
1582868
1588113
1390808
1388039
1592879
1582810
1590812
1582832
1520846
1398179
1598238
1354063
1388203
1598286
1398078
1590287
1520286
1592869
1500285
1520819
1598223
1355860
1520841
1582859
1592811
1388083
1588230
1588248
1511405
1388197
1370904
1388198
1388053
1388042
1598243
1520824
1356880
1580280
1398055
1351820
1519800
1588105
1355882
1592878
1355870
1588235
1380805
1520842
1518443
1588458
1520831
1528415
1360817
1390807
1592802
1500846
1398048
1518440
1519660
1592882
1398088
1388094
1592889
1510831
1592892
1519814
1370907
1398205
1588452
1355130
1355878
1528405
1380806
1582811
1510834
1588112
1370801
1588447
1588207
1520280
1582823
1360800
1598205
1598200
1598289
1518434
1510289
1519811
1390822
1592883
1588440
1592855
1510848
1592818
1373066
1882807
1370800
1580288
1590286
1398063
1398192
1528107
1398041
1355877
1528400
1388204
1354025
1510825
1398086
1388081
1356896
1390821
1398180
1390803
1355889
1388066
1582831
1388213
1370903
1380823
1592893
1882801
1588118
1510280
1598234
1519668
1582858
1520816
1398077
1520827
1588217
1592897
1500282
1592841
1398046
1528100
1510839
1520849
1592840
1520812
1398008
1500821
1388184
1370820
1355139
1356882
1398074
1398094
1360822
1582851
1360803
1528109
1510822
1528407
1522899
1370823
1354805
1500827
1398178
1500828
1398219
1354087
1592863
1354079
1398080
1518435
1592877
1580281
1592810
1518442
1510823
1511404
1520839
1356895
1598208
1355102
1373947
1598215
1520811
1582801
1598242
1598206
1590288
1373083
1388082
1360801
1500820
1398059
1598228
1388188
1588448
1592867
1582820
1582806
1370905
1598237
1519815
1590810
1370902
1588229
1590815
1355862
1582844
1519828
1520281
1398199
1373084
1354023
1510284
1522883
1520845
1588101
1388189
1588236
1522882
1520830
1588209
1398068
1398206
1598220
1398095
1388055
1582837
1398170
1582808
1592856
1518441
1355129
1592813
1588247
1592803
1354072
1500826
1522878
1520834
1510840
1390806
1398185
1398042
1598236
1398197
1592817
1528108
1388029
1582830
1588457
1519805
1588115
1373946
1592870
1592884
1580286
1388174
1592894
1398200
1360802
1582848
1380803
1528419
1598249
1511403
1355875
1388218
1355866
1510287
1519810
1519667
1520810
1373067
1519809
1882800
1598281
1398177
1355124
1598221
1522873
1592842
1522884
1588222
1882804
1592898
1598288
1360821
1388047
1500829
1518448
1592875
1398045
1355136
1398209
1522898
1519827
1582821
1370805
1351818
1370802
1580289
1398067
1390081
1356883
1582807
1511406
1398220
1528104
1582800
1592849
1398191
1582809
1598214
1588442
1598229
1588453
1582861
1582847
1588232
1500825
1388209
1390809
1592891
1398006
1500841
1398000
1398189
1510833
1398085
1398079
1398172
1355861
1500288
1592805
1390818
1582864
1582818
1373082
1355137
1582834
1356894
1520840
1588104
1582849
1520821
1355019
1520287
1351813
1510847
1588205
1388058
1580287
1398007
1355014
1354781
1500284
1592852
1522870
1388054
1598235
1598216
1373081
1354022
1598244
1398097
1355876
1398003
1582815
1398070
1370908
1519817
1388089
1355116
1528408
1590813
1598207
1388175
1598226
1355888
1588246
1510836
1582824
1355117
1588107
1390823
1590817
1592886
1398186
1588212
1588456
1388045
1360820
1510845
1398215
1522872
1370803
1582862
1592847
1592858
1373061
1518433
1590280
1588231
1398204
1510828
1598209
1388219
1882809
1522885
1592800
1388059
1510846
1520832
1522894
1373949
1528103
1398044
1398096
1355887
1390801
1582817
1528409
1500289
1519829
1582865
1388202
1520283
1380804
1510829
1519807
1500840
1355865
1588454
1355024
1398194
1519666
1592812
1588206
1398082
1355109
1518432
1398171
1373068
1528403
1582842
1354067
1520282
1398001
1500824
1355181
1598218
1592876
1522897
1374081
1398061
1588117
1355864
1528402
1351817
1592848
1388199
1588245
1588203
1360809
1388186
1590816
1582845
1598201
1882806
1370900
1355125
1588234
1398083
1356884
1519816
1510282
1522893
1388215
1380819
1370808
1398190
1373088
1398195
1388088
1592857
1588108
1520828
1398053
1598283
1398060
1373060
1588239
1588444
1380802
1388057
1360819
1510835
1598227
1582839
1592816
1598245
1518449
1588441
1582819
1354029
1518430
1500843
1355104
1588225
1380817
1590283
1519803
1580284
1520818
1592807
1398062
1522871
1380028
1354084
1592850
1592885
1388191
1582852
1882802
1588215
1398069
1582836
1356885
1355868
1510821
1598219
1592846
1519822
1398054
1390804
1588102
1398193
1388035
1354801
1356886
1518439
1520289
1528404
1580285
1355016
1588455
1520837
1370822
1588210
1522896
1528106
1519664
1355035
1528401
1388026
1355886
1500281
1355863
1500286
1368342
1528410
1398212
1398174
1598224
1398002
1511407
1373948
1588224
1351815
1355121
1582840
1500842
1398210
1398098
1582863
1388177
1388210
1519808
1510838
1355030
1582814
1356890
1398081
1520815
1598225
1522886
1522875
1355017
1582838
1582825
1511408
1588226
1520817
1355873
1398084
1510843
1388056
1343880
1398217
1598202
1588244
1519823
1582833
1355025
1519665
1592887
1388172
1588204
1373087
1522879
1598280
1520823
1388194
1518438
1592809
1500287
1380820
1510285
1388207
1582867
1592806
1582827
1388091
1380800
1519801
1520285
1592874
1380809
1598232
1522874
1511401
1588109
1582802
1520820
1588449
1588233
1518446
1590811
1398198
1510281
1368811
1370809
1592865
1519818
1370906
1518431
1355867
1582816
1519804
1398187
1588240
1582813
1370901
