1354123
1398058
1388061
1398223
1398071
1388062
1340841
1354068
1340859
1388078
1355106
1598217
1340855
1388063
1368803
1365800
1388069
1373085
1388040
1340808
1388041
1354015
1354049
1354125
1388096
1388006
1368837
1351821
1343811
1388229
1398221
1398057
1598241
1388022
1343809
1354126
1343818
1388223
1388049
1340282
1388228
1388067
1398056
1343810
1388064
1388044
1340868
1351816
1340857
1369947
1388016
1592868
1398051
1361806
1355006
1388043
1388038
1368348
1388009
1388225
1351819
1366613
1590281
1343813
1388227
1368808
1388092
1340850
1366625
1354127
1388030
1343898
1398052
1343849
1388074
1388073
1388093
1388048
1343812
1388010
1592804
1582854
1343815
1388072
1388099
1388226
1355005
1388075
1354030
1588219
1360808
1345850
1369341
1398228
1388031
1351812
1398225
1354121
1388071
1388046
1355874
1343895
1592851
1388076
1368814
1355111
1388220
1388090
1588243
1388032
1340853
1398226
1388077
1373069
1388060
1388222
1368908
1354124
1388070
1340861
1367907
1388221
1369343
1388087
1340854
1398224
1388033
1351814
1590282
