1890823
1898076
1898007
1898211
1530808
1898202
1898194
1334883
1898001
1898188
1335006
1898208
1898054
1898006
1334887
1890817
1898097
1898082
1339817
1335085
1898174
1898175
1532807
1898000
1898049
1530802
1330808
1890801
1532800
1334094
1333099
1890806
1535138
1530821
1898068
1333094
1890800
1898002
1890802
1898055
1898216
1330818
1898083
1898203
1898077
1898197
1335007
1898225
1339815
1530823
1338817
1334884
1898096
1898228
1330801
1335008
1898081
1334886
1532801
1898200
1335087
1335086
1898210
1898221
1898182
1533134
1898193
1898042
1898091
1332094
1532818
1890808
1334885
1898003
1898070
1898088
1898053
1898063
1898060
1898213
1898098
1530822
1898041
1334099
1530805
1898223
1898195
1898185
1898040
1530809
1532809
1335088
1898172
1330807
1898201
1898215
1334891
1898004
1898089
1333098
1532802
1532817
1898090
1898080
1898061
1898043
1330819
1898071
1338818
1898062
1530806
1333096
1898052
1898099
1898051
1898173
1334096
1337812
1890818
1898190
1532806
1330820
1534818
1898058
1898184
1898212
1898079
1533139
1898044
1532803
1898229
1898187
1890803
1898218
1338819
1337811
1890805
1330806
1334890
1898086
1334894
1898207
1898078
1339816
1898220
1898198
1534817
1890819
1898087
1330822
1332096
1898072
1898192
1898005
1532805
1898226
1898189
1898199
1335009
1330805
1898050
1334893
1898179
1332099
1898073
1898196
1898170
1335083
1334881
1532804
1330804
1898045
1898059
1898067
1898095
1334892
1898064
1898009
1530803
1534819
1530817
1330821
1898085
1898046
1898057
1532819
1898206
1890820
1898092
1332098
1337810
1890807
1898217
1330809
1334899
1898171
1898074
1898227
1890821
1335082
1898178
1898191
1898176
1335089
1898224
1898094
1898181
1898204
1334896
1530804
1898093
1898047
1898084
1898065
1898008
1330802
1898219
1898066
1334880
1339819
1334898
1530818
1530800
1898209
1530807
1898177
1335005
1898183
1890804
1898075
1890822
1890809
1898056
1530819
1898214
1334889
1334882
1530801
1898186
1334897
1330800
1898205
1530820
1335084
1330817
1334895
1532808
1334098
1338816
1334888
1330823
1898180
1898069
1898222
1898048
1330803
1339818
