1552074
1568049
1309632
1328126
1560817
1321909
1308800
1321908
1320819
1552805
1568043
1328184
1552815
1325817
1301824
1552077
1552829
1325816
1325830
1860281
1307283
1568058
1325828
1568071
1303289
1552078
1552840
1552812
1325837
1860282
1308801
1568072
1860804
1552833
1325819
1552839
1322820
1328188
1328108
1328181
1560804
1568006
1308663
1307604
1320818
1568007
1321901
1300811
1328104
1552838
1552048
1325813
1860289
1568048
1325827
1328115
1321902
1860280
1552073
1560818
1308669
1307280
1328127
1568082
1568063
1552827
1328109
1860800
1308442
1568083
1552817
1552811
1328114
1568008
1308806
1552825
1306008
1552816
1309442
1552810
1568066
1319487
1309636
1306006
1552801
1568075
1860283
1325822
1552831
1308809
1308662
1328185
1328148
1552071
1301827
1552824
1552049
1303667
1560805
1552070
1560819
1568044
1321903
1308668
1308446
1568009
1307605
1568055
1328120
1552846
1309630
1328113
1860284
1307281
1308664
1311186
1568045
1306005
1328183
1568068
1568067
1300819
1552047
1305667
1308441
1568056
1552803
1301826
1321905
1321900
1552072
1328149
1305668
1328110
1560809
1552800
1552818
1568065
1322822
1568074
1560802
1308804
1325821
1309638
1328125
1568003
1568095
1568004
1325815
1300816
1322814
1303281
1552045
1552845
1568080
1568054
1328124
1552819
1319497
1552836
1568046
1328112
1568061
1552826
1568059
1303288
1325824
1328101
1568002
1552808
1318384
1552847
1308665
1306007
1307289
1568047
1300810
1325838
1307286
1568053
1560821
1560808
1328146
1568073
1860285
1305666
1569400
1860288
1328118
1311187
1308807
1303283
1560820
1568062
1328129
1552843
1569288
1322816
1325812
1552084
1552809
1325835
1328111
1552044
1568005
1552837
1308444
1560800
1306000
1568076
1321904
1552083
1303284
1568094
1309639
1568081
1568040
1552046
1322815
1328147
1568087
1560803
1303668
1307600
1552802
1301081
1328122
1328187
1560822
1568051
1568089
1569289
1322817
1325823
1552807
1552834
1568096
1552806
1328119
1306001
1328145
1860287
1309635
1309441
1325831
1325836
1552821
1328100
1860801
1552844
1568052
1552830
1328105
1325818
1568070
1568077
1322818
1560823
1328128
1568069
1319850
1303285
1322811
1307284
1568086
1320817
1325810
1328182
1569401
1552081
1552835
1321907
1560801
1328123
1322812
1552849
1309634
1552848
1568078
1568097
1552842
1328103
1860802
1308802
1307609
1552820
1568060
1328106
1328189
1325833
1306002
1552814
1552075
1325826
1322819
1552082
1568088
1328117
1568041
1322813
1319486
1325839
1308443
1325811
1860286
1568091
1568000
1568098
1311189
1325814
1325832
1328186
1321906
1325834
1552813
1320811
1322821
1322810
1552828
1311188
1568092
1552879
1300813
1568064
1568042
1301823
1568085
1328102
1300814
1560807
1325829
1552822
1308808
1552823
1552804
1560806
1328107
1308661
1568090
1568050
1568093
1328180
1552841
1552079
1328116
1568057
1328121
1303669
1568001
1568079
1325825
1568084
1552076
1306003
1306004
1568099
1325820
1308445
1860803
1309633
1552832
