1398040
1340805
1343802
1343838
1343839
1388208
1340869
1340863
1343825
1345857
1343816
1340845
1343893
1343819
1388212
1343803
1388205
1345851
1388201
1388180
1340284
1343847
1343899
1340848
1343808
1348894
1345853
1343801
1343837
1348891
1356898
1343892
1340283
1340867
1345864
1398176
1343826
1340856
1348892
1348893
1340800
1348899
1345854
1343846
1388196
1343845
1356893
1340807
1343881
1398213
1345863
1343827
1398202
1343828
1343891
1343836
1356889
1343800
1356897
1343882
1340862
1348896
1340847
1345855
1340288
1345862
1366824
1388183
1343835
1343829
1340849
1343890
1343821
1343820
1340802
1388187
1340860
1343897
1343848
1348895
1340842
1343834
1343883
1340281
1348898
1340865
1340280
1343806
1343807
1340809
1348897
1345856
1345861
1340287
1345869
1345868
1340852
1343889
1340801
1388193
1348890
1343884
1343833
1345867
1340866
1340804
1343830
1340840
1388200
1398218
1343823
1340803
1345860
1388216
1388176
1343804
1340851
1388181
1388037
1343886
1343885
1340286
1340858
1343831
1343814
1343832
1343822
1343888
1343805
1340285
1345866
1388173
1345858
1340289
1368805
1398004
1398207
1340846
1388179
1340806
1340843
1340864
1345859
1343817
1343824
1343887
1343896
1354104
1343894
1340844
1598282
1345865
1345852
