1354006
1354130
1360806
1366621
1366627
1369902
1367901
1354802
1354113
1355036
1354013
1368903
1367801
1354031
1354001
1366628
1355037
1354785
1367902
1361802
1365809
1366812
1354103
1368403
1368848
1368830
1354044
1354111
1367810
1355118
1355002
1354038
1366829
1369342
1366620
1366629
1369907
1355105
1368801
1364806
1355184
1354786
1354106
1355022
1368812
1354071
1354793
1369941
1367909
1366819
1354026
1355186
1369345
1354818
1364805
1367816
1366818
1590284
1355127
1366626
1354808
1365808
1354134
1354811
1367807
1368906
1354062
1367908
1354120
1368802
1355187
1365806
1364807
1368809
1355023
1368904
1354047
1362806
1368846
1366612
1355020
1366813
1366814
1368817
1354135
1354036
1368345
1355010
1369347
1355039
1366826
1355000
1354791
1368905
1362801
1370804
1354100
1364804
1355113
1354139
1354807
1367817
1369346
1368810
1368840
1354010
1355138
1355128
1369904
1365807
1368346
1360804
1354003
1354817
1368831
1354089
1368402
1388211
1366618
1365801
1355029
1369344
1362804
1355188
1354035
1354066
1354112
1354136
1355869
1354078
1354008
1354017
1368344
1355182
1354119
1354042
1354806
1368845
1355026
1364801
1364808
1355189
1361807
1361808
1355107
1354812
1354064
1367905
1354118
1354018
1369946
1368839
1354819
1367809
1368844
1355120
1366815
1367900
1354109
1354045
1354069
1355100
1354780
1364803
1355183
1368832
1368408
1355003
1355114
1365805
1367814
1369901
1361809
1366619
1364800
1354074
1368835
1366614
1354009
1354133
1354115
1368343
1355013
1354034
1366828
1354117
1354809
1354138
1354128
1369944
1367808
1368409
1355180
1360818
1361805
1366816
1354012
1368909
1354116
1365804
1354110
1367815
1355018
1354005
1367818
1354048
1368900
1368841
1354043
1364802
1361801
1368833
1354810
1368815
1354797
1355115
1354815
1354011
1354082
1362802
1354014
1368836
1368818
1368843
1354137
1366823
1367813
1354796
1366615
1366822
1355028
1369949
1354803
1354102
1355135
1368800
1368347
1369909
1354076
1361800
1354790
1366817
1369948
1367819
1368813
1354787
1368340
1361804
1354033
1367804
1354131
1362805
1354024
1354039
1354081
1368401
1364809
1355110
1368816
1354122
1366624
1367903
1354007
1369942
1368807
1354002
1365803
1368819
1368406
1362803
1355123
1354070
1369903
1367812
1367805
1355033
1366616
1388034
1354108
1369908
1366810
1368400
1355015
1366623
1368842
1368907
1369348
1367904
1354000
1368849
1368407
1354107
1368834
1368341
1354795
1354040
1354132
1354073
1368806
1354046
1366611
1365802
1354016
1368901
1354798
1355122
1354816
1369945
1367811
1366617
1366827
1355134
1373089
1369900
1368405
1366821
1354101
1354804
1355031
1355008
1367906
1367802
1354789
1354021
1366610
1369905
1354788
1369943
1354794
1360807
1362800
1366622
1369349
1354037
1354129
1354004
1354782
1354813
1361803
1355007
1354032
1369340
1354114
1398009
1369906
1354060
1355133
1354799
1366820
1369940
1355132
1366811
1355185
1368847
1368838
1354077
1355112
1368404
1368902
1367800
1355012
1367803
1354105
1368804
1368349
1354783
1354814
1354792
1354041
