1342911
1342965
1345680
1348404
1345410
1345688
1345412
1345677
1345445
1345698
1342913
1345695
1345417
1342964
1348403
1345670
1345687
1345448
1345696
1345411
1348610
1345440
1345697
1345675
1342914
1348402
1348637
1348400
1345447
1348611
1348619
1342963
1345419
1348401
1345689
1345449
1345681
1345414
1348638
1342915
1345690
1345676
1345441
1342960
1345413
1342917
1345684
1342916
1345673
1348617
1345442
1348639
1342968
1345691
1342961
1345694
1345683
1342969
1345674
1345416
1342910
1345693
1345692
1348618
1342962
1345415
1345443
1348614
1342918
1345678
1348636
1345685
1342967
1345671
1342919
1345686
1342912
1345679
1348615
1348635
1345672
1342966
1345444
1345446
1348613
1345418
1351680
1348612
