1386805
1381912
1361571
1361652
1365663
1375829
1373220
1351681
1377747
1360653
1358819
1360654
1364683
1595715
1363415
1361655
1368579
1367581
1356710
1398988
1586886
1377785
1385805
1366669
1364682
1361650
1367584
1361681
1364684
1368574
1366662
1358872
1364571
1364681
1365665
1358823
1373589
1361653
1364671
1366665
1360571
1367583
1364685
1368575
1368576
1365664
1377748
1362581
1361651
1366664
1368578
1365571
1386809
1364687
1368577
1375828
1366668
1365668
1365671
1367588
1367587
1586918
1364686
1373588
1367585
1361581
1362571
1366660
1361654
1362671
1351687
1366667
1366661
1360652
1365581
1585816
1386715
1361671
1365666
1366663
