1506817
1586844
1515811
1506879
1375817
1596881
1357577
1386712
1525882
1598846
1515712
1596811
1522407
1516843
1515884
1373817
1526883
1373558
1395816
1373586
1390681
1502444
1515800
1590663
1395807
1525887
1363414
1386811
1373808
1516711
1373800
1595816
1505810
1588880
1506870
1358830
1508873
1592567
1380575
1506884
1506714
1586812
1522400
1586916
1385804
1373551
1395808
1586818
1590571
1585714
1586847
1516718
1515816
1396813
1595813
1525712
1596887
1586716
1508867
1373801
1398983
1375085
1885713
1396719
1380650
1588885
1582411
1373548
1508872
1592562
1515711
1502447
1377738
1586912
1363418
1598880
1526884
1373543
1358847
1358816
1598882
1373540
1585717
1505817
1595710
1599010
1586715
1588886
1526712
1516842
1516821
1596714
1505716
1520571
1525886
1398948
1375080
1360054
1516717
1525713
1595711
1360662
1526857
1395815
1358871
1582552
1596812
1599007
1373556
1515810
1505813
1386716
1373803
1590669
1595801
1370581
1516845
1358811
1885714
1505710
1526816
1360053
1380651
1373584
1586901
1396714
1375713
1500571
1596711
1526703
1380069
1377741
1396815
1375821
1582447
1586814
1516824
1385810
1358889
1526812
1515883
1525710
1506816
1598813
1358807
1502445
1375082
1363419
1516836
1586841
1351670
1358882
1360580
1386802
1526815
1375824
1585815
1390066
1508875
1516719
1585718
1502446
1386817
1375712
1596819
1599005
1506713
1522401
1598888
1586913
1506880
1515815
1526704
1586904
1596813
1590681
1381946
1526850
1398947
1526700
1506873
1377744
1595802
1599018
1525714
1526811
1351671
1508878
1398986
1380573
1370651
1596713
1588887
1595819
1592414
1590581
1508861
1516827
1525711
1396812
1395714
1599008
1595812
1598841
1526859
1398987
1586842
1373550
1599019
1360661
1505712
1381915
1508864
1363413
1526711
1598816
1375714
1380068
1595712
1506716
1363416
1516716
1526858
1377788
1582553
1516837
1516825
1506872
1377737
1373811
1386718
1380652
1395711
1380579
1588888
1592561
1585825
1582448
1595714
1586885
1525884
1595811
1520581
1596888
1506815
1586903
1592412
1396803
1515809
1377759
1505713
1598844
1373802
1599012
1526747
1586817
1358828
1373221
1596886
1522402
1586813
1599006
1598887
1396716
1395810
1526709
1396810
1526742
1385802
1396713
1510581
1515804
1505812
1526702
1592415
1385718
1516844
1590660
1395817
1386814
1516848
1373805
1385813
1360052
1592417
1373812
1516834
1595713
1585814
1596710
1580571
1506814
1522409
1526814
1885715
1370650
1375815
1508879
1598849
1398981
1386710
1599017
1586900
1515710
1375814
1592569
1360680
1516839
1586914
1358800
1595814
1526714
1588889
1595800
1506881
1375823
1373587
1586710
1506715
1390581
1398984
1582414
1586719
1377756
1585821
1598886
1515808
1582449
1390065
1592411
1356714
1358809
1360051
1592568
1506710
1585719
1373545
1526713
1588882
1358886
1585711
1599011
1599000
1515718
1370671
1386748
1505715
1358848
1586811
1592418
1516831
1586888
1373559
1381945
1582551
1516822
1377780
1526818
1360660
1526851
1506813
1515817
1373553
1516820
1386749
1508876
1386713
1508869
1515880
1370681
1358877
1582444
1515885
1596815
1506875
1373542
1386719
1506882
1395812
1373226
1377736
1360681
1586816
1375715
1385812
1395715
1522403
1506889
1386815
1375813
1526716
1515716
1360671
1508866
1516715
1596718
1526813
1385819
1590667
1506718
1373804
1396717
1596880
1395713
1526744
1358822
1375826
1502440
1360581
1515805
1596885
1363412
1395803
1396809
1386808
1582445
1525719
1373813
1585813
1380570
1381917
1586902
1385719
1358826
1396800
1526710
1373224
1582418
1525717
1358837
1385816
1396711
1502448
1586815
1596712
1585826
1508863
1390653
1515818
1586919
1585812
1375716
1595719
1515886
1526817
1592413
1582443
1598885
1586887
1360570
1508868
1373552
1526701
1516823
1596817
1526882
1585712
1516849
1377757
1885717
1598811
1396712
1502449
1598848
1375820
1526708
1375081
1516828
1515719
1585827
1358842
1356713
1588881
1596719
1515717
1599014
1395806
1598819
1377743
1377787
1385809
1585710
1390650
1598840
1373227
1586819
1351685
1596816
1596889
1585823
1375086
1526749
1516835
1358812
1506819
1373580
1598814
1358827
1596818
1515802
1396710
1375088
1586840
1526881
1598842
1358879
1599003
1526854
1586883
1381916
1506883
1395716
1515887
1375812
1516714
1506888
1506812
1505814
1373583
1515807
1370571
1380578
1586718
1396801
1373225
1373555
1395805
1358821
1505714
1396808
1502441
1502442
1590662
1357545
1508877
1590668
1505818
1516838
1508871
1506717
1396817
1885716
1585810
1582442
1586712
1363410
1398982
1515819
1598884
1356716
1582417
1585820
1386742
1599004
1386810
1585819
1395802
1522404
1360651
1599013
1598845
1582412
1516846
1586711
1385817
1396807
1596810
1585713
1506874
1586889
1586884
1586882
1516832
1375087
1377745
1398945
1506818
1396715
1515803
1885710
1599016
1596717
1373547
1586880
1516713
1358885
1515714
1516841
1525885
1526853
1526707
1506887
1386747
1515813
1596883
1386801
1385808
1526718
1373557
1380576
1358820
1526746
1585828
1525718
1351677
1586846
1373228
1505717
1508860
1586717
1386806
1373222
1515888
1358838
1885719
1586713
1386711
1373807
1585824
1582415
1585829
1395801
1508874
1590665
1375431
1595718
1510571
1526705
1350581
1395804
1375810
1356711
1373546
1373544
1588884
1396816
1595717
1395710
1375827
1358878
1385807
1358805
1356715
1526880
1585818
1396802
1590661
1516833
1582550
1582416
1515882
1506886
1525889
1598883
1522405
1357571
1586810
1357548
1582446
1506877
1526810
1395717
1599001
1390571
1586917
1885718
1506876
1516840
1515881
1586714
1390651
1516847
1595803
1505718
1377740
1526852
1526743
1592410
1595817
1515889
1386800
1598847
1515715
1595815
1590666
1375432
1592565
1515814
1526715
1506810
1526855
1500581
1598812
1506712
1506719
1525880
1526719
1522406
1582413
1373585
1582554
1385717
1398985
1360663
1526819
1525715
1375818
1592564
1586849
1375718
1373806
1515812
1373229
1596882
1356719
1586881
1599015
1373223
1596716
1395800
1586845
1582440
1505819
1395814
1515713
1395819
1516826
1590671
1358818
1396806
1350571
1395719
1502443
1377789
1506871
1395712
1595716
1516712
1356712
1582419
1526706
1526748
1582410
1516710
1525881
1508870
1396819
1522408
1599002
1360670
1351672
1508865
1590664
1386816
1373815
1598889
1380057
1377786
1508862
1395718
1585811
1885711
1386714
1598818
1396811
1350671
1592566
1588883
1598815
1506878
1515801
1586911
1585817
1526745
1516829
1515806
1525883
1390652
1592416
1598810
1373554
1526717
1595804
1506811
1592563
1598881
1585716
1360664
1505811
1373816
1373582
1586848
1525888
1373541
1585715
1506711
1358840
1885712
1582441
1505711
1526856
1598817
1592560
1580581
1599009
1586915
1592419
1525716
1396818
1505719
1358804
1516830
1595818
1375710
1358833
1596715
1506885
1375816
1505816
1373549
1586843
1356717
