1385715
1358888
1381947
1385811
1358870
1358874
1358825
1396718
1386819
1396804
1358836
1358806
1351581
1395818
1356718
1385800
1358817
1381913
1364581
1386717
1385710
1380572
1358824
1358814
1357547
1357572
1358849
1396814
1358834
1366666
1358873
1351682
1380571
1386807
1386741
1381914
1377746
1390671
1377739
1358876
1385803
1358815
1381948
1381911
1505815
1386743
1386746
1381949
1358803
1358884
1395811
1358841
1358832
1375717
1377781
1357570
1377735
1377784
1357549
1358802
1381918
1385814
1385801
1398980
1358845
1385818
1357576
1351571
1395813
1385712
1358880
1358881
1385815
1358831
1375084
1357579
1386744
1357574
