1375822
1365667
1358883
1377782
1367582
1373810
1377758
1395809
1358875
1377755
1358810
1358839
1367589
1375083
1596814
1377749
1586910
1358829
1386803
1345682
1375819
1358813
1363417
1385713
1377783
1358801
1386812
1357573
1398949
1373819
1358887
1350681
1360650
1373581
1357546
1585822
1386740
1375089
1348616
1358808
1380577
1398946
1373818
1363411
1375825
1596884
1381910
1358843
1398989
1385711
1365681
1373814
1375811
1385716
1358835
1358844
1386813
1367586
1365669
1375711
1386745
1595810
1381919
1396805
1357575
1386804
1377742
1373809
1598843
1357578
1380574
1358846
1385714
1385806
1345699
1386818
1375719
