1318507
1318423
1317508
1318506
1302367
1317513
1317367
1317366
1318697
1302366
1318571
1318420
1316595
1318696
1302368
1317501
1317504
1317507
1317365
1316494
1302360
1317512
1302365
1316495
1317505
1318424
1318501
1317363
1302364
1317364
1318695
1316596
1317514
1317369
1317500
1317511
1318502
1317362
1302369
1302363
1318503
1302429
1316597
1318509
1306784
1302362
1317360
1318698
1304571
1307362
1317502
1316598
1302427
1302361
1317510
1316599
1317509
1318699
1317361
1318422
1318508
1309571
1318504
1317506
