1328203
1306573
1329189
1565883
1565808
1566992
1550032
1555710
1314846
1307181
1565880
1312392
1566945
1325083
1565815
1306472
1313617
1318441
1329671
1308280
1565806
1314847
1555800
1310772
1555714
1321671
1329142
1306470
1306779
1328240
1300361
1321616
1314836
1567651
1550030
1555801
1301895
1329184
1306477
1565889
1567658
1306792
1567605
1566993
1566903
1306785
1567643
1304765
1555814
1324842
1312395
1321614
1865712
1320581
1306778
1329675
1314834
1308281
1313615
1555711
1321617
1300366
1309375
1310773
1865717
1566944
1314843
1314849
1307189
1322109
1301890
1328283
1555715
1566906
1306788
1325082
1304763
1865718
1311571
1329181
1306475
1328218
1567648
1328200
1567642
1550033
1318505
1301894
1313612
1865715
1566997
1314840
1567657
1300369
1306787
1560681
1550044
1324841
1327681
1306478
1307365
1309372
1329676
1325081
1324843
1320800
1328214
1567645
1307183
1555811
1555716
1565819
1550571
1565801
1566942
1566941
1322108
1300367
1555807
1329140
1315712
1314842
1567600
1314848
1328201
1311676
1550034
1560581
1301891
1566907
1314841
1306770
1324844
1329186
1566905
1304762
1325101
1565810
1550043
1314835
1328242
1567609
1307366
1307185
1865710
1565817
1567656
1860651
1321611
1328211
1555812
1306780
1318421
1569588
1329674
1306798
1309378
1565886
1313613
1329672
1329183
1320803
1329180
1566996
1565816
1555806
1550042
1569571
1567649
1317503
1565712
1555817
1550581
1321613
1306781
1329673
1301892
1328282
1566940
1565809
1306476
1314833
1555810
1565800
1327671
1300364
1311671
1567603
1315713
1555717
1567653
1309373
1860650
1566904
1565811
1321610
1555718
1315714
1328281
1309370
1328202
1311678
1308398
1550035
1303421
1300428
1325102
1566991
1560653
1566948
1565803
1322106
1308397
1560652
1306570
1307364
1306796
1312391
1565887
1301893
1567606
1567654
1566943
1311670
1306790
1566999
1328216
1567647
1313611
1314832
1313618
1555818
1322107
1321681
1302428
1567652
1300362
1555809
1555805
1304760
1300365
1322183
1865713
1308399
1329188
1301897
1328284
1565802
1325571
1309480
1565711
1303420
1311673
1307187
1565884
1306789
1555719
1309376
1860652
1314830
1311679
1550036
1550041
1306571
1309371
1328280
1555819
1322103
1320801
1565713
1314839
1565719
1315717
1328210
1307361
1555808
1304761
1567608
1565812
1325100
1313619
1328241
1567655
1312390
1566998
1310770
1300368
1865711
1555815
1860588
1328217
1315710
1566994
1306572
1329581
1566949
1306473
1550040
1306774
1324845
1308282
1317368
1313610
1550038
1301896
1315715
1560650
1328213
1567644
1567646
1322141
1322104
1314838
1329571
1324840
1308285
1300360
1322102
1307186
1312394
1311672
1860653
1865716
1566947
1569584
1314844
1308396
1555804
1567604
1567601
1566909
1329185
1565813
1565714
1565805
1565885
1555816
1313616
1322101
1320571
1307363
1865719
1306783
1550037
1315716
1308283
1328219
1304766
1314831
1321615
1560651
1565718
1566900
1560671
1550039
1310581
1323571
1306574
1310774
1307367
1555712
1322105
1310571
1567602
1329182
1306479
1566995
1300363
1303360
1321612
1306773
1329141
1306794
1306776
1329187
1309374
1567641
1314845
1566901
1565715
1565804
1312393
1322100
1315711
1567607
1307368
1320804
1321618
1328581
1566990
1315719
1860581
1565717
1322181
1565888
1318500
1325084
1560588
1565818
1321670
1310771
1301899
1328215
1306799
1307180
1565710
1328243
1566946
1322140
1550031
1565882
1565814
1306471
1323581
1567650
1555803
1566908
1322182
1555713
1555802
1311675
1306777
1329148
1322180
1328212
1304764
1309377
1565807
1555813
1306772
1325581
1308395
1301036
1865714
1306786
1565881
1301898
1560571
1328571
1304767
1307360
1565716
1314837
1567640
1567659
1320802
1860671
1860571
1566902
1306771
1303361
1325080
1321619
1313614
