1530571
1531462
1895807
1333601
1338843
1334618
1895813
1896803
1339657
1896906
1896818
1534581
1896812
1336214
1533687
1890653
1335716
1895816
1534588
1898989
1337253
1339658
1896909
1333611
1896810
1531466
1896715
1338650
1338860
1333604
1339650
1896900
1890652
1336219
1335571
1334617
1533659
1896804
1531461
1337681
1896914
1533689
1333608
1531467
1338842
1898981
1335581
1336213
1896902
1895718
1533652
1896716
1530653
1895806
1898986
1895805
1333619
1898980
1336216
1530659
1896908
1338571
1896811
1531468
1896915
1333603
1895711
1334571
1533651
1896802
1531460
1896901
1337254
1896801
1339671
1895814
1896993
1333616
1895719
1533656
1337683
1896994
1896717
1338861
1337257
1339655
1336218
1333613
1339656
1896903
1895804
1531469
1896809
1334581
1333581
1532588
1895710
1333606
1895811
1895818
1333609
1530681
1339571
1336215
1896819
1336217
1533650
1896710
1533761
1896719
1530650
1337571
1896992
1336210
1330650
1337250
1896713
1533657
1334616
1898988
1339652
1895713
1333617
1895812
1534571
1333612
1896808
1533655
1339653
1896904
1895803
1333605
1330651
1895712
1896991
1332571
1896711
1530671
1896718
1530655
1898985
1898948
1533658
1531463
1333615
1896712
1890650
1339654
1896905
1896910
1896800
1335713
1895802
1896919
1530652
1895817
1895717
1898949
1337241
1330653
1332591
1333618
1330652
1533688
1898984
1896807
1337252
1896814
1890581
1530651
1530656
1338581
1335711
1896990
1896913
1896997
1335719
1330571
1336289
1338653
1896918
1336212
1898945
1339651
1896911
1895810
1339659
1332581
1898987
1330581
1333610
1895819
1335714
1896998
1890651
1896815
1335712
1895800
1890681
1896806
1531464
1337240
1895809
1896912
1533654
1337251
1337682
1895716
1896805
1337581
1336211
1530657
1335718
1896907
1339681
1332613
1532581
1898946
1334615
1339581
1530654
1338651
1896816
1330681
1898983
1896996
1337255
1532571
1896999
1333602
1890571
1534582
1895801
1895815
1332614
1333588
1890671
1335715
1895715
1333614
1531465
1337256
1530581
1896916
1896813
1334619
1895808
1895714
1338652
1533653
1330671
1896714
1333600
1335578
1335710
1898947
1898982
1333571
1896817
1530658
1333607
1335717
1896995
1896917
