1587331
1376236
1517333
1527337
1387337
1519732
1507339
1397539
1527330
1529222
1509638
1597437
1357423
1378632
1378630
1507410
1529210
1588636
1378908
1517335
1507334
1511537
1529215
1529214
1520733
1597332
1376226
1520740
1387338
1378783
1357420
1589733
1509636
1529224
1397335
1509639
1387415
1397531
1511602
1378631
1511608
1587332
1376235
1588637
1397336
1387412
1357428
1397414
1511607
1529213
1507331
1527331
1519733
1587330
1511536
1360742
1529216
1597438
1387339
1588639
1527332
1597330
1376227
1387335
1387419
1580733
1511539
1586970
1357429
1529223
1587338
1509631
1397538
1519735
1378782
1387331
1397337
1351733
1397532
1597337
1376238
1597439
1588631
1357426
1378636
1397338
1397413
1588638
1378639
1507332
1511609
1529212
1511531
1387410
1510733
1509637
1511538
1376237
1586971
1397419
1586974
1511530
1527335
1357421
1527334
1397412
1511600
1587337
1520742
1397339
1397537
1378906
1397415
1511601
1397331
1511532
1357427
1519734
1378637
1509634
1529211
1586972
1587336
1529218
1387413
1350733
1517339
1390733
1397416
1378638
1511533
1378909
1529217
1507337
1588632
1527336
1376230
1507330
1586973
1520741
1587335
1390741
1509635
1588633
1507414
1378780
1387411
1387333
1511605
1517338
1397536
1527333
1397411
1509632
1519737
1387330
1378634
1380733
1597333
1507338
1351741
1529219
1376231
1597336
1397417
1376239
1517330
1519739
1587334
1397418
1507413
1397535
1387416
1376225
1519736
1378907
1397332
1597334
1517337
1507335
1597335
1397333
1529220
1511535
1511606
1390843
1376234
1387417
1378635
1519730
1357425
1597331
1376233
1587333
1517331
1529221
1507412
1380741
1397530
1588634
1507336
1387334
1370733
1397533
1527338
1387418
1511603
1500733
1590733
1517334
1378633
1519738
1517336
1509630
1360733
1397410
1511534
1357422
1519731
1378733
1397334
1527339
1387414
1507411
1509633
1588635
1370741
1387332
1511604
1507333
1397534
1517332
