1557070
1567417
1308733
1327213
1321733
1557074
1567539
1320335
1305413
1567332
1305412
1313503
1329856
1567538
1557414
1310701
1561634
1561635
1302733
1557078
1307706
1567416
1302745
1323733
1567411
1557338
1311733
1320334
1567536
1561640
1316743
1561633
1305513
1557077
1313513
1567335
1304723
1310702
1557072
1557416
1567531
1316740
1307705
1327211
1567338
1316744
1561641
1329733
1860741
1567537
1320333
1567334
1867343
1557417
1557335
1320733
1567533
1307704
1567530
1327212
1310733
1557079
1567410
1567413
1301711
1860733
1567339
1301713
1561639
1569741
1320332
1557418
1557411
1305512
1557332
1557334
1305511
1316742
1557419
1301710
1310033
1300733
1567336
1301712
1320331
1557075
1305411
1557071
1557410
1325733
1561638
1560733
1320336
1329854
1557333
1310703
1307701
1567532
1567415
1567337
1320330
1327210
1561637
1303733
1557413
1557330
1557076
1557336
1567418
1307702
1327214
1307708
1567331
1557337
1557073
1307709
1557412
1569733
1557331
1567412
1301733
1561636
1567333
1307700
1313533
1316741
1557415
1567535
1567419
1567330
1307703
1307707
1325741
1310700
1310023
1567534
1311753
1567414
1560741
1557339
