1892133
1891239
1337365
1333878
1335815
1892151
1896179
1531223
1339511
1895156
1533779
1332791
1892127
1891527
1896159
1330616
1891531
1892126
1337360
1896171
1333792
1892135
1896157
1339518
1896152
1892114
1530152
1338220
1895158
1896180
1896151
1896174
1530617
1332790
1530151
1337622
1892111
1533523
1531220
1896160
1896187
1892120
1891427
1335792
1892139
1531229
1891248
1891528
1337366
1890618
1891538
1338223
1339517
1892154
1892125
1339516
1891428
1892136
1891421
1337363
1891238
1531248
1333876
1890619
1337621
1892110
1896156
1892121
1891249
1531221
1896181
1338228
1891534
1896182
1896163
1335810
1332815
1337364
1891410
1333790
1892138
1338225
1891539
1531228
1330151
1891236
1896173
1896164
1891422
1896189
1895150
1892124
1892113
1335790
1333873
1531222
1891246
1337624
1333811
1892130
1891533
1892137
1891423
1892118
1891411
1896176
1335811
1333874
1332810
1896183
1896155
1338224
1334792
1338229
1891522
1891412
1896153
1337623
1531227
1339514
1890153
1530616
1892112
1891529
1891520
1337620
1896154
1892122
1891237
1334815
1891424
1895247
1891426
1333791
1892119
1896169
1338289
1337362
1531226
1890152
1891536
1891247
1333810
1890617
1892152
1330617
1896184
1339515
1335791
1892117
1891413
1891425
1896161
1896175
1891417
1533520
1338227
1896162
1891535
1330152
1891523
1338221
1895246
1891418
1530615
1339512
1895249
1339513
1891521
1531249
1892123
1891524
1330618
1892153
1891235
1531225
1533522
1891530
1891414
1896185
1891537
1890616
1337361
1892116
1330153
1333877
1896186
1892129
1890151
1891416
1530618
1896150
1892131
1334790
1338222
1338242
1891525
1891415
1896170
1534510
1896167
1891245
1334810
1530619
1895248
1892115
1338288
1533521
1332792
1531224
1333875
1330619
1892150
1334791
1332811
1891429
1530153
1895151
1896168
1891420
1895157
1890615
1896158
1333815
1896177
1892128
1892134
1533524
1896188
1896165
1339519
1338226
1896172
1339510
1334811
1891532
1896178
1891419
1891526
1330615
1892132
1896166
