1396150
1392120
1381253
1599526
1589531
1516163
1381224
1370616
1595043
1381225
1506153
1358410
1596176
1381513
1585269
1358507
1596156
1506189
1377106
1396174
1526156
1585251
1519022
1526160
1586153
1515223
1506179
1505217
1586141
1358501
1386166
1596165
1396169
1506156
1391245
1599532
1392113
1585274
1505069
1525082
1586152
1595044
1506186
1377132
1525157
1377140
1377123
1358417
1377161
1377114
1526154
1529542
1500618
1594924
1396188
1596181
1585256
1391423
1391414
1520618
1506151
1381206
1505228
1381429
1377116
1392130
1526155
1358424
1515222
1595246
1595158
1396173
1396151
1392121
1396152
1599536
1505242
1395157
1525142
1596166
1377151
1360619
1596175
1516156
1396156
1506158
1586166
1391525
1386152
1525165
1585250
1596155
1596153
1520619
1525081
1380152
1395249
1395158
1599525
1506172
1525160
1585268
1360616
1358506
1506181
1386171
1525151
1381227
1526168
1377160
1516157
1586140
1396171
1586154
1386184
1391532
1377124
1391531
1358414
1596151
1392112
1358423
1585275
1595156
1515220
1519027
1396170
1377141
1595041
1520617
1594923
1381256
1391426
1505223
1505214
1526151
1586151
1519020
1370152
1396155
1589536
1519033
1386151
1585257
1381211
1520616
1585276
1526169
1519038
1392126
1506180
1586168
1519028
1516160
1506173
1594926
1377125
1505211
1510619
1599533
1525084
1516165
1386177
1505229
1590615
1526162
1392122
1595157
1358415
1380153
1351519
1381421
1377131
1391421
1596152
1386164
1516151
1525141
1505218
1381210
1381428
1360152
1596167
1529541
1381204
1515228
1586165
1525166
1377150
1381219
1595042
1595010
1396172
1599537
1519036
1525140
1358412
1519025
1391527
1506154
1585262
1520615
1392136
1599530
1525159
1358422
1525169
1506159
1377149
1377156
1526167
1377118
1391538
1377111
1377134
1525163
1377104
1392151
1525152
1586150
1599528
1519026
1500616
1370153
1585253
1525083
1392137
1596174
1516161
1585277
1585281
1515229
1519039
1392114
1596168
1510617
1386150
1526152
1386145
1585267
1505067
1391417
1585280
1510618
1529540
1505226
1526161
1377126
1377142
1377112
1590618
1505221
1516164
1390153
1596173
1386176
1505216
1373911
1386185
1516150
1500617
1358421
1506182
1381202
1386149
1381254
1396159
1516162
1386161
1595248
1358420
1525153
1377117
1506174
1386163
1525162
1506183
1358503
1526163
1506146
1377103
1392150
1391424
1585266
1525164
1391537
1381220
1392152
1519034
1390617
1381213
1396158
1599522
1386189
1392127
1505244
1585263
1599527
1377133
1396187
1516153
1386148
1391422
1370151
1392116
1526157
1377148
1358413
1595012
1519035
1396157
1596183
1506157
1586167
1585265
1596150
1595011
1386182
1391427
1381203
1590617
1377127
1505224
1586156
1377136
1589534
1386175
1377102
1526150
1360615
1525150
1505227
1391418
1596158
1596178
1585282
1580618
1392134
1395248
1377157
1525154
1585252
1377143
1589647
1585278
1392117
1596161
1390618
1525080
1509438
1381221
1358500
1360617
1381255
1525161
1586162
1506185
1386160
1391415
1381228
1380051
1377154
1515226
1381514
1516158
1390152
1585261
1585255
1396160
1506175
1519023
1596172
1596185
1589535
1516169
1386162
1391524
1515221
1599535
1525143
1519030
1386174
1596160
1377147
1377109
1589532
1392139
1516159
1519021
1596186
1596157
1381423
1586158
1599539
1377135
1594927
1350617
1506147
1391419
1526164
1586149
1377110
1525156
1585260
1506176
1580619
1505219
1377128
1391429
1390619
1381229
1586148
1585279
1392135
1596177
1396183
1589539
1510615
1391521
1505241
1350619
1396165
1391522
1505210
1380615
1596184
1500615
1585283
1392153
1594925
1586144
1395246
1395247
1381512
1526158
1381212
1526165
1377146
1599531
1516168
1391416
1381208
1377100
1390151
1519024
1391420
1358505
1377101
1506177
1515225
1525155
1396154
1505068
1370615
1377155
1506152
1391425
1590616
1505213
1529543
1590619
1392154
1586161
1516152
1589648
1360148
1596180
1596171
1509439
1381201
1386154
1390615
1585264
1381222
1391249
1596187
1381215
1599524
1392111
1585254
1515227
1350615
1585258
1596154
1594928
1386146
1586143
1589646
1519032
1377145
1377115
1381422
1594922
1506184
1506155
1377159
1391534
1505243
1596162
1516167
1516155
1377138
1377122
1392133
1396166
1596159
1380616
1586147
1377108
1381251
1586157
1595247
1377129
1519037
1391239
1380618
1580616
1595249
1589537
1381425
1529544
1386173
1585272
1586159
1377152
1395156
1599521
1505215
1594929
1505222
1391410
1596163
1392123
1381223
1392110
1381258
1516154
1396162
1392132
1589649
1391539
1595014
1350616
1370618
1391520
1377107
1585271
1390616
1505212
1358508
1381209
1377144
1516166
1596170
1585273
1380151
1515224
1526166
1380617
1506188
1506150
1396163
1580615
1585284
1580617
1381250
1525144
1586145
1381510
1599534
1525168
1589533
1377121
1377158
1589530
1386170
1525158
1386147
1586146
1594920
1599520
1377130
1396185
1377137
1586169
1519029
1595150
1506187
1506178
1585259
1599538
1585270
1596188
1599523
1586142
1381259
1358416
1396189
1595040
1596182
1351164
1596189
1381424
1386153
1391428
1596164
1370617
1377153
1519031
1505220
1381214
1500619
1594921
1396161
1599529
1596169
1392131
1392138
1380619
1377113
1391413
1586164
1505225
1595013
1396164
1358411
1526153
1526159
1381207
1586163
1595151
1392124
1586160
1525167
1391528
1377139
1370619
