1322281
1321876
1308350
1311506
1329124
1300330
1318208
1560617
1327016
1860147
1321877
1315103
1303350
1305736
1860159
1301366
1860510
1318272
1566440
1309310
1565156
1300339
1300333
1860157
1327041
1315102
1309302
1309240
1318278
1327015
1310197
1301368
1322510
1321885
1305734
1306369
1566865
1301364
1565150
1305724
1327010
1300039
1311507
1309311
1306362
1305733
1322289
1301369
1309304
1860158
1318241
1300336
1560616
1321879
1306361
1315145
1322280
1566866
1309241
1310196
1306364
1569524
1305738
1322284
1318279
1311508
1300038
1325511
1300036
1309307
1320526
1301363
1860155
1566867
1318276
1560619
1311509
1305731
1329122
1321878
1322294
1322287
1315195
1320527
1300338
1305732
1329121
1560618
1325521
1327625
1565157
1322285
1305723
1300331
1320529
1315192
1303351
1305737
1322286
1306363
1566862
1318240
1300334
1300037
1315100
1305726
1315194
1309306
1318277
1321873
1317405
1315193
1323643
1565158
1327626
1305729
1566863
1306367
1318206
1317406
1320524
1305722
1309314
1305727
1320521
1309309
1560151
1300035
1327013
1318275
1315101
1327629
1327018
1317404
1322240
1560152
1301360
1566860
1327623
1318207
1305730
1305720
1322292
1306360
1315191
1315104
1569522
1315190
1318209
1322293
1327622
1311505
1305721
1305739
1325520
1560153
1327014
1300337
1300034
1566869
1320525
1327628
1320523
1321874
1566868
1301367
1327011
1322290
1566450
1327624
1327510
1306365
1322283
1318274
1320528
1308351
1569510
1327627
1325510
1305728
1566861
1315196
1300335
1320522
1309312
1566441
1318273
1560615
1322291
1860146
1327017
1860156
1327042
1306366
1327012
1566451
1300033
1300332
1325522
1301033
1327019
1322282
1321875
1329123
1322288
1305735
1309313
1565151
1315197
1306368
1566864
1329120
1860148
