1357197
1357298
1580299
1592980
1512924
1509152
1580925
1377249
1529199
1522938
1509175
1372060
1522909
1502902
1582933
1510291
1582971
1510925
1512928
1357227
1580926
1520929
1519144
1580292
1599165
1592997
1582921
1582960
1357207
1512988
1357190
1592990
1357180
1522931
1510298
1363671
1599160
1582926
1509409
1582966
1520291
1372042
1522922
1599169
1511487
1390921
1599162
1529186
1599180
1510929
1377210
1529185
1522930
1582961
1509183
1399198
1593486
1502924
1582930
1500929
1592993
1592989
1377203
1510922
1512908
1520925
1592930
1357210
1510296
1375999
1590294
1599167
1582991
1399184
1582907
1502929
1357251
1529168
1582902
1363021
1380919
1500295
1500293
1372041
1357216
1520296
1529187
1357195
1510923
1582970
1592998
1520248
1512925
1593485
1582904
1587739
1599185
1593484
1399288
1357290
1390926
1512909
1589144
1519145
1522923
1520926
1880291
1522933
1509406
1500926
1399127
1357299
1587732
1502997
1589174
1357221
1363028
1375987
1377200
1372055
1580927
1522939
1502923
1582984
1512929
1390922
1399121
1500920
1357289
1522926
1351918
1502909
1599172
1389197
1589173
1582931
1399195
1372061
1509154
1599177
1357229
1500294
1522901
1357206
1529141
1380918
1529148
1529183
1370924
1399119
1590293
1509408
1502996
1599175
1522902
1582992
1880290
1582976
1502928
1512982
1377202
1522924
1502980
1512906
1590290
1377247
1529169
1520247
1370912
1520923
1510297
1520927
1377254
1589149
1357209
1511485
1509132
1582924
1582937
1399128
1502935
1520297
1509118
1520290
1509400
1580290
1592999
1502990
1582903
1357183
1357213
1357218
1590292
1509105
1357200
1529191
1529149
1500298
1593489
1599178
1580921
1590929
1880297
1399186
1357182
1582973
1512944
1582946
1372075
1357293
1372053
1522925
1509148
1599116
1522907
1509167
1502907
1520928
1500928
1522900
1599198
1502908
1522932
1512918
1519143
1502918
1502961
1582977
1510924
1582906
1519184
1580296
1390927
1520241
1377240
1587738
1357281
1599170
1502927
1502988
1357253
1589130
1529184
1372045
1580918
1599138
1522989
1582927
1357201
1589176
1520924
1599164
1519181
1522928
1389195
1522935
1582901
1500297
1509133
1511484
1370926
1390928
1580920
1375989
1511483
1375997
1509401
1351919
1500299
1582929
1357212
1370918
1582955
1502991
1510294
1520249
1582965
1520293
1357192
1377246
1399137
1372076
1357280
1590298
1377241
1592972
1599161
1519142
1582967
1399118
1502999
1520922
1582993
1519141
1582925
1512993
1377218
1599126
1512921
1357258
1377212
1509158
1519185
1590291
1399125
1509128
1522988
1519157
1500291
1372077
1399112
1520240
1512904
1512926
1593480
1510295
1582972
1502925
1502948
1502955
1377205
1502992
1589175
1512927
1375996
1593482
1582900
1377213
1582928
1500296
1509402
1511489
1357255
1372073
1502926
1519158
1580928
1512907
1377204
1582939
1502906
1372054
1582978
1880299
1357241
1592948
1593483
1502905
1512901
1509189
1529198
1522934
1880296
1399285
1372072
1509159
1510921
1509186
1592944
1511488
1589170
1580922
1590299
1357203
1529118
1582964
1509176
1357184
1399126
1372043
1509403
1599189
1519168
1502900
1520295
1589177
1599145
1582975
1511482
1389283
1377242
1520292
1582922
1582953
1512920
1399138
1582934
1512948
1502920
1357288
1593481
1389281
1370920
1357199
1580929
1502914
1589139
1599143
1582908
1370024
1510920
1512965
1502998
1389185
1580298
1357196
1351914
1520921
1582936
1522905
1592956
1512900
1399114
1363680
1520920
1880298
1599173
1399134
1590297
1377207
1519148
1520242
1357217
1372058
1519186
1580923
1357242
1399181
1357202
1582938
1502993
1500924
1592931
1370911
1522906
1582969
1522908
1582923
1377244
1509404
1522936
1502957
1593488
1580295
1377217
1589148
1512931
1599134
1512902
1520243
1511480
1510926
1582979
1592996
1522929
1580297
1589178
1380029
1880295
1509109
1510292
1582988
1357282
1500925
1377206
1592977
1582905
1370922
1582962
1390929
1510927
1509137
1599176
1512922
1510293
1582910
1502995
1377216
1389287
1399182
1399133
1582935
1509185
1519147
1589179
1592992
1509407
1519189
1599163
1502921
1587765
1522920
1590296
1502922
1390029
1519191
1520294
1593487
1357187
1580924
1880294
1522937
1589172
1370914
1529119
1399281
1511481
1390918
1582920
1529181
1522927
1502901
1377201
1592991
1399124
1582968
1529159
1592932
1377208
1500292
1357243
1370027
1509405
1520918
1580294
1399115
1370919
1375992
1520244
1363670
1509115
1512923
1502975
1357205
1512956
1512905
1510299
1529157
1377215
1520298
1512939
1520299
1589142
1582932
1592995
1357191
1510911
1390923
1519188
1357257
1512936
1357181
1599171
1509144
1529145
1509119
1509162
1519146
1599194
1399129
1357285
1502903
1347452
1522903
1582963
1502904
1522921
1599127
1589171
1511498
1587734
1357254
1389183
1529196
1510290
1370929
1522904
1372051
1512903
1580293
1592994
1372052
1511486
1880293
1360924
1599174
1880292
1599179
1399194
1519190
1582954
1520246
1510928
1390924
1587755
1399183
1502967
1587748
1520245
1377251
1582947
1502994
1587744
1509153
1390920
1357297
