1347403
1348827
1347402
1347466
1348810
1348490
1348835
1346875
1580291
1346884
1348815
1348447
1348459
1347416
1348462
1347447
1348453
1347464
1347465
1348491
1346881
1348458
1346892
1347446
1347401
1348463
1347436
1348446
1348833
1347400
1348466
1346862
1346882
1346876
1347435
1348823
1347406
1347415
1340294
1346897
1348813
1348831
1346861
1347407
1346895
1348493
1348814
1340295
1346870
1346860
1347412
1348492
1348832
1346877
1346888
1347413
1346885
1347453
1346867
1340296
1346866
1346893
1348811
1347405
1348495
1348480
1347468
1347411
1342977
1346871
1346872
1348846
1340297
1348826
1348812
1347450
1348481
1348819
1348467
1347429
1348460
1348451
1346865
1346883
1347437
1348461
1340298
1348818
1348455
