1311914
1561947
1559617
1552937
1320175
1559668
1559497
1322780
1559640
1566466
1566499
1559667
1325943
1307294
1559494
1566461
1561901
1322775
1320145
1308091
1311044
1559662
1320157
1322806
1310952
1559480
1566706
1302281
1324410
1561909
1552966
1569196
1560921
1322703
1552909
1320185
1569195
1860290
1561939
1328935
1322704
1327942
1320150
1559682
1552947
1320154
1320178
1559464
1320181
1328930
1569146
1327933
1314925
1329902
1325947
1327928
1308754
1561900
1561932
1569188
1315247
1329909
1322789
1311045
1311048
1569182
1325999
1322807
1327924
1300840
1320163
1569173
1309698
1302287
1322772
1328927
1566707
1308090
1320172
1308093
1325970
1325948
1302280
1552938
1322706
1559641
1322700
1325944
1561946
1314918
1302289
1566471
1559482
1566488
1325981
1311915
1559485
1310953
1566460
1552902
1311041
1328980
1566480
1315246
1303859
1559663
1566491
1320155
1318614
1301084
1569181
1327949
1320160
1552930
1325991
1309695
1559680
1320162
1314923
1329901
1552954
1327943
1566474
1552945
1566497
1311042
1552903
1552968
1561948
1560922
1303296
1327936
1569180
1561933
1315201
1322783
1322771
1325941
1325982
1311912
1329910
1559188
1569179
1327920
1552959
1566463
1569174
1860292
1322773
1314926
1320141
1303295
1569170
1329913
1569189
1559687
1308752
1320176
1561949
1552953
1314920
1320148
1327921
1566704
1561931
1325987
1328932
1552940
1559465
1300842
1552967
1322804
1561943
1559492
1561922
1561925
1322701
1552955
1309692
1552931
1868185
1322707
1320174
1566468
1559489
1566477
1552932
1566475
1325945
1315200
1569142
1300291
1552926
1566464
1569198
1320188
1566483
1314927
1320169
1561904
1315202
1302285
1329900
1325972
1552946
1325993
1314929
1315245
1860291
1322782
1322770
1569187
1320151
1328982
1325979
1552901
1327935
1310951
1552904
1328923
1559669
1308756
1329911
1322777
1566705
1320152
1566482
1329904
1301085
1566462
1325990
1327944
1560923
1552933
1552939
1561941
1552943
1561923
1566467
1327930
1569172
1318601
1322805
1559463
1328985
1320165
1327947
1320182
1868186
1552929
1320179
1325942
1868180
1552956
1322802
1561905
1322709
1309697
1328939
1566493
1559181
1561930
1569144
1559487
1561924
1561942
1559495
1325975
1552960
1328929
1310958
1552925
1569197
1327937
1566703
1322787
1552952
1559185
1569141
1325946
1311913
1559664
1315203
1868194
1552957
1325971
1566472
1322776
1860928
1315243
1322784
1329912
1320171
1559686
1566485
1560925
1569190
1860294
1552905
1868187
1315244
1328926
1552942
1552961
1552928
1308092
1314928
1552924
1566470
1559491
1552900
1314921
1310950
1322708
1303858
1559484
1559688
1311049
1561929
1552906
1325995
1860299
1569177
1325985
1328986
1322786
1569149
1552944
1311910
1325976
1329906
1327938
1327929
1322803
1566490
1302286
1569186
1566498
1552951
1552941
1328921
1322785
1322809
1561920
1868181
1559498
1561927
1325980
1308750
1328931
1306037
1320164
1320143
1327948
1300294
1328984
1559493
1325994
1559685
1309029
1552923
1552934
1559462
1559481
1325940
1315211
1310956
1315218
1320189
1560928
1566473
1311919
1566478
1559184
1868188
1552958
1552962
1314922
1311040
1325988
1552969
1860293
1569192
1561906
1559180
1868189
1302283
1552927
1560924
1320168
1315242
1561921
1329916
1328937
1569191
1322808
1328934
1315212
1561940
1329905
1329917
1552908
1315205
1320140
1560929
1328924
1566701
1315249
1303291
1325973
1569143
1559616
1320149
1328987
1559488
1329903
1559689
1561907
1569178
1327939
1311918
1569171
1320177
1320186
1561928
1559461
1559468
1325977
1566486
1561903
1559661
1320146
1561908
1561926
1559683
1318603
1314924
1566465
1315204
1569147
1559486
1328981
1315219
1320173
1566495
1309690
1300841
1327932
1559684
1320167
1315213
1302284
1328938
1569148
1566492
1559642
1559183
1322800
1303294
1561935
1868182
1566702
1559644
1327927
1559187
1561936
1310957
1569199
1559666
1309699
1569184
1325996
1328933
1320158
1328920
1327925
1325978
1300297
1860297
1300298
1329908
1325983
1303893
1308759
1306040
1561945
1320159
1322778
1552907
1328988
1552950
1566496
1315241
1327931
1552964
1325992
1320147
1559496
1569175
1566700
1311917
1325974
1327946
1322779
1860295
1560927
1559660
1559460
1328928
1566494
1559466
1860296
1559469
1320166
1320183
1552936
1559189
1566489
1566487
1561934
1559490
1552921
1306039
1327926
1322801
1559186
1569185
1868183
1569194
1559182
1566469
1308897
1552935
1552922
1325949
1309693
1559643
1559483
1552949
1559665
1566708
1569140
1320187
1320161
1569176
1552963
1322774
1560926
1327940
1307293
1328983
1328925
1327945
1566476
1315207
1561902
1559499
1560920
1322788
1566709
1311043
1860298
1300299
1561944
1315208
1300290
1329919
1320156
1320142
1327922
1325998
1325997
1315240
1569193
1552948
1322781
1327934
1552965
1303293
1868184
1320153
1327923
1325989
1552920
1559618
1569183
1318605
1566479
1311046
1559681
1566481
1320170
1325986
1322705
1569145
1328922
1328989
1328936
1327941
1302282
1561938
1320184
1302288
1315217
1566484
1329907
1322702
1561937
1325984
1559467
1320144
