1899129
1332547
1534920
1533238
1533925
1531970
1334741
1899192
1899137
1332450
1899282
1332459
1533243
1899120
1338928
1533904
1336395
1890925
1533790
1533903
1899187
1337920
1531994
1890924
1533902
1899128
1899196
1899114
1531945
1335925
1338925
1530924
1337927
1533230
1533912
1531978
1337905
1899134
1335920
1533910
1331922
1332548
1899193
1533917
1899285
1336392
1337908
1533237
1334742
1899121
1533232
1533919
1338926
1338495
1335922
1531979
1899288
1337951
1338494
1531993
1338922
1334743
1332457
1337907
1331920
1332455
1332549
1533920
1533245
1534925
1337926
1330920
1331921
1338929
1531974
1533911
1338499
1899199
1531996
1899127
1338496
1533918
1332452
1534922
1531943
1533929
1335928
1899118
1336397
1338920
1533909
1899190
1899280
1335923
1337900
1337925
1899191
1335929
1899135
1899181
1333539
1337918
1890922
1533900
1331094
1331098
1534927
1533928
1331928
1533908
1533234
1899126
1533915
1533901
1530922
1336391
1337924
1338921
1337904
1337909
1899119
1336399
1899188
1330924
1890923
1533241
1899132
1331927
1534929
1330918
1337954
1531995
1533927
1338498
1533922
1890918
1331097
1530923
1530929
1899180
1530921
1899198
1899283
1330925
1338918
1339928
1338924
1335921
1533921
1332453
1533249
1533907
1531998
1338497
1531991
1337923
1899111
1899125
1899138
1332451
1899116
1338923
1331929
1338490
1531949
1890929
1330923
1337902
1533916
1899133
1533231
1331926
1332458
1531940
1533244
1533924
1534921
1531992
1332546
1332456
1899183
1531990
1337903
1531973
1531975
1530927
1530920
1899110
1337922
1899189
1531997
1330922
1330926
1899281
1899130
1530925
1332538
1338491
1533906
1899117
1533913
1336394
1533239
1337929
1899195
1899124
1890928
1531972
1335926
1531946
1336396
1337921
1899182
1533923
1890920
1338927
1337950
1899284
1533247
1332545
1531941
1531976
1330927
1899113
1890927
1899185
1531948
1533236
1899289
1899186
1337901
1336393
1333538
1530928
1336398
1534926
1338493
1899123
1339918
1533905
1533233
1899194
1899139
1533926
1533242
1336390
1533914
1531947
1531971
1533248
1531977
1890921
1330921
1530926
1338492
1899112
1531999
1890926
1335924
1533246
1899131
1331924
1533235
1335918
1331925
1330928
1332454
1899136
1899184
1334740
1534928
1331918
1335927
1534924
1531942
1531944
1899287
1330929
1533240
1337906
1899197
1899286
1534923
1899115
1337928
1899122
1331923
