1509163
1368924
1582990
1367920
1365921
1367926
1366928
1364924
1367925
1361924
1368925
1365920
1366929
1362924
1365911
1364929
1372062
1582909
1368929
1368928
1368926
1362920
1365925
1361921
1389190
1357292
1366925
1366918
1370028
1364928
1366919
1500290
1368920
1361926
1365923
1364927
1361929
1366924
1366920
1368919
1367913
1372063
1366923
1361928
1365928
1362927
1509177
1361920
1357186
1365929
1367929
1366922
1362926
1365926
1367911
1366926
1367928
1348452
1361925
1365919
1362929
1590295
1364921
1347467
1366913
1365924
1364923
1364920
1367918
1366927
1361922
1365918
1367910
