1357249
1399130
1351916
1360918
1351915
1377209
1390925
1362928
1389184
1357284
1399280
1389198
1357287
1351912
1399287
1399193
1389181
1357194
1370928
1347417
1399120
1367916
1351917
1389143
1377248
1582974
1399110
1399192
1363023
1399196
1377211
1360916
1357224
1389196
1389192
1367924
1375998
1357240
1590920
1348454
1367917
1389285
1363022
1399191
1389191
1360928
1375988
1357215
1357244
1357222
1348822
1360915
1370925
1367922
1357208
1357226
1399180
1377219
1399132
1365914
1360911
1348821
1375995
1347451
1399131
1582958
1357294
1377245
1357225
1372065
1357228
1377214
1364926
1375994
1377252
1357247
1360926
1380915
1367912
1599166
1363025
1375991
1348847
1377253
1357149
1399282
1370023
1592973
1363681
1399123
1399135
1357223
1399187
1389282
1389289
1377243
1389199
1357259
1367921
1360912
1351913
1372049
1389189
1370022
1357214
1377250
1399122
1357296
1347410
1399197
1399136
1357248
1599168
1360929
1357256
1389187
1592955
1367927
1350918
1351911
