1893171
1339337
1338307
1331579
1331574
1893172
1339338
1336317
1893177
1331307
1533317
1333307
1337347
1339339
1893179
1890317
1338317
1338337
1334327
1533337
1534317
1337353
1337337
1336366
1331317
1331327
1331337
1331576
1890327
1893170
1333327
1893175
1334337
1330306
1331570
1893176
1333336
1339317
1530337
1330317
1336368
1330307
1530317
1339327
1533327
1331571
1337317
1338306
1893178
1332317
1330337
1331572
1331573
1332327
1530327
1893173
1893174
1334307
1334317
1333317
1337323
1331577
1332307
1331578
1336367
1337307
1331575
1339307
1336369
