1593273
1593272
1590327
1378473
1372271
1523171
1373171
1378580
1393175
1512875
1522753
1593329
1502862
1358272
1503171
1512772
1583270
1523378
1510086
1383277
1503178
1351327
1513273
1507572
1503369
1512870
1372272
1513278
1373174
1512779
1393275
1393076
1519473
1360327
1583317
1503071
1378472
1583378
1503078
1507674
1593174
1503088
1393271
1583188
1378577
1364337
1510327
1522752
1522759
1378549
1393075
1507578
1580327
1512878
1513175
1502870
1583177
1513172
1507672
1503244
1522673
1522721
1373058
1507679
1383276
1373170
1513372
1393179
1378416
1370037
1393274
1503177
1510076
1393278
1383179
1378574
1583279
1370333
1503079
1358271
1393398
1502868
1503368
1502875
1512771
1513272
1393174
1519472
1593173
1583047
1593317
1373175
1523073
1528437
1351349
1580337
1383373
1507571
1372273
1375457
1503172
1372274
1513373
1583176
1523076
1583277
1507671
1378471
1522675
1503070
1507570
1513077
1383275
1513174
1583170
1370327
1393277
1583187
1583278
1373327
1393074
1583271
1383374
1522751
1510074
1583179
1512872
1507670
1523173
1373057
1522757
1512770
1383171
1522678
1393173
1513279
1393273
1502867
1507579
1507677
1383372
1583375
1372247
1390317
1513270
1523174
1503074
1523074
1523070
1383273
1523075
1358270
1378470
1583178
1378057
1390327
1522676
1507680
1503142
1583376
1593271
1393073
1372276
1519474
1513074
1593175
1503077
1522660
1507576
1512877
1360333
1503170
1510075
1583276
1378576
1383274
1503317
1503075
1522758
1378571
1580317
1502872
1510037
1502865
1383170
1513379
1513271
1512775
1370038
1510317
1383371
1523071
1383376
1523078
1522672
1502866
1513177
1523175
1378415
1510083
1593270
1503199
1393172
1583379
1519471
1393270
1393279
1503179
1393072
1513378
1593328
1358273
1503189
1500337
1500327
1523379
1383270
1502871
1364317
1507678
1372275
1519470
1503076
1523072
1383173
1513179
1512874
1378548
1519475
1510073
1507577
1370317
1522661
1383370
1380317
1378027
1523176
1593170
1523167
1512879
1507574
1513071
1383378
1383178
1513371
1512774
1383177
1503141
1583327
1517572
1520337
1513176
1383176
1583175
1378570
1513170
1522755
1358276
1503336
1510080
1378581
1510081
1502874
1351348
1513377
1507669
1383379
1502863
1583336
1378579
1372270
1513076
1510082
1523077
1522756
1512871
1583377
1383397
1350317
1360317
1502860
1513276
1583080
1358267
1508147
1383377
1393178
1513376
1383271
1522662
1523317
1364328
1383279
1378578
1383398
1513079
1593078
1380323
1507647
1383172
1510078
1507675
1513370
1503174
1358247
1590317
1513173
1393070
1522664
1373173
1522677
1583081
1503047
1378573
1363084
1512777
1507544
1393177
1523170
1509440
1383174
1510085
1583337
1507575
1513277
1583173
1522679
1512876
1502864
1523166
1522674
1583280
1375453
1523177
1593079
1502861
1503175
1358274
1502873
1583174
1393071
1513078
1583274
1522720
1507676
1523377
1378572
1503173
1375447
1393170
1523079
1517570
1393078
1513274
1513073
1522671
1378575
1510337
1583273
1523307
1593171
1513080
1378474
1512776
1512778
1503073
1509442
1523327
1383399
1523178
1372277
1513275
1510087
1363337
1513178
1512873
1507673
1583082
1522663
1522670
1393176
1510079
1509441
1522750
1593274
1528427
1512773
1393276
1522754
1373172
1502869
1520327
1351303
1383175
1358275
1513375
1373059
1350327
1500317
1523179
1378475
1510077
1393077
1583172
1507573
1520317
1513171
1503176
1583272
1510084
1513374
1513075
1583275
1383375
1351302
1393272
1380325
1593172
1593327
1507547
1583189
1503072
1513081
1523172
1393171
1517571
1513072
