1313173
1563076
1311170
1563077
1323170
1323077
1310241
1553047
1553273
1329277
1312732
1563171
1328325
1553048
1311173
1553372
1310270
1561277
1553286
1328324
1563177
1551170
1301202
1563072
1308216
1309115
1561279
1563272
1551175
1561270
1329342
1561371
1310337
1310242
1561372
1329275
1312735
1329341
1863179
1313174
1311171
1553274
1553040
1301203
1551178
1863173
1563275
1553078
1863172
1323173
1561275
1563170
1563075
1323176
1311172
1553373
1561373
1553172
1563078
1323076
1561276
1553377
1553284
1553175
1553285
1310317
1863174
1553171
1328323
1310243
1329344
1308047
1312734
1553376
1569497
1329276
1311179
1553317
1310271
1553289
1553041
1563278
1553173
1310327
1310272
1551278
1561374
1553275
1301204
1561370
1300144
1553071
1313175
1310244
1863171
1553276
1323074
1553077
1328322
1563178
1563173
1329271
1553049
1563274
1551173
1563271
1323171
1310307
1563071
1863175
1311178
1329349
1553280
1312738
1553170
1553370
1561375
1328321
1563279
1863170
1329273
1301322
1860317
1329343
1329067
1561273
1863177
1553287
1323075
1329272
1551176
1312737
1553070
1311177
1312739
1563172
1551174
1553079
1551179
1563277
1301142
1329345
1553371
1323179
1323073
1553278
1561274
1553282
1561379
1323174
1563270
1863178
1311176
1563073
1553044
1329274
1563070
1310273
1553281
1303189
1312731
1563175
1553178
1329047
1569027
1329278
1553072
1553288
1323072
1551177
1569028
1551171
1553179
1563276
1323172
1313171
1313178
1308452
1553271
1553045
1329347
1561378
1553270
1310274
1308219
1329340
1329346
1329279
1563317
1553177
1313177
1303159
1329270
1312736
1553277
1313179
1323070
1560317
1311175
1312730
1323079
1328327
1300148
1863176
1328329
1563174
1328320
1313170
1563176
1553046
1551172
1553073
1569026
1313176
1569482
1569029
1301198
1553378
1553176
1308218
1553074
1553374
1329348
1561377
1308450
1323177
1561272
1553043
1569012
1569047
1323071
1328326
1553272
1323078
1328328
1553076
1563079
1551289
1561271
1309116
1563074
1304317
1310240
1308217
1561278
1323175
1312733
1553283
1323178
1553379
1308451
1301199
1553042
1561376
1313172
1553075
1551279
1553375
1553174
1311174
1553279
1563273
1551288
1563179
1569481
1309114
