1398856
1512507
1589454
1512527
1591124
1587773
1357721
1398859
1591263
1350882
1518728
1519837
1591267
1512522
1587777
1388720
1519832
1587772
1589451
1352965
1398728
1509693
1357725
1591225
1582517
1512505
1591122
1588730
1390872
1598764
1518721
1370864
1350872
1591264
1357720
1512523
1398855
1388726
1588733
1518729
1398729
1589452
1357787
1591228
1588737
1357727
1512524
1398850
1512502
1589458
1512504
1596909
1589456
1357724
1587771
1509692
1598762
1519835
1591261
1520872
1518720
1581217
1376923
1519833
1588732
1591265
1519839
1589455
1519836
1398858
1388724
1508725
1512525
1352963
1589459
1591227
1509694
1589450
1512510
1357729
1388721
1398722
1581218
1512503
1376922
1591266
1591262
1398857
1509695
1598763
1360872
1370866
1590872
1581219
1508727
1512508
1352964
1588739
1512513
1357726
1588735
1398723
1512517
1588738
1587770
1376921
1388729
1509696
1596908
1519834
1398721
1398851
1518722
1512516
1512519
1376920
1588734
1352992
1591224
1580872
1398726
1519838
1591120
1398724
1357788
1581220
1388722
1591123
1508726
1518725
1528720
1357789
1512518
1518723
1357723
1587776
1591260
1512509
1512528
1357785
1398852
1509697
1512511
1398720
1528721
1352972
1380876
1598760
1518726
1357728
1398725
1587779
1512529
1512521
1398854
1512515
1587775
1512506
1518724
1357786
1589453
1508729
1512501
1388727
1588736
1591229
1518727
1512512
1587774
1591121
1512526
1598761
1587778
1508728
1589457
1512514
1398727
1512500
1509690
1588731
1591226
1398853
1512520
1388728
1509691
1360882
1376924
1357722
