1895354
1531449
1336133
1335545
1335696
1335698
1334516
1895353
1531865
1530545
1890535
1534535
1531448
1337137
1531516
1336132
1895357
1337136
1895356
1531868
1336135
1339545
1334638
1335690
1531535
1337092
1531862
1335535
1337638
1531447
1337535
1330638
1530645
1337138
1895350
1531515
1338638
1533638
1890645
1335691
1531867
1330645
1338645
1332516
1336134
1336137
1335697
1533545
1335699
1335692
1332515
1332638
1895359
1337135
1531869
1330535
1890638
1337093
1337545
1336136
1338535
1335693
1531545
1533645
1895358
1890545
1334515
1531446
1339535
1531864
1533535
1338545
1335694
1336545
1336139
1337091
1339645
1339638
1337645
1336131
1333638
1531514
1330545
1531863
1895351
1335695
1334514
1531866
1530535
1336535
1895352
1530638
1336138
1895355
1337139
1337094
1335638
1332514
1336130
