1519228
1378099
1526653
1505356
1586562
1385457
1509864
1358355
1510652
1379358
1506454
1357351
1510645
1516683
1510650
1380891
1596649
1527551
1526655
1586405
1525453
1506382
1506575
1515458
1380645
1390535
1379351
1580638
1585452
1370891
1500545
1500655
1586637
1586560
1378096
1509866
1515457
1594987
1596650
1358356
1379123
1515357
1526453
1356256
1595496
1506677
1526950
1386453
1396387
1396384
1379115
1526654
1390645
1509859
1356250
1357359
1515454
1509865
1525358
1586406
1385455
1509847
1505355
1378097
1527545
1358980
1385359
1506452
1594997
1379259
1386386
1396456
1395352
1379120
1350535
1590890
1358981
1379350
1360644
1515351
1596356
1509852
1370645
1527552
1506676
1510658
1594988
1385456
1510651
1586383
1595358
1516579
1585453
1586561
1379122
1385353
1395356
1506574
1357356
1370890
1380638
1379359
1515455
1357350
1372394
1396383
1585353
1596513
1596645
1506458
1386384
1516687
1351535
1500535
1356258
1370535
1350545
1388467
1506386
1526650
1526957
1509867
1525359
1585454
1509845
1369787
1379250
1505455
1385358
1396459
1595495
1385452
1357357
1527535
1386452
1516572
1595459
1519237
1596654
1519226
1519225
1396454
1506675
1358357
1520545
1505454
1596355
1585354
1379121
1395351
1509853
1506570
1525450
1596358
1510656
1395355
1509858
1510646
1379125
1505452
1525353
1527553
1526456
1516686
1351545
1510638
1526958
1505354
1516578
1586564
1395350
1372395
1395455
1386451
1515350
1586535
1357358
1586645
1385453
1525457
1358358
1515456
1596535
1506457
1356259
1526652
1506576
1516573
1365544
1526455
1580645
1360638
1506380
1596646
1506385
1388466
1506453
1379257
1385357
1586648
1519435
1358978
1357353
1369761
1378091
1525356
1580535
1595352
1379118
1515358
1525354
1585356
1516577
1509850
1505453
1526951
1379124
1509861
1386450
1379356
1527550
1510657
1519235
1369763
1596518
1519230
1596653
1385354
1525458
1595355
1358352
1510654
1396389
1506450
1396380
1516689
1586382
1586563
1585355
1527554
1385351
1509851
1509868
1358359
1506577
1596357
1519223
1369762
1500650
1506572
1590545
1379119
1395457
1379256
1378090
1380053
1385356
1386382
1519238
1594989
1505352
1516576
1506388
1515452
1396388
1386454
1358987
1595356
1510655
1596647
1585451
1360535
1506638
1379126
1506451
1516535
1505450
1595351
1595453
1509860
1357355
1515353
1596656
1510545
1516570
1505456
1525351
1526458
1358977
1385459
1358984
1396452
1526952
1519224
1595452
1396381
1509849
1525452
1505353
1526954
1596648
1358351
1596519
1516545
1527556
1500645
1595498
1395359
1355310
1506459
1519236
1386383
1506387
1526457
1596655
1516571
1506535
1385350
1366544
1526659
1516575
1396453
1506578
1595353
1515359
1509856
1585358
1358976
1515453
1526959
1516574
1595454
1506383
1379127
1505451
1589896
1358986
1396450
1585450
1596965
1525352
1385451
1525357
1596966
1379254
1520535
1388464
1519229
1379354
1586636
1596657
1519239
1585459
1510648
1586646
1506455
1385458
1526450
1364544
1515352
1527555
1596517
1505350
1506571
1586409
1526658
1355311
1585350
1516685
1515355
1395452
1395459
1519234
1396451
1358350
1519232
1527557
1380535
1526535
1586384
1355313
1379355
1378092
1516688
1596359
1509862
1369785
1505359
1506579
1596658
1509857
1525456
1595451
1509848
1379116
1595497
1526452
1509855
1362544
1585457
1388465
1372398
1586407
1506389
1505351
1506456
1526657
1355312
1378095
1519231
1358982
1586638
1519221
1591003
1386459
1379255
1519222
1596516
1386380
1519240
1358988
1596652
1526953
1356254
1509863
1586649
1358975
1386456
1370545
1390638
1586635
1516684
1525454
1585352
1395354
1596351
1595469
1594971
1378098
1595354
1395358
1396386
1596659
1516638
1369784
1355314
1379129
1595450
1515450
1515459
1585458
1526955
1525455
1369786
1386381
1585351
1396458
1515354
1379253
1590535
1506384
1596515
1526451
1350645
1356252
1596314
1388493
1380545
1594996
1509854
1358985
1505358
1356255
1590638
1372396
1386457
1358983
1510653
1526656
1396457
1519227
1525459
1526454
1395454
1386458
1395450
1586381
1505357
1506573
1360545
1379353
1580545
1380890
1586408
1506678
1596644
1595499
1395357
1519436
1510535
1379352
1586647
1516682
1519220
1379258
1509846
1595359
1510659
1525350
1580644
1510644
1526956
1506381
1526651
1596514
1390545
1525451
1506545
1395353
1358989
1526459
1396385
1595350
1590891
1519233
1525355
1515356
1378094
1596353
1585359
1515451
