1322094
1561595
1321092
1320544
1329535
1555354
1318160
1550659
1325552
1308160
1310525
1550647
1565383
1565385
1303165
1565356
1325698
1561585
1300272
1315645
1303160
1860545
1322545
1328098
1305357
1565359
1310526
1565350
1303164
1305453
1561565
1328091
1325551
1865350
1329638
1300275
1550657
1320545
1305356
1566690
1555222
1328796
1555357
1550666
1325638
1314535
1315350
1550648
1561535
1329036
1325693
1300016
1315691
1312707
1303161
1328090
1318150
1865357
1315692
1328099
1561545
1300274
1560645
1305350
1310527
1303163
1555369
1305359
1315351
1327545
1555225
1327638
1325648
1565358
1310520
1305354
1325696
1325550
1305457
1315693
1318151
1320535
1328795
1865358
1561555
1328096
1323535
1303162
1566654
1555352
1325645
1569235
1555355
1301259
1315354
1328545
1305451
1565388
1328097
1550664
1555224
1310522
1328743
1555345
1305351
1565353
1555343
1310529
1325691
1555344
1305355
1560545
1555221
1329645
1308164
1555353
1300161
1328799
1555358
1565351
1328094
1300160
1315694
1550658
1550663
1566655
1315695
1305454
1301258
1555227
1328744
1321091
1561575
1566645
1305352
1315353
1555342
1569817
1325553
1305459
1318163
1325694
1565352
1555350
1328095
1310521
1301257
1566605
1565386
1318162
1310535
1566658
1860535
1310545
1325692
1325697
1315352
1305456
1555229
1328746
1327535
1328797
1555226
1550649
1569818
1300027
1308163
1305353
1322092
1328745
1322091
1312708
1865356
1565355
1327645
1565389
1305458
1305452
1310523
1555356
1325554
1555351
1328798
1555228
1555223
1565387
1318152
1318161
1321094
1566664
1308162
1305450
1325545
1565354
1325535
1561508
1565381
1329545
1305455
1322093
1328742
1321093
1325690
1325695
1565357
1308161
1555220
1328093
1325699
1324535
1300273
1565382
1555359
1565384
1305358
1300162
1329018
1328535
1315690
1325662
1322535
1560535
1566681
1550665
1301016
1328092
