1392546
1372736
1598999
1501964
1372499
1501588
1363017
1581569
1355331
1598605
1363008
1522097
1598613
1592072
1392860
1597574
1591457
1581340
1591816
1353440
1587577
1370290
1521893
1392311
1581786
1392822
1359054
1501469
1581564
1392596
1502422
1581345
1372856
1371546
1581787
1501552
1589959
1392863
1380262
1511877
1581598
1511858
1372745
1501164
1597661
1382770
1501967
1354367
1581361
1581780
1372663
1582066
1508801
1591604
1501581
1392857
1511299
1501589
1370298
1581783
1353458
1501162
1501550
1501963
1390285
1591618
1353446
1501559
1392990
1359068
1511301
1581592
1372731
1380925
1511862
1392314
1359050
1371748
1581808
1501572
1392861
1591609
1501464
1359057
1502428
1392486
1392911
1581785
1392770
1372633
1581568
1581346
1382454
1352894
1392778
1370234
1501461
1370291
1372632
1581369
1581343
1501966
1382778
1350025
1372493
1581806
1501769
1371547
1392457
1581344
1501961
1501580
1598616
1581367
1501774
1591813
1591804
1382557
1581690
1363007
1382772
1511302
1597669
1379000
1501558
1392593
1508800
1591818
1392862
1372638
1392543
1392318
1581565
1355332
1372744
1597573
1591659
1591803
1372730
1390241
1392821
1591900
1370274
1376093
1581784
1582069
1379866
1501465
1392317
1392771
1382340
1392998
1589958
1372498
1511869
1392854
1508803
1581562
1591909
1581362
1501163
1511294
1591806
1501573
1359051
1502427
1353437
1379463
1591524
1581363
1581782
1501586
1598615
1354360
1589982
1370960
1501962
1581691
1597668
1591520
1363005
1591603
1598608
1581807
1511870
1379865
1591606
1359069
1392487
1501473
1521890
1597572
1350996
1353448
1501551
1581697
1370254
1370296
1392723
1371749
1591907
1581692
1392319
1379461
1501566
1392484
1501969
1371746
1392594
1597663
1581342
1597577
1392820
1352897
1392865
1587572
1380246
1581366
1501575
1372639
1352891
1388994
1502426
1591810
1392912
1379464
1598607
1502425
1598997
1370297
1370263
1372850
1392918
1382773
1352890
1392313
1382346
1501768
1382552
1591523
1589957
1353459
1392996
1372661
1359056
1501775
1392456
1392919
1509987
1501462
1591702
1392859
1392599
1370255
1392855
1363013
1392320
1392772
1370262
1581563
1590757
1581699
1501968
1591657
1587610
1581801
1379405
1372747
1511864
1511871
1501587
1582068
1392777
1508802
1580007
1372738
1508804
1372461
1351660
1501584
1591903
1587571
1581695
1370306
1501776
1370307
1372737
1382554
1581599
1380981
1501556
1353438
1371543
1591611
1501565
1511295
1501767
1501765
1371549
1380970
1501168
1501160
1350995
1376092
1371747
1392995
1375153
1581364
1382559
1591812
1354366
1370275
1592074
1392913
1501567
1522098
1380985
1353447
1511304
1353434
1591815
1597578
1370226
1501472
1591701
1591658
1520765
1511861
1352898
1392917
1352892
1392321
1581567
1521892
1372660
1511863
1589980
1380248
1376098
1372851
1501577
1581349
1501764
1501471
1501557
1581595
1598609
1382553
1581560
1363012
1379404
1580006
1392864
1371544
1591808
1501576
1392825
1581800
1591619
1597664
1581693
1598995
1501960
1501564
1351661
1581696
1591819
1379863
1388993
1597570
1370308
1501463
1392773
1598610
1597666
1392914
1392828
1372468
1392592
1591615
1370302
1597579
1355334
1392329
1511873
1591901
1392485
1520757
1379462
1511303
1589956
1370295
1392328
1370244
1382556
1501582
1392310
1392867
1360030
1591905
1371745
1502420
1501777
1382341
1372739
1587574
1392994
1372859
1581365
1372746
1382348
1511293
1390280
1587573
1392916
1501772
1375154
1392489
1598612
1392453
1591655
1350026
1511879
1501766
1502421
1581694
1392779
1380263
1382551
1591908
1591800
1501161
1591600
1382550
1392866
1592073
1372490
1581561
1591814
1353442
1363000
1353456
1354364
1370301
1392482
1363004
1379004
1392829
1353431
1511296
1501470
1591458
1392826
1598619
1591809
1379403
1372496
1392591
1509988
1501468
1597667
1582060
1511859
1501554
1587612
1511292
1390289
1511297
1501569
1511298
1511865
1388992
1392915
1501166
1370293
1581788
1501585
1521894
1379006
1392327
1511872
1502423
1591605
1392774
1591610
1359053
1392597
1392483
1351664
1371554
1581698
1390256
1353433
1501560
1353432
1598618
1591904
1511866
1501574
1360031
1501563
1581802
1589955
1353457
1501773
1370965
1372665
1372741
1382776
1392993
1354361
1591656
1581593
1371552
1380264
1372635
1380922
1352895
1511860
1392322
1370225
1587576
1598611
1500757
1379002
1502424
1372748
1372853
1581347
1501740
1501562
1392590
1392858
1372854
1372469
1591607
1392823
1591817
1392851
1597575
1392992
1372465
1587579
1372733
1363002
1581789
1379402
1501555
1372636
1581566
1598617
1363018
1353436
1501561
1390284
1392775
1359061
1370260
1370283
1372492
1591613
1382779
1591617
1371542
1511874
1581368
1591459
1353443
1370292
1582065
1587611
1591602
1375152
1351653
1370242
1581596
1379009
1587575
1372466
1501568
1501169
1392598
1382558
1501770
1392323
1360032
1511290
1392316
1392326
1598996
1382347
1591811
1392488
1392999
1379460
1521891
1352896
1511878
1382777
1591455
1390242
1379860
1392850
1501467
1372734
1353435
1501579
1354369
1501779
1392595
1372631
1382453
1581803
1374129
1580009
1501743
1581348
1522099
1392481
1392868
1392824
1392548
1582061
1587570
1372667
1379406
1359052
1581594
1582064
1591906
1372464
1380921
1501167
1509986
1372664
1501583
1597660
1581809
1353444
1501741
1370248
1370261
1363019
1591700
1392827
1392455
1350027
1372855
1363016
1501744
1592071
1591456
1582067
1581804
1370243
1511875
1372494
1392869
1501965
1372742
1392480
1581360
1591616
1591802
1587614
1390283
1379003
1510757
1370282
1353439
1359055
1372735
1392776
1598606
1597665
1501553
1392312
1502429
1597576
1581341
1392324
1392452
1380268
1511868
1598614
1589984
1382452
1591601
1501742
1379001
1501474
1382555
1511300
1501571
1370285
1501778
1372630
1501578
1511867
1501466
1580757
1372467
1591522
1392325
1382771
1370299
1392545
1587578
1382774
1370966
1392991
1379008
1501771
1370265
1582062
1580008
1511876
1382775
1390281
1392315
1370256
1392910
1581781
1392856
1591612
1511291
1501570
1501165
1372732
