1376095
1379401
1345075
1351651
1392721
1582063
1382349
1589983
1379407
1359064
1367062
1379867
1379408
1376094
1379861
1382343
1351652
1363010
1342584
1375151
1363006
1379868
1363001
1359065
1363011
1379409
1392549
1351663
1392541
1375150
1392724
1376099
1589981
1363003
1376090
1382451
1376091
1351662
1359058
1351658
1379007
1392725
1351656
1392542
1359059
1351655
1379005
1598998
1363014
1372634
1392727
1392726
1392720
1343543
1379864
1382450
1363015
1343542
1351659
1392540
1359060
1351654
1382344
1392728
1345077
1351650
1376097
1379869
1392544
1345078
1382345
1345083
1359066
1379862
1363009
1359062
1351657
1591902
1359067
1359063
1581805
1376096
1392547
1379400
1392729
1392454
1392722
1592070
1382342
