1892316
1333436
1530283
1331833
1530288
1533844
1333643
1892773
1898863
1892325
1338020
1331836
1892590
1533830
1892863
1892599
1330241
1892779
1333642
1892456
1892323
1339225
1530292
1890281
1330285
1331830
1892770
1530244
1892856
1892592
1336030
1337848
1892457
1336037
1339228
1530298
1530287
1333649
1338083
1892486
1892317
1332283
1338024
1331834
1336036
1898851
1333640
1332679
1332284
1892728
1898860
1892482
1892997
1892778
1892771
1892315
1892480
1892598
1898869
1330281
1533840
1892489
1332285
1339227
1892324
1530289
1530295
1333641
1892864
1892855
1336035
1332674
1338023
1892995
1339279
1892314
1332671
1890280
1530232
1331835
1890289
1898868
1892996
1337847
1892310
1898861
1530243
1892729
1332672
1892481
1892454
1331832
1892994
1530242
1892775
1892597
1892483
1332677
1892488
1339226
1892723
1338050
1336032
1530285
1892721
1892854
1530280
1338029
1333648
1898853
1339278
1892596
1331831
1330283
1890241
1331837
1892999
1892320
1336034
1892862
1892593
1892861
1533831
1892455
1892311
1892453
1339220
1892329
1530765
1336033
1892722
1892990
1339277
1530297
1530286
1898850
1530241
1892853
1338027
1892720
1339276
1892869
1898866
1892595
1331631
1530233
1332670
1892998
1530299
1338052
1337863
1333647
1337765
1332676
1892777
1892725
1892321
1533841
1330289
1533832
1333646
1337757
1892859
1892452
1892594
1337862
1530230
1331630
1892313
1892868
1892776
1339229
1339222
1898867
1892328
1337864
1892774
1898852
1892991
1533833
1892852
1338051
1338054
1339221
1892866
1530757
1332678
1330256
1530282
1533842
1898864
1892318
1892485
1339224
1892867
1892860
1892591
1338028
1892724
1331838
1892327
1530293
1898854
1331820
1333645
1330280
1338022
1892851
1890256
1533834
1892727
1892312
1530294
1892865
1331821
1890242
1892858
1892772
1898865
1339275
1330284
1530240
1530281
1892992
1332673
1333644
1338053
1892326
1892484
1338025
1331839
1331822
1892319
1892857
1530231
1892322
1530234
1892850
1330242
1898862
1533843
1892726
1892993
1338021
1530284
1331632
1339223
1332282
1892487
1336031
1332675
1530296
1338026
