1560281
1314478
1306868
1324624
1328825
1860757
1322923
1328821
1562778
1314413
1307818
1324631
1326639
1307424
1867573
1316091
1321118
1307846
1311375
1328834
1566048
1324213
1307745
1314476
1324620
1328836
1320248
1316098
1562720
1300677
1307811
1325013
1311885
1313826
1320298
1312909
1311881
1307848
1306075
1867574
1562590
1324928
1566023
1316092
1310673
1566057
1562597
1312916
1324211
1562592
1566049
1328840
1562770
1306862
1320246
1867570
1314318
1324632
1320295
1301661
1320299
1322699
1326638
1566054
1328826
1307744
1313827
1321119
1311374
1326632
1562591
1322922
1300674
1320241
1312908
1310659
1324214
1320286
1318962
1314479
1326633
1313821
1326631
1322698
1314411
1311274
1325011
1312917
1307849
1311880
1306861
1310674
1306647
1322670
1560284
1566047
1325014
1307422
1316095
1310667
1328822
1307747
1312902
1566056
1560283
1312903
1311373
1320296
1867571
1316096
1324925
1307844
1307816
1316097
1306646
1324654
1328841
1562547
1562771
1312918
1307423
1307743
1311270
1307810
1312911
1562595
1314355
1325036
1569757
1313828
1311989
1562726
1311372
1562776
1311273
1313829
1867576
1314472
1562546
1310657
1566059
1325035
1310666
1324929
1317233
1562773
1326634
1316094
1300675
1307841
1320283
1326637
1328842
1307813
1314412
1562541
1307429
1307740
1313820
1307847
1311986
1307819
1320297
1312919
1566058
1311883
1321116
1305830
1300672
1324623
1328831
1324626
1312900
1306645
1324922
1311888
1307420
1320243
1562594
1314316
1306078
1562544
1320293
1312910
1311889
1562727
1860308
1311378
1300673
1562598
1562772
1307741
1320280
1322927
1324212
1562540
1321117
1313823
1324625
1311371
1300671
1314473
1320292
1325037
1562779
1560241
1328829
1306864
1307421
1312901
1310676
1311276
1306644
1311882
1326636
1305832
1324927
1326630
1301857
1320238
1300678
1306079
1320235
1314356
1301855
1324941
1322924
1860309
1562545
1320240
1569205
1307428
1307815
1320249
1328844
1321765
1328837
1306865
1320291
1322672
1326635
1566052
1562593
1322926
1310675
1311886
1307746
1321757
1314474
1328830
1562543
1311379
1307843
1310668
1320285
1569247
1324628
1566055
1328839
1307749
1324245
1560289
1301854
1562724
1560285
1322671
1311275
1320245
1566046
1301856
1314357
1328843
1325012
1312906
1314471
1306649
1307812
1325038
1307845
1313822
1321764
1320290
1305833
1311988
1320239
1324246
1319269
1321114
1312913
1306077
1322925
1320282
1317232
1305831
1324942
1324622
1562777
1324627
1307840
1306648
1322696
1312912
1321115
1566053
1560256
1322928
1314359
1306866
1562775
1324921
1307748
1307817
1322673
1311985
1314475
1320242
1307427
1560242
1328827
1314470
1301853
1324633
1311278
1566045
1320294
1314319
1328823
1301662
1324210
1312907
1300676
1562725
1324629
1320287
1320237
1324999
1310670
1562596
1569249
1322921
1562549
1306076
1320288
1311887
1328835
1562721
1306867
1322920
1312915
1566050
1307426
1311377
1322697
1324920
1562599
1320247
1313824
1324924
1562728
1311271
1301067
1320236
1562542
1314358
1312904
1562774
1301852
1325757
1328824
1311884
1562722
1569248
1324621
1311272
1310672
1562729
1311279
1325010
1310671
1306860
1300679
1322929
1320284
1311277
1311376
1306869
1324926
1320281
1301660
1316099
1560280
1562548
1328838
1307814
1867572
1314414
1307842
1300670
1316093
1316090
1328828
1324923
1314477
1314317
1324655
1311987
1320289
1328833
1307742
1310665
1324630
1313825
1318960
1867575
1312914
1312905
1307425
1321113
1324940
1320244
1328820
1562723
1310658
1324634
1306863
1566051
