1343260
1343328
1354252
1352893
1343269
1342581
1342076
1343540
1342595
1342085
1342463
1343549
1343160
1345086
1343324
1371540
1372668
1353933
1342590
1369515
1341327
1343483
1343327
1587613
1591521
1341550
1345053
1343325
1342063
1343318
1341557
1341844
1342567
1341841
1354368
1345058
1342576
1342469
1341548
1341553
1342466
1341329
1342594
1342573
1342066
1372857
1343266
1342075
1372858
1345076
1342839
1355333
1355330
1372669
1345081
1353575
1353569
1342086
1372662
1341559
1343317
1343546
1341573
1372497
1367406
1343482
1341181
1341322
1343164
1597662
1343326
1353589
1341545
1342083
1341570
1343267
1345084
1342565
1342078
1342461
1354365
1342591
1342574
1343319
1343547
1341182
1341102
1341556
1345055
1341321
1343481
1343312
1342061
1371550
1372462
1343488
1343545
1342592
1343163
1367975
1341546
1342070
1342564
1341574
1343320
1342464
1342583
1343489
1353580
1342077
1343166
1341324
1341842
1345056
1342468
1345082
1342064
1342579
1372460
1342084
1345087
1343480
1342563
1342586
1341183
1342081
1342593
1342067
1342572
1371541
1341554
1343486
1341101
1343165
1341323
1353573
1372495
1343314
1343264
1341840
1372637
1343168
1343311
1372740
1343544
1342835
1343161
1342562
1369518
1591805
1342089
1342465
1342599
1353579
1342080
1345079
1342571
1372852
1342462
1341571
1341104
1343265
1343487
1353576
1341572
1354363
1342587
1342561
1345085
1580005
1343313
1341184
1345052
1368744
1342580
1342072
1354251
1341103
1343484
1341558
1342598
1372666
1367979
1342568
1341100
1342079
1345080
1352899
1341843
1343321
1354254
1342069
1343162
1345059
1341549
1371551
1343329
1341326
1342570
1353577
1367989
1342065
1342588
1345088
1342560
1353574
1342577
1342062
1343262
1342838
1343167
1342087
1353930
1342060
1343541
1341555
1342837
1343263
1371553
1343316
1342597
1343322
1343323
1342578
1342073
1361253
1342088
1342460
1342569
1341552
1591807
1354362
1343485
1343548
1372491
1341320
1342589
1343315
1342082
1342836
1353571
1342596
1342071
1353135
1341325
1342582
1342068
1353578
1342566
1343268
1341180
1341547
1342575
1345057
1341328
1353136
1343261
1342074
1345089
1345054
1343169
