1304707
1316856
1302675
1316999
1317236
1304913
1319268
1304706
1317230
1304918
1302674
1304705
1317239
1302673
1319266
1302671
1317231
1316997
1304915
1304704
1318961
1318969
1319265
1317238
1302670
1304910
1302672
1318964
1304912
1316853
1317854
1316995
1317852
1304916
1304911
1302678
1318963
1316854
1304708
1317235
1316972
1304919
1304914
1317853
1316855
1318966
1302679
1318968
1316998
1317850
1317234
1318965
1304917
1316970
1316858
1304709
1316996
1319267
1316971
1316859
1316857
1317237
1302677
1302676
1317851
1318967
