1365291
1353661
1353932
1369013
1362032
1369049
1353668
1367401
1367973
1369529
1365226
1362016
1361255
1369078
1369069
1362086
1353141
1353572
1353449
1362088
1353139
1369061
1591801
1362149
1353445
1353584
1369052
1367985
1362140
1353561
1353132
1369041
1369053
1362081
1581597
1353667
1365227
1369528
1367974
1367400
1369023
1362011
1365290
1369032
1368653
1361264
1369070
1371548
1369014
1362251
1367066
1369043
1361254
1369034
1591614
1353662
1369077
1353564
1361249
1367983
1362031
1353568
1369033
1362014
1368740
1369042
1353570
1369015
1362250
1369035
1368656
1369022
1369067
1353140
1369060
1369040
1369520
1367409
1367065
1369054
1362083
1354255
1367407
1369076
1369025
1362030
1597571
1368654
1368741
1369030
1361256
1368655
1341551
1362272
1369522
1353130
1362143
1369016
1369051
1354257
1361246
1369045
1353137
1353562
1369036
1369521
1353565
1369082
1368742
1369037
1362012
1369059
1367982
1369039
1353582
1362082
1368651
1354250
1367068
1369523
1362142
1367064
1353131
1369068
1353441
1361248
1369525
1353587
1372463
1367986
1362253
1369024
1362015
1353138
1353669
1361257
1367069
1367094
1367976
1369044
1369017
1353660
1362085
1367981
1369074
1369058
1368652
1368743
1591608
1362145
1367404
1369056
1367977
1361260
1354998
1369038
1353586
1369031
1354253
1369066
1353567
1367405
1369073
1369011
1354259
1369524
1369020
1369029
1362252
1372749
1342585
1369084
1361251
1354999
1354256
1367092
1367061
1362144
1369064
1361261
1362010
1367987
1353144
1353133
1368659
1369519
1361259
1367980
1362034
1353585
1368657
1369028
1369081
1369046
1353455
1353583
1369516
1368658
1353143
1369010
1362084
1369075
1367971
1361250
1369527
1369050
1362087
1362146
1372743
1362271
1369083
1353663
1362013
1369047
1369065
1367093
1354996
1367970
1365228
1353563
1367988
1361258
1369018
1367402
1353588
1342467
1367067
1369071
1369063
1367060
1367978
1353134
1369080
1361262
1367403
1369027
1353560
1369517
1369057
1369021
1353142
1369048
1369526
1354997
1367090
1362033
1362147
1361247
1367972
1368650
1365229
1369012
1369055
1353664
1353430
1353665
1354995
1365292
1367063
1369019
1353581
1361252
1369072
1369079
1369062
1361263
1354258
1362089
1353666
1367408
1343310
1362080
1367984
1362148
1353934
1353566
1353931
1367091
1369026
1362141
