1500168
1529965
1589478
1529264
1589906
1502616
1356530
1599908
1529260
1399934
1399955
1357947
1589479
1519966
1529998
1519937
1389969
1529258
1520994
1529969
1502615
1527642
1589476
1356533
1529259
1399954
1399956
1377985
1356534
1599907
1356561
1589927
1356532
1356562
1529960
1500166
1502619
1357961
1529961
1589908
1357962
1519967
1590994
1589477
1356560
1356535
1588691
1360994
1529962
1390994
1519942
1519964
1357963
1500165
1519968
1599935
1599936
1589907
1510994
1502617
1529963
1529968
1529261
1351996
1519965
1588692
1519969
1357964
1599909
1580994
1529265
1500169
1389966
1529964
1529262
1370994
1502618
1589909
1527643
1399936
1377986
1377926
1399935
1389960
1588690
1529966
1529997
1529967
1589905
1377987
1377925
1529263
1356536
1377927
1519936
1500167
1590905
1357946
1356531
