1527872
1517798
1370777
1387770
1599466
1397774
1397779
1387779
1580787
1373778
1587894
1527873
1378849
1390777
1378807
1373779
1397776
1373777
1387777
1380077
1599461
1380777
1510777
1378827
1397775
1520777
1387774
1527879
1355807
1587895
1527875
1397770
1360777
1599462
1507891
1397777
1387775
1599463
1510787
1527870
1378809
1587896
1527876
1373776
1378819
1373775
1380078
1599464
1378829
1597701
1527777
1387776
1378839
1527877
1397778
1597700
1599460
1520787
1587897
1522457
1510789
1517796
1517797
1500777
1590777
1397771
1500787
1355837
1527878
1387773
1378817
1376817
1376807
1390787
1522458
1351757
1355827
1397772
1527874
1387772
1597702
1599465
1517799
1397773
1510780
1351777
1527871
1587893
1387778
1580777
1350777
1387771
1355777
