1323543
1554965
1327720
1557236
1567171
1557134
1321725
1562967
1557137
1557138
1327743
1557133
1311443
1554966
1322731
1562963
1323722
1325714
1325719
1562949
1329757
1321713
1557237
1557132
1557136
1567170
1323541
1562943
1303448
1304272
1329758
1554967
1325713
1557238
1323720
1325717
1322734
1562961
1562968
1557131
1322737
1561490
1554969
1327721
1557232
1308522
1562962
1860278
1557239
1303449
1569713
1322735
1329426
1567174
1562960
1311707
1304271
1313590
1322736
1562969
1326480
1329756
1326481
1554968
1322739
1322733
1309273
1860725
1569724
1557130
1313591
1562964
1319706
1309837
1311708
1329427
1303446
1327713
1557234
1560725
1327740
1308521
1324720
1311709
1326482
1323721
1327741
1322732
1557233
1309836
1310074
1322738
1321723
1557139
1557135
1557235
1323542
1562965
1554964
1303447
1327714
1567172
1562966
1867165
1329759
1309274
1567173
1327742
1326483
