1533412
1532773
1533598
1897170
1897271
1534721
1899572
1339725
1532774
1333743
1534716
1898652
1338712
1533599
1897275
1338711
1332994
1532771
1897274
1333744
1898655
1336713
1899574
1533414
1898653
1532772
1333741
1899571
1333997
1533413
1897174
1897173
1532775
1330725
1532770
1333742
1898656
1899573
1333995
1899576
1897171
1897272
1332995
1333745
1898651
1339726
1532748
1890725
1337792
1333996
1897172
1333746
1534717
1897273
1534720
1897270
1333740
1533731
1898654
1899575
1331750
1530725
1331725
