1527163
1517171
1592679
1507274
1370725
1507171
1517165
1589792
1597287
1358124
1398656
1398653
1517160
1599735
1397171
1388640
1363587
1597132
1509800
1387200
1399591
1363603
1597280
1517170
1358127
1517162
1527155
1592678
1507275
1599737
1527154
1507170
1597289
1507169
1363604
1387197
1520725
1527201
1359755
1363588
1527162
1387202
1599738
1507276
1388641
1363601
1589790
1500725
1358126
1589794
1597284
1363589
1592677
1360725
1363609
1592671
1597140
1597283
1399592
1359754
1580725
1597285
1359756
1597134
1399593
1387203
1507166
1527157
1507287
1398655
1589791
1517167
1599732
1388643
1507168
1359369
1517134
1387196
1397274
1363583
1592672
1592675
1398652
1507167
1599734
1510725
1359365
1517164
1507277
1399594
1597139
1597282
1363602
1507286
1507278
1509804
1358123
1597279
1597133
1388642
1527156
1507285
1399590
1359757
1397271
1517135
1589789
1517133
1517161
1363613
1592676
1527159
1517166
1359366
1527158
1507279
1380725
1397273
1363584
1509803
1397172
1359758
1387199
1597136
1388644
1350865
1507284
1363586
1527164
1363585
1359367
1363608
1597138
1397272
1589793
1592670
1597281
1507280
1387201
1517169
1590725
1599736
1592673
1597288
1363612
1592674
1507283
1507273
1363600
1509802
1398654
1597135
1397173
1398651
1599733
1599739
1359759
1597137
1527202
1509801
1507272
1363611
1527161
1517168
1507281
1387198
1390725
1517163
1358125
1507282
1597286
1387204
1363605
1359760
1517132
1363610
1387195
1363606
1397270
1527160
