1347662
1342991
1340993
1346991
1340986
1347761
1346993
1340983
1340976
1347767
1347769
1340975
1340984
1340994
1347768
1346990
1347661
1340985
1347670
1347763
1347677
1340974
1340981
1347664
1347671
1347765
1340995
1347663
1340982
1346992
1340996
1340973
1347672
1347668
1348705
1340968
1340990
1347675
1347762
1348703
1340997
1348706
1340987
1347676
1347665
1340967
1340969
1347658
1347667
1340998
1347764
1348704
1340988
1340970
1340989
1347666
1340979
1346988
1346994
1346989
1342990
1347674
1340971
1347657
1340992
1340999
1348702
1340972
1347673
1340977
1347760
1340991
1347660
1340978
1347766
1347659
1347669
