1527769
1387767
1380786
1529621
1517704
1510786
1507818
1507763
1587863
1597760
1529624
1587849
1527869
1387760
1397764
1397762
1397769
1590776
1387768
1597761
1594939
1527768
1517706
1587866
1587848
1373764
1507819
1507867
1507760
1527868
1387769
1387762
1517762
1507767
1360776
1373766
1527863
1355836
1590786
1597762
1397761
1587865
1587847
1507866
1507761
1597806
1507766
1507824
1517707
1507769
1597763
1387763
1373767
1510776
1527861
1397760
1378826
1397766
1529627
1527864
1378816
1507823
1376826
1376816
1520776
1597808
1397767
1597807
1597764
1378806
1397768
1527862
1376836
1387764
1507869
1397765
1507768
1527765
1507822
1373768
1527865
1587860
1517703
1527764
1507868
1500776
1599469
1387765
1507764
1529625
1376846
1373769
1507739
1527860
1351756
1517761
1527866
1517702
1507765
1373763
1355776
1527767
1507820
1527766
1580786
1597809
1355826
1587861
1529626
1529620
1527867
1529623
1587862
1517760
1507821
1580776
1373762
1500786
1517763
1373761
1351776
1380776
1507762
1370776
1520786
1517705
1350776
1587864
1529622
1373765
1376806
1397763
1387761
