1557259
1557258
1313597
1554979
1329760
1557249
1567185
1314725
1562977
1562942
1860863
1311705
1562972
1329762
1554978
1557262
1560869
1325723
1557248
1303277
1304489
1557266
1567184
1557265
1567109
1304488
1325724
1557261
1329763
1303275
1561489
1309842
1567108
1327763
1557268
1860869
1311706
1562941
1313598
1567186
1304487
1567183
1300061
1304718
1327764
1557263
1867161
1329712
1309323
1557267
1557269
1309322
1329761
1562975
1569725
1327766
1326496
1323729
1562978
1327765
1309321
1561483
1309843
1326495
1329428
1562974
1329713
1324725
1557247
1317714
1323727
1562979
1327724
1557264
1309320
1557257
1562976
1323564
1557260
1308518
1311449
1562973
1321724
1323728
