1388692
1399792
1582788
1590868
1592668
1507200
1587292
1597196
1527209
1590867
1379789
1397183
1379796
1507195
1590864
1520726
1377407
1507192
1582789
1592666
1399790
1527179
1390869
1377404
1388693
1387294
1359792
1597267
1379794
1582785
1582784
1397286
1379793
1587289
1377402
1377405
1582782
1507193
1597266
1507288
1359379
1582783
1597264
1397287
1370726
1590865
1398697
1587290
1507197
1358134
1397288
1507190
1597263
1582787
1590866
1359795
1388694
1587218
1527178
1379791
1358135
1359794
1507191
1580726
1377403
1597268
1587296
1397186
1507196
1592669
1387292
1597262
1527177
1582786
1377400
1587217
1380726
1587199
1597261
1379799
1387291
1527176
1587295
1587299
1507199
1399791
1379792
1398696
1500726
1359797
1358132
1397184
1358133
1587216
1397290
1587288
1379798
1379797
1587198
1397291
1387290
1592667
1597260
1377408
1587298
1359796
1587219
1507198
1377401
1527174
1397289
1590726
1359791
1379790
1587297
1527175
1388691
1387293
1510726
1377406
1398698
1590869
1360726
1590863
1587291
1507289
1587293
1379795
1597265
1359799
1507194
1597195
