1508966
1382758
1581930
1382751
1380285
1599231
1581395
1501444
1591752
1597529
1360295
1392262
1390236
1352707
1350997
1352700
1591505
1372722
1392984
1591507
1521842
1597527
1350998
1382268
1500758
1382759
1382260
1355656
1356092
1358061
1382263
1582038
1392988
1508969
1382750
1590758
1382753
1501637
1511988
1501445
1587583
1392985
1392989
1356091
1372723
1392263
1382756
1382262
1501636
1591503
1591753
1591506
1508968
1382261
1390022
1521845
1591502
1355654
1521847
1392986
1382265
1511989
1376007
1382757
1382462
1511981
1587584
1352703
1392264
1511985
1382266
1591504
1352705
1587581
1520758
1591501
1591754
1501811
1511982
1521843
1392980
1382464
1372729
1382269
1372727
1360965
1352704
1376003
1382754
1598692
1511980
1371723
1511368
1511983
1508965
1510758
1581399
1380249
1392446
1371722
1355657
1511369
1521905
1382755
1382267
1587582
1376001
1581394
1582037
1360299
1591509
1352701
1511397
1392981
1597526
1598693
1353497
1372720
1581931
1511984
1521841
1581398
1358062
1382461
1599230
1521846
1511398
1501639
1392982
1360298
1521906
1355658
1597525
1591500
1501638
1358063
1352709
1372724
1521844
1581397
1598694
1508967
1581932
1356090
1352708
1392983
1355659
1581396
1372725
1587580
1511986
1580758
1353498
1358060
1382463
1511987
1360022
1382752
1581929
1371724
1360297
1392987
1591508
1597528
