1307445
1312977
1314417
1320275
1328651
1321106
1312970
1314418
1313854
1320277
1307442
1312979
1310692
1303024
1324261
1867580
1328652
1314419
1322677
1320276
1318931
1569758
1305949
1321104
1320279
1322900
1307447
1312972
1312973
1320262
1560236
1322678
1307448
1322979
1322978
1322901
1300556
1303023
1321105
1307449
1300557
1303025
1322679
1310496
1313850
1312974
1307446
1320278
1300558
1303022
1328655
1303026
1305935
1322902
1300559
1320260
1322903
1305937
1312976
1312975
1310497
1313851
1307441
1321758
1303021
1320263
1322905
1307440
1314415
1562264
1320264
1305939
1320261
1303020
1310691
1305936
1313853
1562262
1324260
1328650
1307444
1328653
1322904
1860758
1313852
1305948
1325758
1305938
1310690
1312971
1305947
1562263
1314416
1307443
1312978
1324262
