1371721
1355651
1341575
1345017
1342539
1341388
1343582
1371720
1354298
1343242
1341576
1345019
1343245
1343583
1352706
1341385
1376008
1342693
1342536
1342529
1341386
1342537
1343244
1341383
1343247
1343588
1342528
1353698
1342694
1343581
1372728
1353696
1382264
1355655
1355652
1367959
1341384
1341579
1343580
1342527
1342695
1343589
1376009
1353699
1343246
1372721
1342697
1342696
1343586
1341389
1342535
1372726
1345016
1355653
1343248
1343241
1341381
1343587
1345015
1354296
1352702
1343584
1341577
1367956
1341382
1343240
1343249
1341387
1355650
1342699
1343243
1343585
1341578
1341380
1342538
1342698
