1386722
1350660
1388431
1375803
1585805
1396721
1590680
1516806
1595809
1516809
1526803
1585809
1385722
1592401
1358704
1386823
1386820
1592400
1515799
1508889
1395721
1375804
1386822
1373253
1526801
1358707
1526804
1515798
1370580
1525707
1592403
1357561
1356766
1373252
1356765
1395722
1373500
1370680
1350680
1373501
1350580
1595807
1592404
1520580
1375805
1508887
1390680
1595708
1357560
1516808
1585808
1595808
1595707
1525706
1506801
1358709
1386720
1526800
1585806
1590580
1396722
1356768
1526802
1396723
1357563
1375071
1357562
1386721
1358708
1595805
1508888
1386824
1516805
1595806
1595706
1356769
1506800
1395720
1375801
1516807
1580580
1375800
1595705
1351580
1388430
1373504
1525708
1385723
1585807
1595709
1375802
1510580
1373503
1396720
1358705
1500580
1592402
1373502
