1595290
1505088
1518910
1510528
1595287
1520529
1586295
1377537
1395290
1350528
1386244
1391340
1586298
1377647
1385296
1391281
1526298
1525298
1381548
1525291
1526293
1518911
1590528
1510529
1505294
1385293
1395296
1381547
1350610
1595140
1516294
1395291
1595289
1506148
1520528
1391457
1395282
1381518
1385294
1391344
1515294
1520610
1586296
1585044
1595284
1391341
1351168
1518919
1370610
1377531
1395292
1377648
1395285
1515292
1586297
1590610
1377536
1392155
1595281
1377539
1395295
1505086
1595299
1525293
1381235
1505114
1526294
1595292
1506149
1525296
1526299
1360610
1595286
1518916
1505293
1589635
1515291
1525299
1390610
1518918
1386243
1377552
1518917
1586293
1580610
1585046
1516296
1395280
1392156
1525290
1370529
1390529
1589636
1595294
1518915
1580529
1391211
1595291
1505292
1526291
1386135
1381515
1599681
1595297
1377555
1590529
1395140
1510610
1377538
1505298
1395298
1516295
1391458
1385291
1391210
1385292
1589637
1370528
1505087
1377533
1595283
1580528
1386134
1526292
1519544
1380529
1585045
1392157
1395297
1505113
1586294
1505085
1518914
1505291
1586292
1586299
1589638
1599682
1377550
1391455
1595288
1392158
1377530
1505112
1595293
1505299
1595298
1515293
1390528
1516298
1525292
1381246
1385290
1391456
1381517
1525297
1526297
1386137
1391284
1500610
1599680
1381237
1377637
1589639
1585047
1505297
1518912
1595296
1377535
1381516
1500529
1395299
1518913
1395127
1385295
1381519
1599683
1515290
1395281
1516299
1516297
1595282
1516293
1526295
1392159
1526296
1395293
1381236
1377532
1500528
1505296
1595295
1381549
1377553
1350529
1595128
1525295
1380528
1505295
1525294
1595285
1380610
1391459
1599684
1377534
1526290
1391282
1391342
1395289
1505111
