1895288
1895291
1895281
1892159
1891458
1891456
1337614
1890529
1335777
1891340
1895128
1895297
1895296
1895299
1335775
1338299
1891342
1333777
1531235
1891284
1895286
1890610
1332774
1337615
1330610
1337616
1335774
1895287
1895294
1337619
1530610
1892156
1891281
1895285
1891344
1891283
1531247
1895295
1895127
1895292
1891341
1891282
1334774
1891455
1335776
1530529
1337618
1333774
1338298
1892155
1334777
1895284
1891280
1890528
1332775
1892158
1338249
1337604
1334776
1334775
1895283
1337617
1332776
1895298
1891211
1333775
1330529
1895293
1895140
1892157
1330528
1895290
1332777
1333776
1891343
1531236
1895280
1891457
1895289
1891459
1895282
1333881
1338297
1530528
1891210
