1301681
1309268
1566853
1566859
1566858
1322265
1308359
1323647
1327619
1309499
1566851
1323636
1566855
1860524
1314262
1566852
1322261
1306294
1306291
1301680
1860511
1306290
1315167
1309269
1321835
1569511
1327618
1566857
1309496
1566854
1305292
1301683
1323637
1321834
1322262
1301682
1323638
1300436
1566856
1560610
1321837
1314260
1327615
1566847
1305294
1323639
1309498
1322241
1300343
1315169
1565140
1327032
1300344
1310193
1322260
1321841
1321881
1305291
1309495
1322264
1321836
1560529
1310192
1315168
1860525
1327617
1321839
1327511
1560528
1306292
1322511
1300435
1323635
1321838
1565128
1305290
1306293
1565127
1305293
1309497
1327616
1322263
1327512
