1567348
1557678
1557461
1567463
1557463
1560746
1308542
1310022
1324364
1557677
1569746
1303746
1557679
1860746
1557539
1557525
1324369
1313522
1557526
1557469
1557535
1557462
1308543
1324360
1567347
1310716
1567461
1567467
1557538
1557534
1320746
1557676
1324361
1567464
1557527
1561690
1557520
1320496
1557533
1567469
1303748
1324362
1329867
1860749
1557522
1324366
1324367
1329746
1303747
1557529
1557537
1557528
1321266
1310746
1308544
1557468
1303749
1557536
1313527
1557530
1317426
1325746
1324365
1557467
1324368
1310726
1567466
1557521
1317427
1567462
1327881
1557466
1321746
1557531
1557524
1311746
1567468
1557523
1557675
1860846
1557465
1323746
1557532
1324363
1567349
1567460
1557460
1557464
1303677
1320497
1320495
1567465
