1587464
1511657
1387461
1587463
1397349
1390746
1376299
1520746
1589746
1378766
1511658
1387436
1387473
1378762
1511651
1527460
1507467
1527463
1520747
1511161
1587469
1387435
1378760
1387462
1387470
1589747
1511664
1397469
1397464
1590748
1511166
1507460
1387479
1387465
1351746
1511665
1511160
1507461
1507466
1521167
1378769
1589748
1378763
1586995
1511655
1521164
1511167
1357467
1521161
1587466
1511663
1357461
1378746
1527466
1586996
1587467
1387478
1507469
1521168
1378768
1589749
1587465
1397348
1387464
1378764
1527465
1511662
1387474
1511656
1507468
1378923
1587468
1357463
1357466
1397462
1378765
1380743
1521166
1580746
1378767
1527467
1507464
1511661
1521169
1580749
1376296
1380746
1586998
1527464
1587460
1511653
1357462
1587462
1511654
1511669
1511162
1357460
1378922
1586997
1357469
1580747
1511165
1527468
1521163
1590749
1507465
1580748
1500746
1511668
1387466
1387475
1511659
1397460
1511652
1354969
1357468
1521160
1387476
1397465
1511163
1387477
1587461
1511164
1357465
1597408
1370746
1511660
1527469
1378920
1521165
1387439
1510746
1387467
1511667
1527462
1378761
1507462
1597406
1357464
1511650
1397466
1507463
1376297
1378921
1397467
1590746
1597409
1387460
1376298
1387472
1387437
1527461
1387463
1360746
1511169
1521162
1597407
1511666
1590747
1511168
1586999
