1372935
1392267
1591567
1372944
1382206
1501824
1597513
1581354
1354398
1382291
1354395
1358023
1597520
1580767
1508938
1588916
1392444
1358020
1392569
1581967
1392560
1501447
1376059
1382202
1392708
1372930
1392707
1588912
1392564
1521860
1354391
1581963
1392268
1501826
1380231
1390276
1581969
1372936
1591799
1501821
1350015
1382296
1581351
1599252
1501657
1392353
1591493
1392700
1392443
1382814
1511375
1581954
1588915
1354392
1392354
1368281
1372943
1382817
1591720
1508944
1591565
1591560
1382297
1382204
1390275
1508935
1591722
1501827
1588980
1581359
1354393
1392706
1581968
1358021
1501656
1392563
1350266
1350269
1372937
1597522
1588911
1581964
1597515
1591719
1382203
1372942
1591566
1392701
1599255
1354396
1353454
1501828
1588917
1382818
1350903
1591798
1588918
1392355
1380232
1599250
1359290
1382811
1382816
1597514
1588910
1392566
1581961
1581358
1358018
1359291
1501653
1511890
1521869
1521862
1353453
1392565
1591564
1392702
1521861
1358019
1350904
1591721
1382205
1358024
1501655
1392356
1372931
1581955
1354390
1591797
1598691
1511377
1372949
1597524
1350260
1501654
1588913
1587519
1591795
1501829
1581350
1511376
1350267
1501652
1581962
1382813
1581352
1591569
1359292
1581956
1591563
1597517
1581357
1354394
1382295
1521867
1382292
1358016
1372940
1358017
1599253
1392703
1392561
1382209
1382200
1597523
1581353
1508937
1392568
1359293
1382810
1588914
1521864
1591562
1376055
1382293
1599258
1581356
1509983
1591796
1581966
1376056
1382294
1588919
1382815
1382819
1521868
1382208
1358025
1392704
1597516
1372933
1501458
1581957
1372941
1599256
1372946
1372947
1350143
1501822
1599251
1350016
1382201
1382207
1521863
1372938
1392562
1350265
1597510
1597519
1392567
1591568
1521866
1581965
1350251
1392705
1501825
1581960
1581958
1501823
1501459
1599257
1360011
1390308
1597512
1372945
1350256
1581355
1599254
1501448
1382299
1521865
1581959
1358022
1382812
1598690
1599259
1508939
1372939
1382290
1350144
1511939
1375168
1392709
1597511
1508936
1597518
1376058
1382298
1350268
1597521
