1320224
1860765
1322619
1324226
1310693
1300526
1562706
1307658
1320259
1560275
1306055
1562703
1307651
1562702
1324225
1562518
1311214
1562560
1322615
1300527
1320221
1562569
1322917
1307657
1566026
1324228
1562567
1562519
1328855
1328850
1320256
1324690
1328859
1311215
1562561
1328856
1322617
1307656
1322918
1305845
1560276
1310694
1562568
1562707
1569765
1314409
1562566
1562708
1320255
1320257
1324227
1325066
1562565
1305844
1328857
1311212
1562709
1328853
1307655
1560308
1562562
1562705
1322618
1320222
1306056
1311210
1328854
1311217
1562563
1311213
1562564
1314407
1328858
1314408
1562267
1307654
1311211
1306057
1562704
1320220
1322616
1311216
1307653
1328851
1306058
1562700
1566027
1319290
1320223
1322919
1328852
1306059
1328810
1307652
1325045
1867591
1311219
1324229
1325044
1324691
1562268
1320258
1562701
1311218
1307659
1307650
1301669
1328811
