1354224
1353927
1343001
1341761
1341480
1341395
1341398
1341764
1343492
1341390
1348033
1341762
1343000
1341767
1342111
1341484
1353925
1342114
1343008
1348031
1342113
1341483
1343495
1341769
1343494
1348032
1341397
1341482
1341391
1341399
1343005
1341760
1341765
1343497
1341768
1343006
1341392
1342117
1341481
1343004
1342116
1354220
1341394
1354399
1343496
1372948
1343003
1341763
1359294
1343491
1342115
1342118
1368745
1591561
1376057
1343499
1343009
1341766
1343002
1343490
1342110
1348034
1353199
1354397
1341396
1343493
1343498
