1530254
1892353
1338056
1338059
1892707
1336078
1330275
1892354
1530251
1892563
1338055
1534750
1890276
1899826
1335270
1337663
1530252
1892562
1337653
1892268
1892706
1532320
1336079
1892568
1338058
1530255
1331817
1892356
1892267
1332275
1890275
1530256
1892444
1530250
1338057
1892569
1331818
1332276
1892355
1335272
1892566
1335271
1899825
1892561
1532322
1899827
1892567
1534751
1892705
1337652
1530257
1892560
1532321
1335273
1335274
1336038
1530258
1336039
1337654
1890308
1892565
1892709
1337651
1331819
1530253
1330276
1892564
1530259
1892708
