1353452
1369510
1368747
1368280
1354221
1364037
1342112
1591494
1367056
1354222
1343007
1353451
1353196
1364247
1353928
1369513
1367057
1362028
1364036
1365297
1353190
1342119
1353193
1368273
1368275
1353195
1368283
1364035
1362029
1364246
1368272
1365296
1367059
1353192
1361243
1368274
1353198
1353926
1368284
1353191
1368271
1353197
1368277
1364038
1367055
1353929
1362027
1362273
1368270
1368276
1353450
1368746
1368282
1365295
1367058
1362026
1368749
1369512
1354223
1364229
1341393
1361242
1368748
1353194
1368279
1369511
1369514
1368278
