1554983
1327702
1313560
1326484
1325711
1321712
1557125
1560729
1323547
1567112
1309414
1554951
1554955
1557126
1322716
1313563
1562956
1322718
1309415
1326485
1303518
1324721
1557255
1322717
1561487
1311441
1554952
1326487
1329755
1303517
1309848
1554953
1562957
1557256
1557127
1326486
1322715
1554950
1314729
1322719
1557253
1557128
1554959
1304274
1322712
1867162
1313562
1321721
1562958
1567111
1329753
1557129
1567194
1557254
1554961
1567197
1554956
1554958
1313564
1322713
1327701
1561488
1304480
1329752
1567196
1567110
1557121
1557123
1327712
1554960
1304481
1860862
1322714
1567195
1327700
1554957
1554962
1557120
1557252
1554963
1323548
1323549
1554954
1557124
1311700
1860729
1562953
1557251
1303516
1304482
1313561
1569712
1325712
1329754
1562954
1554982
1557250
1303515
1562955
1557122
1322730
