1587131
1507208
1517218
1380729
1527167
1379710
1517129
1354545
1507267
1507260
1387189
1597232
1387194
1527200
1507209
1387190
1589771
1580729
1398647
1507214
1517121
1373348
1587132
1507261
1350863
1354548
1379717
1597123
1517127
1582685
1517219
1589770
1597124
1597131
1397197
1507213
1398650
1597129
1507210
1507266
1587129
1582684
1373352
1507259
1398646
1378998
1589766
1590729
1397268
1589773
1517220
1363582
1507269
1387192
1500729
1589767
1379712
1592685
1373341
1507212
1582687
1354546
1398648
1589772
1397196
1378999
1517214
1582681
1399586
1509805
1597233
1582679
1397194
1507258
1597125
1517221
1507268
1388635
1597120
1587130
1587128
1397267
1592684
1582686
1397195
1390729
1370729
1354544
1387193
1373347
1592686
1507264
1379713
1517123
1597119
1507257
1507271
1507218
1378997
1373346
1592683
1397264
1388636
1592687
1379719
1507211
1399585
1597126
1347772
1358146
1507265
1398645
1387186
1379721
1527168
1517122
1387185
1354543
1517128
1520729
1589774
1592682
1582683
1373344
1358145
1373349
1587127
1597118
1373345
1587133
1597127
1379720
1517213
1507270
1379716
1388637
1378996
1527169
1399589
1517125
1517131
1397265
1378995
1587126
1517130
1387187
1517216
1589769
1592681
1517126
1358147
1398649
1507262
1373342
1354547
1517222
1507217
1517215
1517124
1597234
1378994
1597128
1597130
1350729
1379715
1582680
1597121
1592680
1587134
1517217
1397266
1399588
1507216
1517223
1510729
1399587
1379714
1507263
1517212
1387188
1379718
1388638
1360729
1373351
1363581
1509806
1589768
1373343
1507215
1597122
1388639
1582682
1373350
