1594362
1520436
1384367
1504360
1394368
1594460
1588618
1389467
1394345
1514360
1583467
1374367
1511444
1369436
1511447
1583464
1374361
1394369
1594361
1583469
1583460
1350436
1504362
1514361
1374366
1584367
1376610
1583466
1394367
1368977
1594893
1594461
1594466
1588616
1359686
1588615
1384366
1583463
1359685
1594465
1384362
1380436
1584467
1384369
1584464
1584461
1389465
1374369
1594368
1584366
1504363
1394362
1389469
1374363
1584365
1504364
1594367
1390436
1504367
1594890
1374368
1584460
1389464
1394366
1394361
1588613
1580436
1384368
1351436
1514366
1389468
1369446
1584466
1500436
1376611
1394365
1594468
1594463
1584364
1514364
1374360
1359688
1594366
1584363
1583468
1504366
1376612
1394360
1584368
1504365
1511440
1594369
1511449
1584465
1594365
1594467
1588614
1583461
1359687
1350083
1514367
1359689
1359682
1514365
1584462
1394364
1588619
1594464
1511448
1588612
1590436
1504369
1370437
1583465
1584369
1389466
1384363
1511441
1376613
1511443
1594360
1594469
1359681
1594892
1584463
1594363
1584468
1394363
1514362
1374362
1514369
1504368
1389460
1588611
1384360
1594364
1584469
1359680
1510436
1588617
1374365
1584362
1588610
1384365
1511442
1594891
1594894
1514368
1514363
1374364
1368975
1359684
1584361
1504361
1594462
1584360
1384361
1389461
1389462
1583462
1384364
1389463
1511446
1359683
1511445
1369447
