1566273
1552669
1302906
1320442
1864304
1308006
1325177
1864305
1327817
1554393
1320436
1320443
1323436
1308937
1860436
1324436
1325176
1300906
1564368
1312576
1552668
1308936
1564369
1552695
1322446
1554396
1566276
1320440
1327816
1327819
1329436
1315959
1320441
1320448
1325186
1321436
1554399
1320446
1303906
1554394
1313436
1566279
1315976
1303937
1554391
1327856
1327828
1325887
1552694
1327436
1320444
1314436
1327846
1564366
1554397
1327827
1566277
1554392
1566275
1320447
1314761
1569436
1312586
1564367
1327826
1324446
1566272
1559079
1303936
1314760
1554390
1554395
1322436
1566274
1314762
1554346
1320445
1325886
1327818
1554398
1559078
1566278
1564365
1327836
1310436
1560436
