1525065
1525066
1515133
1519081
1396283
1595142
1596280
1381521
1386193
1392149
1585133
1586285
1386195
1381464
1585136
1525136
1516273
1595085
1396294
1386280
1390148
1506272
1586286
1515287
1515138
1516280
1580629
1396272
1585122
1526271
1395133
1526288
1526282
1377371
1386287
1377384
1515139
1596283
1392167
1526274
1358462
1377696
1515132
1390627
1505060
1377377
1358521
1515244
1599667
1391437
1589629
1589622
1506270
1381360
1386294
1505123
1585132
1596276
1392161
1520628
1525130
1510628
1391241
1377370
1377360
1585137
1510629
1519099
1526270
1396287
1500627
1526279
1506274
1505122
1515288
1381466
1589620
1386192
1506273
1386194
1381523
1596290
1519080
1595141
1599668
1392148
1586273
1358472
1391227
1395130
1381377
1596297
1386298
1596295
1526284
1358463
1381469
1585123
1396296
1519098
1516270
1586274
1396277
1595084
1599662
1392165
1377366
1596270
1377386
1386284
1519093
1599656
1386297
1519082
1381379
1391223
1516279
1599659
1590627
1580628
1377361
1586284
1396278
1396290
1516277
1585124
1526276
1596284
1358473
1525132
1386277
1386249
1596296
1586283
1377378
1377695
1391285
1350629
1516271
1390629
1525063
1526273
1525060
1358460
1599665
1386248
1392164
1595133
1518944
1362522
1585125
1519090
1377387
1589624
1516278
1395142
1519083
1381371
1381378
1377369
1516276
1599661
1599653
1386285
1525069
1586270
1515131
1599660
1585049
1580627
1596293
1381364
1526281
1380146
1377372
1515130
1516286
1525131
1381520
1386282
1391286
1377381
1596271
1596281
1358470
1586275
1519092
1391221
1585130
1386276
1596274
1585131
1505062
1391436
1599666
1505125
1525064
1386274
1396275
1377694
1377379
1506275
1381465
1358466
1525061
1595138
1595083
1585126
1596299
1386291
1396288
1599664
1518940
1392145
1351520
1386196
1505124
1595082
1381468
1381372
1599655
1377388
1396297
1351159
1589623
1391287
1596294
1519091
1381462
1516284
1506276
1386288
1519085
1596291
1518943
1589626
1599650
1596288
1585129
1377373
1596277
1392163
1377380
1386283
1596282
1377364
1586271
1377389
1586276
1599663
1377698
1391228
1525062
1515135
1599657
1590629
1516287
1373914
1586272
1380627
1519084
1377693
1381363
1358461
1596273
1519087
1526275
1360149
1380148
1596272
1377367
1360629
1516288
1515134
1518941
1526289
1585127
1381463
1381373
1386279
1391288
1390146
1505120
1381460
1595081
1396276
1392162
1381374
1586281
1519094
1525133
1506277
1526286
1505126
1525139
1516285
1516274
1377692
1395138
1519086
1525138
1505127
1505247
1377374
1386191
1386272
1396286
1586277
1391224
1377365
1377383
1518942
1516283
1358468
1505064
1595088
1599658
1585138
1358464
1589625
1381524
1350628
1595132
1386278
1358467
1516289
1526278
1351157
1391244
1396291
1380908
1599669
1377690
1596292
1391240
1596278
1505121
1377699
1520629
1386198
1519095
1505061
1585128
1525137
1386296
1515243
1380629
1377362
1595080
1386292
1396281
1595131
1586278
1519096
1599652
1390147
1391222
1525134
1386273
1585120
1526283
1516282
1396292
1392147
1589621
1526280
1525067
1386190
1516275
1381467
1526277
1515289
1386293
1391438
1370628
1585048
1391243
1589628
1596287
1519089
1500628
1386199
1596289
1396282
1350627
1373915
1596286
1506278
1395132
1360627
1377382
1386281
1370627
1391229
1386299
1585135
1377375
1392169
1585139
1595087
1395131
1377691
1505063
1396270
1515137
1377363
1596285
1596279
1515136
1520627
1370629
1396293
1396271
1391435
1386270
1516272
1380628
1396284
1392146
1381375
1500629
1595086
1525135
1525068
1526287
1360628
1585134
1516281
1585121
1377368
1381361
1589627
1595130
1526272
1391242
1586279
1599651
1377697
1381522
1590628
1358474
1390628
1595089
1358465
1386247
1391220
1519088
1505128
1377376
1351522
1506271
1599654
1392160
1526285
1377385
1391225
1381370
1386289
1519097
1586280
1505129
1510627
