1892166
1896291
1896280
1890146
1896282
1892160
1896299
1531262
1533506
1895130
1334809
1334807
1896292
1896286
1891220
1890629
1530148
1896285
1891285
1338234
1337611
1332809
1332808
1895141
1891439
1531293
1891286
1896272
1890147
1530146
1330147
1337207
1896279
1896287
1891221
1892163
1890628
1339094
1896278
1333809
1337209
1531261
1334806
1892161
1895131
1896293
1892148
1332807
1892169
1533509
1896273
1892149
1334808
1896298
1337208
1890148
1530147
1896284
1339099
1339093
1896295
1338236
1531294
1892164
1896276
1890627
1891229
1891243
1891222
1531291
1896277
1896294
1333806
1892146
1330146
1337610
1891223
1339098
1891288
1891225
1338238
1891228
1531292
1891437
1338235
1891289
1333883
1533507
1892162
1892147
1891438
1333808
1530628
1891224
1896274
1891227
1892167
1896289
1895142
1896296
1531295
1533508
1335806
1891244
1891435
1896275
1333807
1530627
1337612
1330148
1335807
1892168
1335809
1896297
1891226
1891241
1896288
1896270
1333882
1892145
1891436
1895133
1330628
1339097
1891287
1335808
1895132
1531290
1531260
1896290
1330629
1530629
1896283
1338237
1339096
1892165
1896281
1891240
1338248
1330627
1896271
1332806
1339095
1533505
1337613
1891242
1338239
1895138
