1300356
1310199
1307322
1314290
1860615
1321826
1321820
1321844
1322889
1329111
1301679
1327068
1316746
1314299
1566448
1860612
1327527
1306355
1321828
1306356
1314269
1305705
1316749
1329112
1307324
1324573
1305706
1324574
1566808
1301678
1300359
1307323
1322215
1565141
1860614
1322884
1560148
1560147
1569526
1314291
1322880
1314298
1314267
1327069
1300355
1566800
1316747
1305707
1860613
1322218
1327528
1321829
1565142
1324572
1322214
1327525
1325524
1324579
1560146
1316748
1860513
1314172
1314268
1314297
1329113
1323648
1303357
1322213
1322887
1321843
1308357
1305703
1321883
1316745
1566803
1314296
1327526
1322219
1322882
1305702
1314294
1307326
1322212
1310194
1329110
1560628
1560627
1305704
1322211
1566449
1321824
1307325
1301677
1323609
1324577
1300353
1322513
1565138
1322881
1322216
1321823
1324578
1307328
1566806
1565133
1327043
1305701
1560629
1314266
1327513
1323608
1323522
1325523
1314174
1566801
1305709
1300358
1565130
1327061
1565132
1322888
1314265
1322217
1569513
1314295
1307327
1325525
1321825
1566807
1321822
1323521
1327066
1306359
1327062
1303356
1322885
1307320
1323607
1324576
1566809
1565131
1322249
1306358
1322210
1566804
1307321
1327067
1300357
1305700
1314293
1322886
1324575
1322883
1310198
1566805
1323520
1321821
1321827
1566802
1327529
1314292
1306357
1314173
1308356
1305708
1307329
