1357647
1375558
1375571
1387902
1397908
1517013
1375556
1508362
1357646
1397902
1397905
1517012
1527906
1518006
1387906
1375555
1387905
1518001
1580790
1508397
1520790
1397900
1508360
1387907
1387900
1527905
1350790
1508396
1397907
1507013
1508361
1370790
1375554
1376728
1527904
1510790
1518004
1597029
1376729
1387908
1380079
1397049
1527900
1587947
1397906
1351790
1500790
1507012
1397909
1527903
1375559
1587994
1387909
1387903
1590790
1380790
1387904
1597987
1397901
1518002
1397904
1517014
1517090
1387901
1360790
1508364
1587009
1527901
1587993
1390790
1518003
1518005
1507014
1597988
1508363
1518000
1527902
1527907
1597989
1529790
1375557
