1385635
1595626
1373192
1515634
1363722
1515557
1585635
1386548
1386531
1515550
1505628
1585631
1396621
1385630
1386530
1396566
1396565
1521272
1396620
1396541
1351563
1595631
1505632
1386549
1505631
1396623
1395657
1585630
1585634
1373193
1396622
1515635
1595627
1367563
1396540
1373190
1386533
1585633
1515637
1505633
1525631
1595639
1500563
1515636
1385631
1505630
1595634
1515638
1385632
1373191
1380562
1585632
1521274
1386532
1350054
1580563
1515558
1595630
1380563
1386547
1595633
1385639
1386535
1525632
1385633
1521271
1363721
1395658
1386534
1396618
1521273
1385638
1525633
1515559
1395660
1595636
1521276
1595619
1396617
1595628
1595637
1505627
1520563
1525634
1385637
1386538
1395656
1390563
1386539
1386537
1395659
1515639
1386696
1505626
1373189
1370563
1585637
1525630
1595638
1396619
1386536
1585636
1373188
1396616
1386563
1595563
1595632
1525635
1385636
1385634
1515633
1595635
1505629
1386695
1510563
1595629
1369563
1590563
1505634
1360563
1521270
1521275
1363723
