1343528
1341652
1342523
1343197
1341657
1343270
1341525
1341520
1341721
1341346
1372716
1343529
1355396
1341729
1341650
1341351
1341722
1341350
1341655
1341526
1343195
1343525
1341658
1341349
1341528
1342520
1355392
1341728
1341720
1341727
1341352
1342521
1341527
1591497
1341521
1372960
1341356
1354246
1341353
1353950
1591498
1342522
1341358
1363106
1341656
1342526
1341726
1341347
1343527
1343198
1341357
1341522
1341725
1341529
1341653
1341354
1342525
1341723
1343526
1341348
1341654
1341659
1343199
1341724
1343271
1341345
1341524
1342524
1343196
1341359
1341651
1341523
