1587633
1372717
1591517
1511371
1511996
1501931
1372967
1581326
1587635
1392256
1355394
1521909
1375011
1511975
1372711
1382853
1392662
1392769
1374033
1501669
1511995
1587631
1581173
1599203
1501930
1591751
1375018
1581172
1392664
1382492
1392255
1382859
1372697
1581628
1372964
1581322
1591760
1581627
1392667
1581620
1375012
1392760
1360294
1511994
1590763
1382850
1587632
1508974
1392764
1521850
1511373
1374032
1599204
1392665
1520763
1382852
1350145
1520764
1511992
1599205
1374031
1511978
1591764
1581323
1392668
1382494
1581621
1360293
1501933
1591519
1382855
1372719
1521848
1363105
1597586
1580763
1392763
1355393
1392762
1597585
1374039
1392666
1501934
1591511
1591514
1587634
1511993
1392766
1581324
1501932
1597587
1350146
1582032
1372961
1500764
1521852
1360292
1372962
1581329
1392669
1382490
1581623
1599206
1581629
1508971
1501935
1390235
1372718
1382854
1599202
1355398
1392761
1382493
1591763
1591513
1374030
1581624
1597588
1581328
1591512
1599207
1591516
1581325
1581622
1374037
1521849
1599209
1582033
1380289
1597580
1350029
1591761
1355391
1353951
1599200
1355399
1508970
1372963
1587630
1372968
1392765
1382857
1599201
1374036
1511979
1511370
1501446
1392768
1599208
1597581
1372712
1355390
1508973
1500763
1591762
1392661
1591499
1392261
1350926
1355395
1591515
1392442
1510765
1375016
1581626
1508972
1392767
1580765
1363107
1501667
1597584
1597589
1372715
1597582
1382851
1372969
1382491
1382856
1392660
1382858
1591510
1521907
1510764
1511977
1511372
1372713
1355397
1511976
1372695
1350925
1375013
1372965
1508975
1372966
1392260
1521851
1511997
1510763
1521908
1581174
1591750
1581327
1372714
1581625
1591518
1501668
1372710
1580764
1392663
1374035
1372696
1597583
1374034
1353952
1363108
