1322984
1562668
1562769
1322981
1562764
1569763
1562260
1321763
1562667
1328892
1307668
1322980
1562661
1308570
1307661
1560235
1305959
1562261
1322655
1316059
1314903
1323295
1328657
1562255
1316058
1323248
1305958
1322656
1308571
1307662
1321111
1307663
1316055
1328890
1314901
1321110
1305957
1324237
1300535
1562761
1308572
1323282
1323299
1314909
1562665
1307665
1324239
1323246
1562256
1314902
1322658
1307664
1323281
1323298
1562664
1562760
1566035
1307666
1562766
1328891
1325068
1562763
1323245
1860763
1323280
1562662
1301870
1325067
1328656
1307667
1324238
1562762
1323284
1322982
1323297
1867567
1322983
1562663
1562767
1316057
1323249
1322657
1562768
1328659
1323283
1562669
1323296
1322659
1562765
1562666
1323247
1307669
1307660
1562660
