1591183
1357804
1518701
1598706
1512667
1509428
1512540
1509656
1357801
1512660
1528708
1388709
1518709
1528453
1591181
1512530
1509653
1597487
1388710
1501235
1512535
1528775
1388702
1591268
1512542
1388704
1512545
1509429
1592552
1508779
1501238
1591182
1528772
1598704
1512668
1592551
1518708
1519858
1598703
1501226
1512669
1528703
1509659
1512533
1501228
1528452
1388703
1597485
1596900
1589423
1357807
1580864
1512546
1509426
1528773
1388707
1512532
1512663
1501229
1580863
1501232
1518707
1501230
1518706
1512541
1589424
1519850
1501233
1509684
1598702
1519855
1528702
1388708
1501236
1528705
1512544
1528454
1512662
1589421
1512538
1580862
1591180
1357809
1528704
1580861
1512549
1501227
1519851
1520870
1528776
1598791
1357808
1598701
1528771
1528706
1509682
1512536
1512539
1509657
1509425
1528777
1589426
1589422
1519856
1512665
1388700
1528707
1509655
1580860
1589425
1388713
1528700
1592553
1519853
1501231
1596901
1508775
1388706
1597488
1598792
1518705
1360870
1501225
1501234
1528778
1357803
1512547
1509654
1528779
1528451
1512664
1596902
1512534
1518703
1590870
1519854
1592554
1519852
1509683
1512543
1357802
1390870
1598700
1592508
1508776
1591269
1528701
1388712
1518704
1589420
1596903
1501239
1508720
1509658
1592509
1528709
1501237
1528770
1592550
1512661
1597489
1518702
1388711
1528774
1519859
1598790
1528450
1350870
1512666
1388701
1508777
1592507
1518700
1598705
1519857
1509427
1512531
1597486
1357800
1357805
1508778
1512548
1592506
1589427
1508721
1512537
