1372705
1341790
1341781
1341144
1341792
1369771
1342774
1591631
1382569
1369775
1341779
1354309
1352724
1342502
1341789
1341771
1341782
1343194
1341146
1382415
1341784
1353956
1352721
1382304
1372789
1343157
1591621
1341143
1357065
1369773
1382567
1354301
1341149
1343158
1341783
1342500
1341157
1354490
1341138
1352722
1354389
1354306
1341151
1342775
1369770
1357069
1352727
1342779
1342506
1354304
1343192
1342504
1353221
1392697
1343155
1341786
1341155
1342778
1342777
1382413
1341148
1341776
1343193
1341778
1342507
1342501
1372706
1341785
1343156
1341140
1372701
1392698
1342245
1341153
1354305
1341150
1354387
1342246
1354492
1354308
1354302
1341793
1341136
1341788
1341780
1343191
1352725
1382416
1341142
1341139
1341774
1342771
1341156
1342770
1354307
1352726
1352728
1342505
1342772
1342503
1369779
1382417
1354493
1354388
1341794
1369777
1343190
1354494
1343159
1341787
1341773
1341147
1352729
1341791
1352723
1341141
1354303
1341772
1382414
1354385
1353957
1354300
1342773
1354386
1341159
