1323220
1324635
1323225
1311342
1562692
1322649
1314931
1323224
1328607
1314312
1311344
1307566
1325003
1311236
1300579
1310472
1324636
1322985
1328606
1301636
1867563
1569756
1322601
1316068
1322648
1560253
1301630
1301639
1301849
1307563
1311343
1311235
1307564
1566000
1325006
1310473
1326799
1300578
1322602
1562696
1301637
1310474
1301638
1325756
1310684
1301631
1311234
1324268
1314314
1324637
1328605
1562697
1311233
1313814
1314313
1316069
1560286
1322603
1867562
1325005
1316066
1307561
1323251
1314930
1323229
1322977
1324638
1321756
1324267
1867561
1311232
1328604
1308583
1301848
1316067
1326797
1324639
1328600
1313812
1322975
1310682
1322988
1328603
1311238
1562691
1860756
1307569
1307567
1319228
1562698
1308580
1307568
1328601
1301632
1867560
1325007
1311231
1310683
1316064
1308581
1322605
1325004
1322976
1323252
1323223
1310681
1301847
1313813
1562694
1562690
1323227
1560287
1326795
1311230
1316065
1562699
1328602
1310470
1326796
1300576
1324269
1301633
1300569
1326798
1310680
1323222
1566009
1322987
1569204
1569203
1313811
1301634
1562693
1323226
1308582
1310471
1322600
1314311
1307560
1300577
1314310
1311237
1307565
1328608
1323250
1562695
1301635
1323221
1313810
1323228
