1365224
1368031
1341154
1361223
1367605
1367270
1369772
1368038
1367606
1361220
1368034
1353650
1367273
1368032
1353656
1369778
1581277
1362296
1367272
1353223
1367274
1361221
1353659
1368035
1368033
1367265
1353224
1367603
1367604
1367275
1365225
1362047
1353655
1362046
1367276
1341158
1353654
1353657
1581166
1353653
1354491
1353658
1599261
1367600
1367277
1367602
1367266
1367269
1368037
1369776
1367601
1367278
1367607
1367267
1368036
1368030
1353651
1361222
1367268
1362254
1367271
1368039
1367608
1353652
1369774
1367609
1341152
1367279
