1380267
1581941
1581895
1353958
1392807
1597697
1392699
1392693
1581948
1591919
1599267
1581942
1581949
1508919
1501992
1591912
1370257
1597695
1370277
1382568
1581279
1511317
1599260
1581940
1591327
1501594
1392806
1591926
1591322
1508916
1581271
1382564
1370969
1382305
1392336
1591923
1372704
1581167
1501832
1587568
1522054
1353229
1591925
1581276
1379895
1372625
1591632
1379897
1587567
1582055
1501592
1587569
1591914
1511316
1597694
1587663
1357066
1591329
1392805
1581899
1591924
1501492
1372788
1520756
1599269
1372708
1353955
1511315
1522051
1587667
1370968
1501597
1501833
1591910
1501834
1591634
1587560
1582056
1581165
1382418
1392800
1582057
1591915
1357063
1597699
1370264
1392470
1581270
1382410
1357067
1587665
1501886
1581983
1353226
1357062
1501994
1581275
1591325
1582058
1587561
1370300
1501819
1591630
1380980
1591320
1372709
1511314
1372700
1522053
1581261
1370294
1599263
1581898
1581982
1501595
1382303
1591622
1392801
1501830
1511313
1597698
1392690
1390287
1581169
1590756
1581274
1591916
1370233
1501490
1382306
1382302
1500756
1582059
1587562
1501818
1501591
1581260
1350024
1598977
1501746
1509985
1591629
1581984
1357060
1357068
1591328
1587563
1392339
1597693
1587664
1581168
1501831
1392802
1508915
1591323
1581897
1581944
1591927
1353222
1581981
1382301
1580756
1360036
1581273
1372707
1591918
1501745
1581264
1598976
1598978
1370232
1353228
1581945
1591627
1501493
1501596
1591913
1382300
1390253
1392471
1382565
1591633
1599264
1581896
1587668
1372785
1598979
1591928
1357061
1591326
1353959
1522055
1581980
1581943
1511318
1501993
1508810
1382307
1501599
1591628
1372703
1392803
1591929
1587666
1588987
1353220
1591917
1510756
1511880
1508917
1587564
1372629
1581262
1353225
1501598
1581272
1599262
1392809
1382561
1581946
1587669
1380923
1382308
1392691
1591921
1587662
1370231
1587565
1591321
1392337
1372787
1501593
1372702
1382411
1511319
1591620
1522052
1508918
1392804
1581263
1587566
1392338
1591623
1392694
1392808
1382566
1591625
1581947
1591922
1588986
1599265
1372786
1581278
1382419
1501817
1382309
1591911
1372623
1501491
1591920
1597696
1370276
1522050
1390286
1591324
1501590
1382560
1353227
1501885
1591626
