1892805
1892471
1534486
1332665
1338064
1334641
1892698
1337756
1331898
1332666
1892806
1892470
1332661
1534485
1534487
1892338
1892801
1336061
1892692
1892699
1892336
1338063
1533819
1532360
1332664
1892807
1892693
1890253
1331897
1892339
1534488
1892800
1332660
1339299
1534480
1892337
1332286
1892808
1533817
1339298
1336060
1892694
1332663
1899819
1890286
1334640
1332669
1336076
1339297
1892695
1533818
1899817
1534482
1890287
1532397
1332287
1532363
1892809
1532362
1332667
1338060
1339295
1899818
1330253
1331894
1532399
1899816
1330286
1331848
1331895
1892696
1336077
1534481
1892803
1892697
1339252
1330287
1532364
1338062
1534484
1533815
1339253
1533816
1892804
1331896
1892802
1339254
1892691
1331849
1530756
1338061
1332668
1334642
1532398
1534483
1331847
1332662
1339296
1892690
1534489
1532361
