1357434
1510740
1397439
1510749
1373904
1357430
1587436
1507431
1376214
1378790
1527431
1508086
1507432
1587430
1507439
1589743
1517436
1587433
1510748
1527435
1510741
1357433
1397434
1357437
1378791
1508087
1597432
1517437
1527438
1500742
1527436
1517430
1357436
1357439
1510743
1357432
1517431
1587432
1597431
1507438
1587434
1580743
1378933
1507433
1587439
1527430
1376212
1390743
1370743
1397437
1510742
1527437
1508085
1397432
1590742
1397433
1507434
1597433
1357438
1378792
1587431
1597430
1376210
1378793
1517439
1590741
1517432
1397438
1373903
1397431
1397435
1397430
1507435
1527434
1587437
1520743
1517433
1397436
1587438
1510747
1373902
1500740
1517438
1590743
1507436
1508088
1507430
1527433
1508089
1517434
1373900
1357435
1500743
1378743
1500741
1597434
1587435
1507437
1357431
1351743
1350843
1527439
1517435
1376213
1527432
1373901
