1310227
1317488
1562485
1552249
1562066
1552238
1569228
1320767
1311601
1552204
1313217
1562009
1321202
1567236
1860265
1313207
1562041
1562053
1313214
1562059
1311499
1311497
1562021
1552207
1313254
1562098
1321217
1552261
1321209
1860223
1560204
1562482
1562027
1311608
1310215
1860227
1552225
1321226
1552258
1317487
1552295
1552201
1300220
1310208
1310204
1562000
1562022
1313257
1569222
1311619
1310225
1569229
1567218
1560217
1552220
1300229
1300139
1321207
1562070
1562031
1311488
1562039
1313226
1320750
1320755
1311008
1311001
1321208
1301221
1562044
1320769
1860226
1320761
1313209
1562488
1567207
1562058
1560205
1313204
1552282
1567212
1552243
1311600
1329990
1307224
1329993
1304322
1860262
1320764
1552285
1860224
1313222
1304328
1311609
1317484
1562084
1560210
1319467
1562089
1320752
1552269
1552283
1562072
1562067
1562061
1562047
1321211
1552208
1321222
1567206
1310224
1300228
1311494
1321229
1562010
1310207
1321204
1552294
1552247
1301224
1562036
1562030
1567224
1569223
1313229
1562003
1319468
1562023
1301220
1552233
1313250
1311007
1560206
1567226
1562065
1311618
1552289
1560211
1560212
1860228
1567213
1311606
1562037
1562025
1562050
1552223
1320751
1567221
1303437
1562094
1304323
1552244
1552274
1552245
1320757
1567204
1552296
1329994
1552268
1562064
1562087
1301225
1551094
1860261
1569225
1300013
1562075
1562480
1304325
1311613
1311487
1307222
1311006
1567220
1552288
1567225
1567214
1552254
1310216
1313206
1320754
1552259
1301135
1300130
1562016
1321223
1317485
1311495
1301137
1300019
1319469
1567227
1552232
1303435
1313221
1329996
1307203
1310223
1567234
1560207
1300131
1313251
1311480
1307223
1551096
1552209
1320766
1562014
1311486
1300012
1562045
1313259
1552246
1567205
1311005
1560219
1552253
1860264
1562042
1552230
1552292
1562001
1313215
1567233
1310203
1321201
1552218
1300018
1552280
1552299
1552297
1562483
1551093
1310210
1552273
1321224
1552298
1311607
1329995
1562063
1313203
1313256
1321227
1567235
1304320
1562034
1567215
1313210
1301013
1552200
1321210
1552211
1552217
1562017
1569224
1569227
1552210
1567223
1311481
1551095
1313220
1321206
1303430
1310217
1562486
1860269
1560200
1562024
1313213
1321213
1310222
1560214
1562006
1567208
1552229
1562073
1860263
1552263
1562088
1552236
1562078
1560203
1860225
1567230
1303226
1311485
1562085
1552275
1303432
1552256
1310209
1320762
1311492
1317482
1562091
1320759
1562060
1300225
1552290
1313223
1313218
1552281
1304321
1303433
1567232
1313205
1552228
1307229
1307206
1329991
1562093
1552272
1567222
1562049
1311615
1329997
1313253
1311482
1300133
1562079
1552293
1303439
1313200
1562481
1562062
1310218
1562090
1552239
1567203
1310201
1317483
1321221
1313228
1304326
1303227
1551098
1317489
1552219
1311498
1552257
1562019
1552276
1319463
1313252
1321203
1320756
1321220
1303431
1552252
1562040
1567202
1562052
1562080
1552234
1552237
1552250
1569226
1310228
1562007
1311614
1552270
1562035
1552251
1551092
1552262
1300226
1311605
1560213
1321225
1313225
1311004
1303223
1311612
1307220
1321215
1552216
1567239
1552205
1562012
1567231
1310221
1311493
1562076
1562043
1311483
1560202
1562082
1552226
1551090
1313219
1567209
1562489
1319462
1562054
1860221
1560215
1551091
1562004
1552215
1860267
1569221
1551097
1310212
1552265
1567217
1311604
1562097
1317480
1552271
1552286
1320760
1319464
1311003
1552240
1311491
1307221
1313258
1562057
1310229
1300227
1562018
1310211
1562032
1319465
1552227
1567210
1552206
1310202
1562015
1567228
1321218
1551099
1329992
1310220
1313208
1320758
1567238
1320753
1321200
1321212
1860220
1560216
1560201
1562055
1301228
1567216
1317481
1311490
1562083
1320765
1321205
1552291
1562069
1329998
1552278
1567237
1569220
1311610
1311002
1311484
1562005
1562051
1313202
1320763
1562487
1562056
1311603
1552279
1313255
1313224
1552222
1860268
1562046
1311009
1560208
1313211
1310206
1562068
1562033
1567201
1562086
1319461
1562011
1860266
1552213
1562096
1562002
1320768
1311617
1562038
1567219
1562008
1313216
1552212
1562484
1319466
1567211
1562020
1562095
1860229
1552224
1311616
1552235
1304324
1552221
1562099
1321214
1301136
1567229
1562026
1552264
1310219
1317486
1562077
1552242
1860222
1300014
1552255
1310226
1329999
1562029
1310205
1321219
1562074
1860260
1552202
1562048
1562071
1307209
1311611
1552266
1311489
1552241
1300138
1552287
1552277
1310200
1311496
1311000
1552260
1321216
1304329
1321228
1552203
1560209
1562028
1562013
1567200
1311602
1562081
1562092
1307227
1552284
1560218
1552267
1313227
1552231
1552248
1303436
1552214
1304327
1310214
