1392077
1392095
1382171
1392068
1392050
1382033
1392086
1382049
1382011
1392074
1382036
1382021
1392072
1380218
1382016
1382052
1382032
1392033
1382057
1382045
1392083
1382119
1382001
1382150
1382047
1392084
1382007
1392098
1375206
1382027
1382018
1382017
1382044
1392097
1382088
1382037
1375211
1375256
1382006
1375216
1382108
1390209
1360201
1392099
1392088
1360218
1392092
1392038
1382014
1382043
1382009
1392020
1382034
1392070
1382051
1382067
1392032
1392087
1382020
1375201
1382022
1392001
1382008
1382015
1382056
1392051
1382035
1382061
1392065
1382003
1392040
1382168
1390210
1382039
1392090
1392094
1382040
1382053
1392066
1382084
1382038
1375220
1382023
1382002
1382004
1392085
1392078
1392093
1382176
1382031
1382050
1382012
1382046
1382069
1382005
