1364213
1362210
1367205
1582217
1361211
1361219
1361216
1366213
1365219
1362205
1364204
1361209
1368202
1367212
1367206
1368203
1366206
1364210
1366200
1366209
1362201
1365216
1365204
1362206
1362217
1367201
1367207
1366211
1361213
1364211
1361206
1364203
1364202
1366214
1368205
1368214
1350207
1367211
1365205
1366208
1367200
1365217
1361210
1366203
1364209
1364219
1365207
1364216
1368204
1382026
1365214
1364200
1365202
1362208
1361212
1367210
1362214
1362219
1368201
1392031
1367218
1366216
1367208
1362207
1368206
1361208
1367216
1361215
1367209
1365206
1365201
1364218
1368212
1362209
1368215
1365203
1366218
1364208
1364201
1361200
1362215
1368207
1365212
1365215
1364217
1361205
1367217
1367215
1364207
1366212
1361214
1367219
1592202
1375213
1366205
1368200
1366219
1364214
1365209
1367203
1362202
1368219
1350204
1365208
1368210
1368208
1382159
1364215
1362203
1366201
1367202
1367214
1361202
1366215
1365213
1368217
1361217
1361207
1366202
1365218
1351621
1365200
1366210
1368209
1382013
1368211
1367204
1368218
1364212
1362211
1362212
1364206
1366207
1365210
1362218
1368216
1364205
1362204
1362200
1361201
1365211
1351622
1367213
1366204
