1582284
1382142
1502262
1512254
1522243
1350200
1510227
1382184
1590221
1382091
1375261
1351623
1522258
1582210
1375248
1522215
1571023
1522202
1582207
1500229
1375240
1502210
1382162
1382137
1522254
1582278
1382151
1522265
1512217
1351283
1512207
1351616
1582277
1375212
1382157
1502219
1512247
1382148
1375205
1582229
1522268
1520222
1582236
1370206
1582247
1582297
1592226
1502213
1382104
1582206
1571224
1351294
1392059
1375268
1512225
1392024
1592213
1512292
1502230
1502278
1571227
1582269
1512216
1382191
1502244
1375278
1590031
1590225
1382188
1582246
1392011
1360206
1382068
1512282
1392055
1582255
1382197
1375222
1382077
1382118
1582234
1382082
1382154
1375217
1510226
1380213
1880224
1502271
1502258
1880225
1582266
1351614
1522224
1351227
1502237
1582259
1502228
1512256
1592222
1512265
1522229
1580222
1510224
1382190
1582228
1520223
1500223
1392069
1350215
1375258
1582216
1512246
1522208
1370204
1582211
1522216
1580226
1382143
1582279
1512245
1382096
1375204
1382099
1382185
1382129
1590039
1590030
1522250
1502277
1512205
1382149
1392062
1380212
1375251
1382121
1590222
1512294
1582285
1502248
1582289
1351245
1582237
1350208
1522221
1351625
1502269
1350210
1502259
1502203
1502211
1390021
1392023
1382163
1510225
1351203
1522204
1512227
1502279
1351224
1512220
1382074
1512233
1380304
1382085
1500221
1882203
1382136
1390201
1522241
1502256
1502239
1382196
1882208
1880226
1522232
1351220
1382065
1582293
1571226
1390205
1582267
1502270
1512234
1380203
1590032
1571027
1350217
1360207
1590025
1571221
1582258
1582201
1502231
1382079
1382170
1375250
1880223
1360216
1382093
1502218
1512213
1592206
1392022
1350209
1351613
1502229
1522213
1351286
1522259
1502202
1392061
1351280
1382146
1390214
1520220
1375273
1375259
1351242
1590037
1502249
1370218
1375275
1382182
1510229
1571024
1590038
1522242
1590022
1500226
1370210
1512273
1382116
1502250
1512287
1512260
1512253
1522207
1392048
1392057
1520224
1351292
1580227
1370200
1522260
1351221
1351285
1380204
1502236
1512286
1512280
1350218
1522237
1512238
1512274
1502200
1502223
1592220
1512267
1382144
1592205
1380305
1571229
1382078
1375242
1360219
1880227
1500222
1512295
1592217
1582227
1370219
1382054
1592219
1375253
1382073
1590227
1351626
1382135
1351612
1382193
1582262
1582257
1380209
1350201
1351229
1582276
1512226
1375239
1351204
1382194
1382164
1582264
1351299
1502209
1522203
1500227
1390212
1882209
1512232
1382173
1380211
1512272
1360213
1510228
1571026
1880222
1375270
1351249
1510222
1502214
1360215
1582241
1382153
1522249
1590024
1592210
1880221
1380210
1502205
1360205
1522248
1351627
1512221
1512275
1882202
1522210
1360204
1382134
1382090
1522239
1500225
1382127
1502222
1582287
1502208
1582240
1351222
1582226
1512261
1571223
1590023
1580225
1392021
1512212
1512266
1512271
1375267
1522238
1582213
1582212
1382081
1351243
1522262
1502215
1351617
1512281
1592208
1582200
1512239
1520225
1502265
1571029
1502201
1502263
1351296
1374020
1590226
1375200
1522206
1582221
1512228
1582286
1522209
1351287
1382147
1351289
1512258
1512278
1582224
1382165
1522235
1502266
1382109
1382152
1590020
1512296
1512289
1380302
1375209
1392045
1382063
1351240
1582256
1582203
1522222
1351248
1382070
1375262
1382083
1522223
1351298
1382101
1582249
1502254
1380301
1510223
1590036
1500224
1390217
1520221
1522261
1392013
1512211
1580224
1590027
1375226
1592211
1512231
1582202
1382114
1880229
1512251
1380202
1392014
1582263
1350202
1582215
1392010
1592209
1390204
1380300
1582265
1382103
1582295
1582270
1510220
1375257
1522240
1360211
1382195
1522205
1392052
1590026
1380200
1382161
1592218
1382145
1582222
1880228
1502245
1512240
1375229
1502216
1512279
1592207
1582243
1571228
1882206
1590228
1351205
1380217
1382192
1351611
1512218
1512276
1512269
1502240
1375234
1582273
1351619
1360200
1512219
1375208
1382183
1571220
1522247
1502252
1502257
1382106
1592212
1582225
1582214
1390200
1382174
1512250
1375244
1502264
1512297
1382180
1522226
1375274
1390218
1522251
1512270
1382094
1502225
1392019
1582250
1502255
1502204
1512229
1370208
1590224
1382100
1522246
1512210
1522264
1582280
1382169
1522219
1522269
1590035
1520227
1522236
1582248
1522212
1351295
1351628
1375247
1510221
1512230
1502206
1382124
1582220
1380308
1375260
1512222
1375269
1582272
1380216
1382187
1582292
1360212
1351290
1882200
1502217
1882201
1512259
1360203
1380207
1382086
1375279
1375218
1390207
1375241
1512237
1582223
1392044
1502251
1351206
1375232
1592223
1350203
1351288
1512288
1590229
1375272
1375227
1880220
1392029
1882207
1582242
1580221
1522228
1375237
1392025
1522225
1382158
1522255
1375246
1351610
1571028
1360217
1512215
1382000
1382075
1382072
1590021
1512208
1582251
1375265
1522217
1502253
1502242
1382111
1592216
1382139
1360202
1522233
1382092
1382186
1512202
1512284
1512255
1512268
1522220
1582298
1582238
1375255
1582281
1512242
1512298
1512248
1582219
1382097
1382181
1351246
1512241
1571225
1392018
1512262
1580220
1582208
1502207
1512277
1502224
1392030
1512291
1351629
1592227
1370214
1512201
1571020
1590223
1351620
1350214
1520226
1392015
1390219
1520228
1522211
1382110
1502273
1380309
1375221
1582299
1582231
1522234
1592201
1522256
1522252
1380208
1582252
1590029
1592200
1382087
1502268
1375210
1582261
1502260
1590033
1382156
1380022
1382064
1360208
1582205
1522245
1502243
1582245
1351282
1522214
1351207
1502274
1382105
1592229
1375235
1592215
1512214
1592228
1350213
1882204
1582233
1590034
1592224
1582288
1375202
1382107
1375252
1512209
1512285
1502246
1500220
1522201
1351281
1375224
1512263
1351225
1582232
1502235
1512299
1375215
1375203
1582275
1522263
1392016
1375266
1382120
1382132
1582230
1582218
1375263
1502226
1582282
1512249
1350212
1592204
1502232
1392026
1522200
1512200
1375249
1382141
1382131
1382178
1512243
1375238
1512236
1571021
1502238
1520229
1522244
1582271
1382167
1582244
1522253
1382102
1571025
1392053
1502261
1382199
1582283
1392034
1582239
1582204
1382189
1350205
1390202
1582260
1592225
1590028
1392041
1375277
1582274
1392056
1390213
1351624
1382076
1582294
1522257
1882205
1502275
1571222
1351615
1522267
1360210
1580228
1360209
1351208
1512293
1351293
1502212
1502267
1522231
1582209
1382059
1582291
1392027
1351247
1582253
1382133
1522227
1522218
1351201
1351284
1370207
1512223
1512203
1382140
1571022
1500228
1380205
1390208
1582268
1522230
1592221
1350211
1375225
1502247
1502220
1502276
1390203
1522266
1382179
1512204
1502234
1582235
1512235
1512224
1380206
1375271
1502227
1502241
1382130
1512206
1512257
1380307
1392060
1512283
1380215
1582254
1382123
1351228
1512264
1512244
1512290
1582296
1502272
1502233
1351209
1382095
1392049
1592203
