1334433
1330209
1892004
1337036
1532004
1334200
1534211
1331208
1333209
1530206
1533217
1338905
1333208
1892081
1330033
1892070
1533212
1892051
1892016
1892034
1532012
1890202
1892046
1890207
1534206
1890213
1534208
1892032
1892003
1892044
1892088
1892055
1338998
1532015
1892041
1892001
1331215
1334204
1892069
1330203
1338805
1332336
1892074
1338999
1335209
1337044
1337033
1532016
1892024
1333205
1892083
1330212
1333206
1892090
1892015
1331201
1332349
1892060
1892097
1892099
1530203
1532011
1532007
1890212
1892014
1335204
1338803
1892000
1532005
1332338
1534203
1533211
1892002
1890215
1330207
1331212
1534216
1892047
1892033
1330210
1890201
1331216
1892098
1892075
1892025
1892061
1534210
1532002
1534213
1892096
1334203
1530204
1892091
1534204
1892035
1335203
1337043
1534201
1337039
1338809
1330217
1334206
1338994
1332335
1337031
1533219
1532008
1892048
1331211
1892036
1534215
1892085
1337046
1890204
1892013
1892076
1892092
1533205
1532010
1892008
1330215
1331206
1332337
1892057
1332340
1338993
1890219
1337040
1333203
1333200
1892019
1533214
1331209
1532003
1534212
1534218
1892082
1338804
1892059
1892010
1892031
1331218
1530215
1533208
1331205
1330218
1892077
1892012
1331204
1338996
1338801
1337045
1892093
1892054
1533206
1331207
1530208
1331200
1331210
1330205
1890208
1332331
1534207
1892009
1890218
1332334
1533213
1334205
1331217
1892056
1532009
1330216
1530201
1530213
1892084
1335206
1892037
1892018
1892058
1530207
1338802
1534217
1890217
1332333
1892011
1892020
1892006
1335205
1330202
1892049
1533215
1333204
1530214
1530216
1530202
1338800
1334208
1892030
1330219
1892064
1532001
1338909
1533203
1890214
1332346
1892094
1332332
1533218
1332339
1337037
1533200
1330213
1337048
1338995
1333201
1892038
1337047
1332341
1892052
1330208
1337049
1337032
1330200
1534202
1335207
1530210
1890203
1534209
1892043
1530217
1892021
1892066
1892029
1892007
1337038
1532000
1335208
1892086
1338901
1892073
1892078
1334209
1331219
1890206
1892095
1334207
1332345
1533204
1530211
1338907
1338900
1332347
1892072
1892087
1331202
1890211
1530218
1530209
1892028
1330214
1330204
1532017
1533201
1892053
1337041
1533210
1330211
1331213
1892065
1892067
1532014
1892042
1337034
1338902
1892079
1332330
1892071
1892027
1532006
1333202
1890209
1533216
1892039
1332348
1338808
1337035
1332342
1534205
1338908
1338991
1534214
1530200
1533100
1335202
1534219
1533207
1892040
1331203
1337042
1338807
1530212
1330034
1334434
1338992
1335200
1892017
1530219
1530205
1890216
1532018
1892089
1332343
1892080
1892005
1533209
1890205
1892068
1892050
1330206
1337030
1330201
1533202
1890200
1532013
1338903
1338990
1892062
1892026
1338904
1331214
1332344
1334201
1338906
1890210
1334202
1335201
1338997
1892023
1532019
1534200
1892063
1338806
1333207
1892022
1892045
