1520945
1502599
1388456
1383057
1521415
1510191
1389353
1519351
1520935
1351946
1399357
1529354
1580935
1519352
1373936
1509700
1388455
1399358
1388450
1510139
1500935
1399351
1521416
1383056
1389354
1389359
1529351
1521410
1519353
1351945
1509701
1363935
1502595
1389357
1388457
1520944
1510138
1399356
1509562
1351905
1388458
1509704
1399355
1399354
1529353
1388452
1383054
1389356
1373935
1389358
1509545
1521417
1383055
1510192
1509560
1509563
1388409
1519355
1390935
1388459
1519354
1509703
1383059
1388451
1519356
1368945
1399352
1383052
1389355
1510135
1519359
1521411
1521412
1383058
1510136
1399350
1500944
1519357
1389350
1351935
1529352
1388453
1389352
1380935
1383053
1509702
1519358
1521414
1388454
1519350
1399359
1529350
1510945
1500945
1580945
1510137
1520946
1388408
1509561
1383050
1389351
1521413
1390945
1510935
1399353
1383051
