1557655
1569745
1327228
1327227
1310715
1304729
1552617
1327224
1329745
1567453
1567452
1552619
1320499
1327229
1310021
1561605
1567458
1557654
1321745
1303488
1557450
1567450
1557652
1557456
1561692
1560745
1557451
1308729
1303489
1552614
1557457
1310725
1317420
1567451
1567456
1557653
1557452
1320493
1317425
1567309
1308547
1320492
1557458
1325745
1557659
1557453
1552613
1567459
1557650
1321265
1303745
1557454
1557658
1313526
1308720
1567307
1860845
1557651
1552615
1567308
1327225
1303485
1557657
1557459
1323745
1552612
1552610
1320745
1310745
1860748
1321747
1552616
1303486
1567457
1567454
1552611
1557455
1313525
1552618
1311745
1327226
1329866
1567455
1557656
1860745
1303487
