1511521
1507454
1587451
1511158
1511528
1387443
1587458
1357459
1378927
1511515
1589741
1511523
1589740
1511514
1521159
1500745
1387455
1507453
1511152
1397450
1586994
1376291
1378926
1511529
1527458
1390745
1370745
1509625
1511520
1527459
1387458
1587452
1511153
1590745
1527454
1387456
1357457
1521153
1580742
1387444
1507452
1586993
1378755
1509622
1521156
1597401
1589742
1587453
1380745
1387459
1511512
1351745
1521150
1511513
1580745
1397454
1376293
1521154
1387445
1387457
1397455
1521155
1511510
1387441
1509626
1597402
1527456
1587457
1387451
1387446
1511154
1527452
1397456
1507459
1587459
1521151
1511525
1397307
1587454
1397453
1521158
1527453
1527450
1509624
1511511
1387440
1397452
1587455
1511155
1587450
1597403
1378757
1527457
1587456
1509629
1580740
1510745
1507450
1586991
1378752
1521152
1511524
1507458
1597404
1511526
1378759
1397308
1376295
1511156
1511519
1378756
1387448
1586990
1376290
1521157
1387453
1597405
1580741
1360745
1509621
1507457
1586992
1378751
1387447
1378753
1397451
1507451
1387452
1509623
1527451
1511157
1509627
1511517
1387449
1527455
1397309
1397458
1378928
1507456
1511518
1597400
1520745
1509620
1378750
1378745
1378740
1397457
1589745
1511516
1511150
1511527
1387454
1511159
1507455
1387442
1509628
1376292
1511151
1511522
1378758
