1528615
1518674
1512123
1510852
1398422
1398567
1512124
1587011
1512024
1370852
1512015
1508553
1508560
1508605
1598504
1593465
1518531
1376598
1593466
1398454
1508511
1376522
1598522
1398495
1598527
1376529
1398442
1588564
1363924
1528618
1588569
1593463
1376596
1398491
1588560
1508550
1508508
1359528
1351182
1588568
1518534
1390852
1351187
1528617
1512029
1508559
1593467
1518665
1518532
1518520
1512014
1512036
1398563
1588565
1508607
1351181
1351188
1363923
1359524
1512125
1398564
1398453
1528614
1508509
1518076
1398492
1398499
1512022
1376595
1508541
1518676
1587014
1512035
1590262
1398565
1598525
1363921
1398490
1512126
1376521
1593468
1508558
1518664
1518533
1363922
1376594
1398428
1528520
1351184
1376527
1588567
1398421
1593469
1512021
1593461
1598508
1518521
1351186
1512030
1508551
1588566
1398427
1518527
1518522
1512010
1376520
1528613
1520852
1508540
1398493
1598528
1398521
1518671
1363929
1508506
1508501
1398450
1398426
1351183
1398451
1376528
1512027
1508562
1508609
1508543
1512037
1518661
1359522
1508500
1512038
1351185
1512018
1398494
1508548
1508507
1350851
1580852
1508557
1598506
1518526
1518660
1512039
1518669
1528619
1593460
1512028
1528612
1512120
1508549
1508503
1398566
1512019
1398452
1598520
1518670
1598509
1398424
1376592
1359523
1518672
1376593
1370851
1398423
1587012
1512012
1512129
1363926
1508542
1512032
1508606
1598526
1593464
1512122
1508563
1376525
1508545
1398420
1528522
1512026
1508556
1590252
1518666
1359520
1518529
1518524
1512025
1598507
1370850
1359527
1512020
1508504
1528611
1363920
1508555
1512121
1598529
1398498
1376599
1508564
1518523
1512034
1508546
1512128
1508513
1512031
1398562
1518668
1398429
1518075
1508512
1528521
1376526
1518673
1398425
1376591
1500852
1512011
1512017
1350852
1363927
1508544
1518667
1518525
1518528
1376524
1508502
1598523
1359526
1590852
1528616
1398497
1588561
1528524
1518663
1587010
1508554
1512127
1363925
1598502
1376597
1588562
1363928
1528523
1512023
1512016
1598503
1508505
1398569
1598505
1376590
1508608
1598524
1359521
1351189
1518675
1508552
1588563
1398496
1359529
1508510
1593462
1598521
1398560
1508561
1518530
1512013
1376523
1351852
1587013
1508547
1528610
1512033
1518662
