1558527
1551965
1568529
1303551
1309671
1558506
1309673
1560852
1559925
1568521
1551926
1568528
1558524
1551928
1551964
1559775
1559928
1558521
1567092
1568542
1558528
1309672
1551925
1308788
1558529
1551927
1569272
1568522
1558525
1568532
1309678
1311852
1559920
1551963
1568523
1309675
1568524
1551962
1568552
1301741
1568562
1559927
1311635
1303553
1568533
1558522
1304857
1311634
1558562
1309674
1551961
1301749
1551920
1304850
1301740
1315821
1312464
1303552
1309852
1568561
1551960
1304858
1568534
1303550
1309677
1558523
1568526
1568525
1559922
1551944
1559921
1315832
1311633
1551921
1558520
1551922
1315822
1308787
1304859
1559776
1309676
1315812
1300787
1559923
1559929
1312462
1559774
1860852
1309679
1559924
1558504
1551924
1308789
1309670
1558544
1312362
1558526
1568527
1304851
1320852
1551966
1559773
1568520
1315820
1551929
1551923
1558505
1315811
1559926
