1339852
1532952
1898563
1532971
1898422
1898423
1534852
1532999
1331072
1898428
1331443
1532982
1331230
1898522
1898425
1532932
1532988
1336866
1898564
1898494
1534861
1532911
1331235
1898495
1331049
1532962
1898565
1533952
1898429
1898426
1898521
1898424
1534864
1331042
1534869
1898493
1331441
1890852
1333962
1532921
1898520
1532912
1331048
1898561
1898566
1898492
1336862
1898427
1530852
1331442
1331440
1534868
1898526
1534865
1534862
1532972
1898567
1331041
1533862
1331234
1534867
1532992
1532902
1898420
1898498
1898560
1533852
1534866
1532951
1898569
1338512
1898499
1336852
1898491
1338552
1331233
1337960
1898525
1332962
1898490
1898421
1532922
1331231
1898568
1534860
1337852
1532942
1898497
1330852
1898496
1898524
1338519
1898562
1534863
1331232
1534850
1898523
