1596917
1388791
1370881
1519867
1375926
1588761
1519842
1588779
1590881
1519841
1596915
1592465
1357841
1357813
1589430
1501215
1508765
1388790
1596916
1375925
1519849
1528725
1581216
1592464
1597495
1398815
1592540
1357816
1508762
1589431
1508761
1581215
1592468
1519848
1591179
1591279
1597494
1398814
1360878
1508763
1357815
1519847
1398816
1589432
1519845
1519840
1501214
1398810
1508769
1589433
1592541
1501212
1508760
1357814
1519846
1592469
1501213
1592542
1508768
1398813
1398812
1589434
1592466
1375928
1357810
1508766
1588762
1370861
1519869
1519843
1388793
1501216
1528726
1508767
1357811
1375929
1390881
1592467
1519868
1388792
1596919
1375927
1588763
1589435
1519844
1398817
1357812
1508764
1589445
1398819
1596918
1588760
1597493
