1325881
1315963
1303918
1327433
1552672
1564339
1329880
1325883
1322433
1301923
1315433
1566225
1325183
1323433
1322443
1564335
1327834
1306908
1560433
1569433
1300909
1325882
1324433
1327833
1306909
1552675
1308930
1308944
1564334
1313433
1300908
1864329
1552676
1566280
1566227
1564333
1301918
1303909
1860433
1302909
1308931
1564336
1319433
1303923
1566226
1566228
1552677
1564332
1308933
1303908
1552678
1566229
1321433
1864328
1327823
1564337
1310433
1308932
1314433
1569958
1327824
1552674
1552671
1308943
1564338
1564331
1312573
1566219
1552670
1306923
1329433
1566218
1552679
1308934
1552673
1564330
1320433
