1584433
1504334
1583477
1394472
1394439
1374476
1370446
1374435
1594332
1394434
1384431
1374470
1389438
1389434
1384474
1514337
1374339
1583490
1394476
1598130
1374432
1583479
1594331
1359657
1390448
1394431
1369433
1584336
1504335
1594435
1594436
1598137
1394335
1384432
1594432
1374330
1598131
1384330
1374434
1583478
1584432
1374338
1384439
1374333
1374471
1394338
1394437
1394432
1510433
1384435
1350472
1504336
1500433
1520433
1584436
1384471
1598132
1374472
1374478
1594330
1389439
1594431
1359656
1374437
1394474
1514335
1584439
1580433
1384433
1584330
1394471
1374335
1384338
1594430
1504337
1584437
1374436
1514338
1359655
1583471
1583473
1351443
1584438
1350092
1374431
1394337
1583496
1384339
1504330
1598133
1590433
1368970
1584338
1394430
1514330
1374473
1384436
1389430
1384478
1389431
1598136
1583494
1583495
1584335
1359654
1583472
1584337
1594336
1514331
1504331
1583497
1380448
1370443
1374474
1584430
1350091
1384472
1514333
1374334
1583498
1598135
1374439
1351433
1359653
1380443
1384334
1514336
1394332
1384470
1384434
1359658
1583492
1504339
1504332
1394438
1374475
1584431
1583475
1374438
1583499
1394473
1390443
1374433
1374337
1384335
1514332
1384333
1594433
1389437
1583474
1394433
1514339
1359652
1370448
1389433
1584435
1594333
1390446
1584339
1583491
1583493
1384430
1384476
1598134
1384438
1583470
1504333
1504338
1584334
1374331
1583476
1374336
1584333
1389435
1389436
1394436
1370433
1389432
1584434
1594334
1374430
1514334
1584331
1584332
1384475
1394336
1359659
1594434
1384332
1384437
1384473
1374477
