1319425
1301962
1564123
1308225
1564128
1323897
1860422
1313412
1306547
1319412
1327412
1306540
1305004
1313018
1320412
1564122
1566322
1550420
1313005
1306546
1308120
1312412
1560420
1300937
1313019
1566323
1305005
1306548
1323680
1315425
1560492
1323681
1860412
1305006
1566324
1313006
1860420
1323898
1564124
1313008
1569892
1308121
1569412
1554129
1323899
1305007
1306549
1300936
1554127
1323683
1306542
1564129
1554273
1569890
1308122
1313016
1306541
1300938
1564125
1310412
1300939
1323682
1305009
1566325
1328412
1308124
1554272
1313009
1313017
1321412
1860492
1564126
1564127
1305000
1305001
1320423
1314972
1306543
1554128
1320422
1569422
1306544
1560980
1305008
1308226
1323412
1554271
1554275
1560412
1301964
1554274
1305002
1564121
1314788
1323817
1301960
1569891
1306545
1323684
1554276
1564120
1323818
1301961
1560422
1301963
1318800
1310422
1313015
1328420
1305003
1322412
1313007
1323819
1860980
1315412
1313425
