1508405
1584226
1394229
1504073
1388978
1584208
1599809
1594223
1508408
1594225
1384226
1388970
1580412
1512410
1500412
1584125
1524227
1584204
1584128
1524124
1584222
1599808
1389805
1384127
1584206
1384126
1516422
1504221
1524212
1512418
1374121
1584126
1516420
1360412
1594129
1524128
1512419
1514081
1584227
1514224
1584224
1524123
1594123
1399804
1514080
1384225
1524127
1508409
1504075
1584221
1504066
1384227
1360420
1599805
1399809
1388977
1524226
1594124
1374125
1590492
1594227
1524222
1504229
1524213
1584207
1370012
1394226
1599807
1390422
1524126
1384125
1374120
1399803
1374227
1504067
1504224
1384228
1374224
1394124
1504222
1504074
1584127
1584220
1394128
1508406
1514086
1514084
1374122
1584225
1594226
1512417
1389807
1524125
1524214
1394223
1584200
1594126
1584120
1512411
1524225
1594224
1512412
1524221
1389801
1374127
1390412
1516427
1594125
1594229
1359121
1374225
1524129
1380491
1399806
1394228
1384229
1599802
1508407
1388971
1512416
1359124
1389802
1359159
1394120
1399801
1514087
1584201
1390492
1599801
1380420
1504076
1514085
1594120
1584121
1374123
1374222
1394123
1388972
1512413
1516428
1351422
1524224
1504077
1390420
1359123
1504227
1524120
1524220
1394125
1516421
1370980
1514121
1351602
1389800
1359122
1594128
1399802
1384224
1370420
1508404
1512415
1360422
1508401
1516426
1584122
1380412
1394126
1394225
1374223
1524223
1388974
1370412
1514122
1351412
1388979
1380492
1584228
1514128
1594228
1514223
1388973
1394122
1504228
1504065
1350412
1584209
1384223
1599804
1399805
1516425
1504070
1384129
1359158
1508400
1504220
1370017
1514120
1374228
1504079
1504225
1384120
1389806
1384122
1524122
1594221
1510412
1584123
1514123
1514221
1370492
1514083
1514129
1394224
1594127
1394227
1584202
1590412
1384222
1512414
1514220
1508403
1394121
1360980
1350491
1374221
1399808
1504078
1504072
1504071
1384128
1599806
1584229
1359120
1504233
1524121
1350042
1594122
1504234
1524229
1384121
1584203
1524211
1399800
1508402
1374229
1384123
1394129
1594222
1370422
1374220
1516424
1389803
1590980
1594121
1380422
1384221
1388976
1599803
1524210
1514222
1584205
1374126
1516423
1524228
1514126
1360491
1584124
1584129
1504226
1384124
1514082
1584223
1504223
1514127
1504232
1514125
1599800
1374226
1514124
1594220
1384220
