1598276
1598396
1598270
1508271
1519654
1398166
1598279
1528274
1360824
1598395
1598271
1598277
1528273
1355046
1398168
1598278
1388168
1398914
1528279
1518205
1588273
1518278
1588496
1377879
1518206
1388169
1582894
1388167
1528272
1588271
1518207
1356847
1354845
1528275
1518279
1522856
1528270
1580827
1508274
1588495
1398165
1588274
1598397
1528271
1518208
1377877
1588499
1388241
1518275
1522855
1598398
1356846
1355149
1379593
1588498
1528276
1588272
1592839
1356845
1582892
1388240
1598399
1508272
1528278
1379594
1518209
1590844
1582893
1398167
1528277
1588497
1390829
1588270
1598273
1351847
1518276
1598274
1582890
1398915
1356848
1590834
1598272
1582891
1377845
1508273
1508270
1519655
1355048
1377878
1355856
1398029
1518277
1398169
1356849
1388166
1598275
1522854
1388165
