1315862
1321936
1860830
1303654
1328161
1321937
1307912
1567696
1311844
1328160
1320830
1568158
1552043
1306015
1328163
1569290
1321938
1310830
1308644
1307910
1567695
1310806
1568024
1300286
1568157
1307916
1560908
1307917
1328162
1321935
1568159
1303811
1301815
1307911
1311802
1306014
1310805
1303642
1568152
1307919
1315860
1568025
1311803
1321934
1308659
1328164
1568153
1315460
1303643
1321933
1307918
1328165
1568154
1308817
1307913
1307914
1328166
1315861
1322837
1308831
1567697
1567694
1568156
1860821
1311843
1569407
1568155
1303655
1307915
1328167
