1354837
1588197
1589292
1528308
1519605
1518307
1379597
1518304
1518301
1598401
1398272
1388275
1589293
1518198
1528247
1588307
1508208
1580830
1360828
1580849
1380828
1398278
1598300
1388270
1388276
1522825
1528307
1588304
1580848
1588308
1589294
1519607
1598402
1519606
1508207
1528246
1398247
1356812
1390908
1518309
1388277
1522826
1588199
1398270
1518196
1388271
1598304
1518306
1398249
1354835
1588309
1522820
1518140
1518250
1356813
1518197
1528300
1528309
1356815
1519608
1522827
1598443
1522846
1355089
1590846
1518141
1398277
1398241
1508209
1351837
1398244
1398242
1518303
1398912
1354836
1522828
1590836
1351838
1592828
1388279
1398243
1519609
1588140
1388278
1588196
1528303
1356814
1598442
1588417
1522822
1522829
1354834
1528304
1588300
1518308
1522847
1398273
1388273
1588479
1398025
1598303
1590826
1518300
1588418
1398240
1592829
1522821
1355087
1518305
1588478
1398024
1588195
1598400
1510819
1588415
1589290
1588419
1588301
1528301
1388272
1522824
1398246
1518195
1377844
1588305
1398913
1508205
1398274
1588302
1598403
1398279
1518302
1528305
1388274
1598302
1598404
1588306
1510818
1398245
1518199
1522823
1380083
1528302
1370098
1588198
1508206
1398248
1589291
1356863
1398271
1350803
1588416
1518251
1389041
1598301
1528306
1588141
