1504921
1517490
1394729
1374825
1384824
1514824
1584949
1584927
1502475
1394726
1514721
1384829
1503473
1384724
1593492
1367477
1504927
1504495
1512483
1504925
1524727
1502472
1374720
1384862
1394721
1374727
1584868
1374824
1504723
1394852
1384883
1394872
1384873
1504720
1584883
1374728
1373472
1514722
1514821
1384823
1584724
1584880
1517491
1584924
1503470
1384800
1504932
1594942
1594718
1584723
1374803
1384723
1520472
1394873
1584822
1514938
1378952
1584869
1584923
1384853
1384739
1514823
1512482
1584829
1584925
1584881
1351472
1504721
1366484
1384802
1580472
1592442
1503471
1504722
1372212
1517493
1512484
1504935
1384826
1504740
1374729
1384722
1384892
1374823
1584722
1514939
1514723
1524728
1514822
1504924
1504494
1504933
1394724
1504470
1584726
1384827
1384852
1584725
1517499
1372213
1524721
1384728
1584867
1524720
1584922
1370472
1584769
1504934
1384801
1584821
1584861
1584728
1504815
1584929
1584886
1504493
1517492
1512485
1384825
1584721
1394832
1517498
1350062
1514931
1502470
1374822
1504922
1374828
1584764
1384820
1584928
1514936
1517497
1351489
1504930
1584947
1510472
1584727
1524729
1503476
1584864
1504937
1514930
1384729
1504923
1366473
1394725
1584888
1584765
1524723
1504816
1504724
1584729
1594708
1584887
1584779
1394842
1394722
1373480
1584860
1374725
1594723
1374829
1584946
1502476
1500472
1374821
1514725
1367472
1504931
1375402
1360472
1584824
1512489
1514937
1384726
1514727
1504472
1584720
1504817
1380472
1502478
1374724
1504929
1584920
1384721
1584823
1524722
1514935
1375412
1514933
1504499
1374723
1584825
1584866
1594948
1394727
1584863
1504498
1390472
1374826
1378942
1514724
1384720
1517496
1373992
1512488
1384822
1378962
1514726
1504936
1374820
1370473
1502471
1384727
1584826
1503474
1517495
1514934
1514899
1502479
1590472
1504928
1502477
1374800
1514820
1584879
1584763
1512487
1584820
1514932
1394720
1503475
1512480
1584884
1584708
1374722
1384738
1504926
1384821
1584862
1394723
1380477
1517494
1594752
1394882
1504819
1504497
1584926
1374801
1384725
1504938
1374721
1394892
1373997
1374827
1584921
1518479
1514729
1503472
1592444
1584828
1512486
1514720
1384842
1524724
1584827
1524725
1584948
1384882
1502473
1512481
1374802
1384828
1514728
1524726
1384872
1378972
1384863
1504496
1504920
1502474
1374726
1584882
