1566153
1314261
1321496
1314242
1301524
1556150
1308856
1564721
1554730
1569090
1566133
1303047
1323472
1566161
1554087
1566140
1864721
1308844
1554720
1315472
1564722
1329692
1566141
1554024
1556128
1566146
1321493
1554811
1554017
1554725
1302954
1554010
1554013
1303955
1328471
1569098
1559830
1329693
1566132
1322470
1566169
1556139
1301525
1554733
1556151
1559844
1554723
1566152
1559831
1566131
1566156
1864722
1302955
1556125
1559845
1556129
1301515
1566149
1313472
1314241
1556138
1554085
1554016
1556133
1564728
1566138
1300954
1314240
1301505
1554026
1556140
1303046
1566167
1554012
1564723
1322472
1554025
1323481
1308845
1566139
1554088
1566157
1301956
1554019
1329472
1559846
1554731
1566148
1566130
1327472
1554722
1314527
1308022
1554814
1566166
1556132
1314526
1566168
1556149
1323480
1864728
1556141
1554015
1554018
1556148
1321494
1566151
1554027
1566136
1554014
1566165
1300956
1302043
1564724
1566158
1864720
1322485
1321491
1559835
1559836
1560472
1556157
1556147
1554728
1559847
1564725
1301955
1554020
1556154
1554729
1566159
1556142
1328470
1559849
1556135
1559840
1303958
1556134
1554734
1554812
1314244
1320472
1566164
1328480
1556156
1554089
1559841
1327486
1321492
1556143
1566150
1559834
1554021
1554086
1301506
1554726
1556155
1556152
1559848
1564726
1559837
1554022
1566162
1569472
1556146
1559833
1301526
1559842
1556130
1556137
1566155
1566144
1566137
1303048
1322487
1329486
1556159
1314264
1554011
1554727
1566142
1328472
1566135
1308153
1556145
1324512
1554029
1864723
1554732
1308021
1313489
1321495
1566143
1314263
1559838
1566163
1314243
1564729
1556126
1564727
1302956
1554813
1564720
1303956
1321490
1566145
1566147
1566160
1556158
1308472
1559832
1303957
1554023
1860472
1301504
1321472
1566134
1308154
1301516
1556131
1566154
1556127
1559843
1554028
1300955
1556136
1303049
1556153
1554721
1329691
1559839
1864724
1324513
1322486
1554724
1322471
1556144
1554810
